0.757068
0.757156
0.757328
0.757578
0.757902
0.758295
0.758754
0.759274
0.759851
0.760482
0.761162
0.761889
0.762658
0.763467
0.764312
0.765191
0.766100
0.767036
0.767997
0.768981
0.769983
0.771003
0.772038
0.773086
0.774144
0.775211
0.776285
0.777364
0.778446
0.779530
0.780613
0.781696
0.782776
0.783853
0.784924
0.785989
0.787047
0.788097
0.789139
0.790170
0.791191
0.792200
0.793198
0.794183
0.795155
0.796113
0.797057
0.797987
0.798902
0.799802
0.800686
0.801553
0.802404
0.803238
0.804055
0.804855
0.805638
0.806403
0.807152
0.807883
0.808597
0.809294
0.809974
0.810636
0.811282
0.811910
0.812521
0.813115
0.813692
0.814253
0.814797
0.815324
0.815836
0.816330
0.816809
0.817272
0.817719
0.818150
0.818566
0.818967
0.819352
0.819722
0.820078
0.820419
0.820745
0.821058
0.821357
0.821643
0.821916
0.822176
0.822423
0.822657
0.822879
0.823089
0.823286
0.823471
0.823644
0.823805
0.823955
0.824094
0.824221
0.824337
0.824442
0.824537
0.824621
0.824694
0.824757
0.824810
0.824853
0.824887
0.824911
0.824925
0.824930
0.824926
0.824913
0.824891
0.824860
0.824821
0.824774
0.824718
0.824655
0.824583
0.824504
0.824417
0.824322
0.824221
0.824112
0.823996
0.823873
0.823743
0.823606
0.823463
0.823314
0.823158
0.822997
0.822829
0.822655
0.822476
0.822291
0.822100
0.821904
0.821703
0.821496
0.821285
0.821068
0.820847
0.820620
0.820390
0.820154
0.819914
0.819670
0.819422
0.819169
0.818912
0.818652
0.818387
0.818119
0.817847
0.817571
0.817292
0.817009
0.816723
0.816433
0.816141
0.815845
0.815546
0.815245
0.814940
0.814632
0.814322
0.814009
0.813693
0.813375
0.813054
0.812731
0.812405
0.812077
0.811747
0.811415
0.811080
0.810744
0.810405
0.810064
0.809722
0.809377
0.809031
0.808682
0.808333
0.807981
0.807628
0.807273
0.806916
0.806558
0.806199
0.805838
0.805476
0.805112
0.804747
0.804381
0.804014
0.803645
0.803275
0.802904
0.802532
0.802159
0.801785
0.801409
0.801033
0.800656
0.800278
0.799899
0.799519
0.799138
0.798756
0.798374
0.797991
0.797607
0.797222
0.796837
0.796451
0.796064
0.795677
0.795289
0.794901
0.794512
0.794122
0.793732
0.793341
0.792950
0.792558
0.792166
0.791774
0.791381
0.790987
0.790593
0.790199
0.789804
0.789409
0.789014
0.788618
0.788222
0.787826
0.787430
0.787033
0.786636
0.786238
0.785840
0.785442
0.785044
0.784646
0.784247
0.783849
0.783450
0.783051
0.782651
0.782252
0.781852
0.781452
0.781052
0.780652
0.780252
0.779852
0.779451
0.779051
0.778650
0.778250
0.777849
0.777448
0.777047
0.776646
0.776245
0.775844
0.775443
0.775042
0.774640
0.774239
0.773838
0.773437
0.773035
0.772634
0.772233
0.771832
0.771430
0.771029
0.770628
0.770226
0.769825
0.769424
0.769023
0.768622
0.768221
0.767820
0.767419
0.767018
0.766617
0.766216
0.765815
0.765414
0.765014
0.764613
0.764213
0.763812
0.763412
0.763011
0.762611
0.762211
0.761811
0.761411
0.761011
0.760612
0.760212
0.759813
0.759413
0.759014
0.758615
0.758216
0.757817
0.757418
0.757019
0.756621
0.756222
0.755824
0.755426
0.755028
0.754630
0.754233
0.753835
0.753438
0.753040
0.752643
0.752246
0.751850
0.751453
0.751057
0.750660
0.750264
0.749868
0.749472
0.749077
0.748682
0.748286
0.747891
0.747496
0.747102
0.746707
0.746313
0.745919
0.745525
0.745132
0.744738
0.744345
0.743952
0.743559
0.743167
0.742774
0.742382
0.741990
0.741599
0.741207
0.740816
0.740425
0.740034
0.739644
0.739254
0.738864
0.738474
0.738084
0.737695
0.737306
0.736917
0.736529
0.736141
0.735753
0.735365
0.734978
0.734591
0.734204
0.733818
0.733431
0.733046
0.732660
0.732275
0.731890
0.731505
0.731120
0.730736
0.730352
0.729969
0.729586
0.729203
0.728820
0.728438
0.728056
0.727675
0.727294
0.726913
0.726532
0.726152
0.725772
0.725393
0.725014
0.724635
0.724257
0.723879
0.723501
0.723124
0.722747
0.722371
0.721994
0.721619
0.721243
0.720868
0.720494
0.720120
0.719746
0.719373
0.719000
0.718627
0.718255
0.717883
0.717512
0.717141
0.716771
0.716401
0.716031
0.715662
0.715294
0.714926
0.714558
0.714191
0.713824
0.713457
0.713092
0.712726
0.712361
0.711997
0.711633
0.711269
0.710906
0.710544
0.710182
0.709821
0.709460
0.709099
0.708739
0.708380
0.708021
0.707662
0.707305
0.706947
0.706590
0.706234
0.705878
0.705523
0.705169
0.704815
0.704461
0.704108
0.703756
0.703404
0.703053
0.702702
0.702352
0.702003
0.701654
0.701306
0.700958
0.700611
0.700265
0.699919
0.699573
0.699229
0.698885
0.698542
0.698199
0.697857
0.697515
0.697175
0.696834
0.696495
0.696156
0.695818
0.695480
0.695144
0.694807
0.694472
0.694137
0.693803
0.693470
0.693137
0.692805
0.692474
0.692143
0.691813
0.691484
0.691155
0.690828
0.690501
0.690174
0.689849
0.689524
0.689200
0.688877
0.688554
0.688232
0.687911
0.687591
0.687271
0.686953
0.686635
0.686317
0.686001
0.685686
0.685371
0.685057
0.684744
0.684431
0.684120
0.683809
0.683499
0.683190
0.682882
0.682574
0.682267
0.681962
0.681657
0.681353
0.681050
0.680747
0.680446
0.680145
0.679845
0.679547
0.679249
0.678951
0.678655
0.678360
0.678066
0.677772
0.677479
0.677188
0.676897
0.676607
0.676318
0.676030
0.675743
0.675457
0.675172
0.674888
0.674604
0.674322
0.674040
0.673760
0.673481
0.673202
0.672925
0.672648
0.672373
0.672098
0.671824
0.671552
0.671280
0.671010
0.670740
0.670472
0.670204
0.669938
0.669672
0.669408
0.669144
0.668882
0.668621
0.668360
0.668101
0.667843
0.667586
0.667330
0.667075
0.666821
0.666568
0.666316
0.666066
0.665816
0.665567
0.665320
0.665074
0.664829
0.664585
0.664342
0.664100
0.663859
0.663620
0.663381
0.663144
0.662908
0.662673
0.662439
0.662206
0.661974
0.661744
0.661515
0.661287
0.661060
0.660834
0.660609
0.660386
0.660164
0.659943
0.659723
0.659505
0.659287
0.659071
0.658856
0.658642
0.658430
0.658219
0.658009
0.657800
0.657592
0.657386
0.657181
0.656977
0.656774
0.656573
0.656373
0.656174
0.655977
0.655780
0.655585
0.655392
0.655199
0.655008
0.654818
0.654630
0.654443
0.654257
0.654072
0.653889
0.653707
0.653526
0.653347
0.653169
0.652992
0.652817
0.652643
0.652471
0.652299
0.652129
0.651961
0.651794
0.651628
0.651463
0.651300
0.651139
0.650978
0.650819
0.650662
0.650506
0.650351
0.650198
0.650046
0.649895
0.649746
0.649598
0.649452
0.649307
0.649164
0.649022
0.648881
0.648742
0.648605
0.648468
0.648334
0.648200
0.648069
0.647938
0.647809
0.647682
0.647556
0.647431
0.647308
0.647187
0.647067
0.646948
0.646831
0.646716
0.646602
0.646489
0.646378
0.646269
0.646161
0.646054
0.645949
0.645846
0.645744
0.645644
0.645545
0.645448
0.645352
0.645258
0.645165
0.645074
0.644985
0.644897
0.644811
0.644726
0.644643
0.644561
0.644481
0.644403
0.644326
0.644251
0.644177
0.644105
0.644035
0.643966
0.643899
0.643833
0.643769
0.643707
0.643646
0.643587
0.643530
0.643474
0.643420
0.643368
0.643317
0.643268
0.643220
0.643174
0.643130
0.643087
0.643047
0.643007
0.642970
0.642934
0.642900
0.642868
0.642837
0.642808
0.642780
0.642755
0.642731
0.642708
0.642688
0.642669
0.642652
0.642637
0.642623
0.642611
0.642601
0.642592
0.642586
0.642581
0.642577
0.642576
0.642576
0.642578
0.642582
0.642588
0.642595
0.642604
0.642615
0.642627
0.642642
0.642658
0.642676
0.642696
0.642717
0.642740
0.642766
0.642792
0.642821
0.642852
0.642884
0.642918
0.642954
0.642992
0.643031
0.643073
0.643116
0.643161
0.643208
0.643257
0.643307
0.643360
0.643414
0.643470
0.643528
0.643588
0.643650
0.643713
0.643778
0.643846
0.643915
0.643986
0.644059
0.644133
0.644210
0.644288
0.644369
0.644451
0.644535
0.644621
0.644709
0.644799
0.644891
0.644984
0.645080
0.645177
0.645276
0.645378
0.645481
0.645586
0.645693
0.645802
0.645913
0.646025
0.646140
0.646257
0.646375
0.646496
0.646618
0.646742
0.646869
0.646997
0.647127
0.647259
0.647393
0.647529
0.647667
0.647807
0.647949
0.648093
0.648239
0.648387
0.648537
0.648688
0.648842
0.648998
0.649155
0.649315
0.649477
0.649640
0.649806
0.649973
0.650143
0.650314
0.650488
0.650663
0.650841
0.651020
0.651202
0.651385
0.651571
0.651758
0.651948
0.652139
0.652333
0.652528
0.652726
0.652925
0.653127
0.653330
0.653536
0.653743
0.653953
0.654165
0.654378
0.654594
0.654811
0.655031
0.655253
0.655476
0.655702
0.655930
0.656160
0.656391
0.656625
0.656861
0.657099
0.657339
0.657581
0.657825
0.658070
0.658318
0.658568
0.658821
0.659075
0.659331
0.659589
0.659849
0.660111
0.660375
0.660642
0.660910
0.661180
0.661453
0.661727
0.662003
0.662282
0.662562
0.662845
0.663129
0.663416
0.663704
0.663995
0.664288
0.664582
0.664879
0.665178
0.665478
0.665781
0.666086
0.666393
0.666702
0.667012
0.667325
0.667640
0.667957
0.668276
0.668597
0.668920
0.669245
0.669572
0.669901
0.670232
0.670565
0.670900
0.671237
0.671576
0.671917
0.672259
0.672604
0.672951
0.673300
0.673651
0.674004
0.674359
0.674716
0.675075
0.675436
0.675799
0.676163
0.676530
0.676899
0.677270
0.677642
0.678017
0.678394
0.678772
0.679153
0.679535
0.679919
0.680306
0.680694
0.681084
0.681476
0.681870
0.682266
0.682664
0.683064
0.683466
0.683869
0.684275
0.684682
0.685092
0.685503
0.685916
0.686331
0.686748
0.687167
0.687587
0.688010
0.688434
0.688860
0.689288
0.689718
0.690150
0.690584
0.691019
0.691456
0.691896
0.692336
0.692779
0.693224
0.693670
0.694118
0.694568
0.695020
0.695473
0.695929
0.696386
0.696844
0.697305
0.697767
0.698231
0.698697
0.699164
0.699634
0.700105
0.700577
0.701052
0.701528
0.702005
0.702485
0.702966
0.703449
0.703933
0.704419
0.704907
0.705397
0.705888
0.706380
0.706874
0.707370
0.707868
0.708367
0.708868
0.709370
0.709874
0.710379
0.710886
0.711394
0.711904
0.712416
0.712929
0.713444
0.713960
0.714477
0.714996
0.715517
0.716039
0.716562
0.717087
0.717614
0.718141
0.718671
0.719201
0.719733
0.720267
0.720802
0.721338
0.721875
0.722414
0.722954
0.723496
0.724039
0.724583
0.725129
0.725675
0.726223
0.726773
0.727323
0.727875
0.728428
0.728983
0.729538
0.730095
0.730653
0.731212
0.731772
0.732334
0.732896
0.733460
0.734025
0.734591
0.735158
0.735726
0.736295
0.736866
0.737437
0.738010
0.738583
0.739158
0.739733
0.740310
0.740887
0.741466
0.742045
0.742625
0.743207
0.743789
0.744372
0.744956
0.745541
0.746127
0.746713
0.747301
0.747889
0.748478
0.749068
0.749659
0.750250
0.750842
0.751435
0.752029
0.752624
0.753219
0.753815
0.754411
0.755008
0.755606
0.756205
0.756804
0.757404
0.758004
0.758605
0.759206
0.759809
0.760411
0.761014
0.761618
0.762222
0.762827
0.763432
0.764038
0.764644
0.765250
0.765857
0.766464
0.767072
0.767680
0.768288
0.768897
0.769506
0.770116
0.770725
0.771335
0.771946
0.772556
0.773167
0.773778
0.774389
0.775001
0.775612
0.776224
0.776836
0.777448
0.778060
0.778672
0.779285
0.779897
0.780510
0.781122
0.781735
0.782347
0.782960
0.783573
0.784185
0.784798
0.785410
0.786023
0.786635
0.787247
0.787859
0.788471
0.789083
0.789695
0.790306
0.790917
0.791529
0.792139
0.792750
0.793360
0.793971
0.794581
0.795190
0.795799
0.796408
0.797017
0.797625
0.798233
0.798841
0.799448
0.800054
0.800661
0.801266
0.801872
0.802477
0.803081
0.803685
0.804288
0.804891
0.805494
0.806096
0.806697
0.807297
0.807897
0.808497
0.809096
0.809694
0.810291
0.810888
0.811484
0.812080
0.812675
0.813269
0.813862
0.814455
0.815047
0.815638
0.816228
0.816817
0.817406
0.817994
0.818581
0.819167
0.819752
0.820336
0.820920
0.821502
0.822084
0.822665
0.823244
0.823823
0.824401
0.824978
0.825554
0.826129
0.826702
0.827275
0.827847
0.828418
0.828987
0.829556
0.830123
0.830689
0.831255
0.831819
0.832382
0.832944
0.833504
0.834064
0.834622
0.835179
0.835735
0.836290
0.836843
0.837395
0.837946
0.838496
0.839044
0.839592
0.840137
0.840682
0.841225
0.841767
0.842308
0.842847
0.843385
0.843921
0.844457
0.844990
0.845523
0.846054
0.846583
0.847112
0.847638
0.848164
0.848688
0.849210
0.849731
0.850250
0.850768
0.851285
0.851800
0.852314
0.852826
0.853336
0.853845
0.854352
0.854858
0.855363
0.855865
0.856367
0.856866
0.857364
0.857861
0.858356
0.858849
0.859341
0.859831
0.860319
0.860806
0.861291
0.861775
0.862257
0.862737
0.863216
0.863693
0.864168
0.864641
0.865113
0.865584
0.866052
0.866519
0.866984
0.867447
0.867909
0.868369
0.868827
0.869284
0.869739
0.870192
0.870643
0.871093
0.871541
0.871987
0.872431
0.872873
0.873314
0.873753
0.874191
0.874626
0.875060
0.875492
0.875922
0.876350
0.876777
0.877201
0.877624
0.878045
0.878465
0.878882
0.879298
0.879712
0.880124
0.880534
0.880943
0.881349
0.881754
0.882157
0.882558
0.882957
0.883355
0.883750
0.884144
0.884536
0.884926
0.885315
0.885701
0.886086
0.886468
0.886849
0.887228
0.887606
0.887981
0.888354
0.888726
0.889096
0.889464
0.889830
0.890194
0.890557
0.890917
0.891276
0.891633
0.891988
0.892341
0.892692
0.893042
0.893390
0.893735
0.894079
0.894421
0.894762
0.895100
0.895436
0.895771
0.896104
0.896435
0.896764
0.897092
0.897417
0.897741
0.898062
0.898382
0.898701
0.899017
0.899331
0.899644
0.899955
0.900264
0.900571
0.900876
0.901180
0.901481
0.901781
0.902079
0.902376
0.902670
0.902963
0.903254
0.903543
0.903830
0.904115
0.904399
0.904681
0.904961
0.905239
0.905515
0.905790
0.906063
0.906334
0.906603
0.906871
0.907136
0.907400
0.907663
0.907923
0.908182
0.908439
0.908694
0.908948
0.909199
0.909449
0.909697
0.909944
0.910189
0.910432
0.910673
0.910913
0.911150
0.911387
0.911621
0.911854
0.912085
0.912314
0.912542
0.912767
0.912992
0.913214
0.913435
0.913654
0.913872
0.914087
0.914302
0.914514
0.914725
0.914934
0.915142
0.915347
0.915552
0.915754
0.915955
0.916154
0.916352
0.916548
0.916743
0.916935
0.917127
0.917316
0.917504
0.917690
0.917875
0.918058
0.918240
0.918420
0.918599
0.918775
0.918951
0.919124
0.919297
0.919467
0.919636
0.919804
0.919970
0.920134
0.920297
0.920458
0.920618
0.920777
0.920933
0.921089
0.921243
0.921395
0.921546
0.921695
0.921843
0.921989
0.922134
0.922277
0.922419
0.922559
0.922698
0.922836
0.922972
0.923106
0.923240
0.923371
0.923502
0.923630
0.923758
0.923884
0.924008
0.924132
0.924253
0.924374
0.924493
0.924610
0.924726
0.924841
0.924954
0.925066
0.925177
0.925286
0.925394
0.925501
0.925606
0.925710
0.925812
0.925914
0.926013
0.926112
0.926209
0.926305
0.926399
0.926493
0.926585
0.926675
0.926764
0.926852
0.926939
0.927025
0.927109
0.927192
0.927273
0.927354
0.927433
0.927510
0.927587
0.927662
0.927736
0.927809
0.927881
0.927951
0.928020
0.928088
0.928155
0.928220
0.928284
0.928347
0.928409
0.928470
0.928529
0.928588
0.928645
0.928700
0.928755
0.928809
0.928861
0.928912
0.928962
0.929011
0.929059
0.929105
0.929151
0.929195
0.929238
0.929280
0.929321
0.929361
0.929399
0.929437
0.929473
0.929509
0.929543
0.929576
0.929608
0.929639
0.929669
0.929697
0.929725
0.929752
0.929777
0.929802
0.929825
0.929847
0.929869
0.929889
0.929908
0.929926
0.929943
0.929959
0.929974
0.929988
0.930001
0.930013
0.930024
0.930033
0.930042
0.930050
0.930057
0.930063
0.930068
0.930071
0.930074
0.930076
0.930077
0.930077
0.930076
0.930074
0.930071
0.930067
0.930062
0.930056
0.930049
0.930041
0.930032
0.930022
0.930011
0.930000
0.929987
0.929974
0.929959
0.929944
0.929927
0.929910
0.929892
0.929873
0.929853
0.929832
0.929810
0.929787
0.929764
0.929739
0.929714
0.929687
0.929660
0.929632
0.929603
0.929573
0.929542
0.929511
0.929478
0.929445
0.929411
0.929375
0.929339
0.929303
0.929265
0.929226
0.929187
0.929147
0.929106
0.929064
0.929021
0.928977
0.928933
0.928887
0.928841
0.928794
0.928746
0.928698
0.928648
0.928598
0.928547
0.928495
0.928442
0.928389
0.928334
0.928279
0.928223
0.928166
0.928109
0.928050
0.927991
0.927931
0.927870
0.927809
0.927747
0.927683
0.927620
0.927555
0.927489
0.927423
0.927356
0.927288
0.927220
0.927150
0.927080
0.927009
0.926938
0.926865
0.926792
0.926718
0.926644
0.926568
0.926492
0.926415
0.926337
0.926259
0.926180
0.926100
0.926019
0.925938
0.925856
0.925773
0.925689
0.925605
0.925520
0.925434
0.925347
0.925260
0.925172
0.925083
0.924994
0.924904
0.924813
0.924721
0.924629
0.924536
0.924442
0.924347
0.924252
0.924156
0.924060
0.923962
0.923864
0.923765
0.923666
0.923566
0.923465
0.923363
0.923261
0.923158
0.923054
0.922950
0.922845
0.922739
0.922633
0.922525
0.922418
0.922309
0.922200
0.922090
0.921979
0.921868
0.921756
0.921643
0.921530
0.921416
0.921301
0.921186
0.921070
0.920953
0.920836
0.920718
0.920599
0.920479
0.920359
0.920238
0.920117
0.919995
0.919872
0.919748
0.919624
0.919499
0.919374
0.919248
0.919121
0.918993
0.918865
0.918736
0.918607
0.918477
0.918346
0.918214
0.918082
0.917949
0.917816
0.917682
0.917547
0.917411
0.917275
0.917138
0.917001
0.916863
0.916724
0.916585
0.916445
0.916304
0.916163
0.916020
0.915878
0.915734
0.915590
0.915446
0.915301
0.915155
0.915008
0.914861
0.914713
0.914564
0.914415
0.914265
0.914115
0.913964
0.913812
0.913659
0.913506
0.913353
0.913198
0.913043
0.912888
0.912731
0.912574
0.912417
0.912258
0.912099
0.911940
0.911780
0.911619
0.911457
0.911295
0.911133
0.910969
0.910805
0.910640
0.910475
0.910309
0.910142
0.909975
0.909807
0.909639
0.909470
0.909300
0.909129
0.908958
0.908786
0.908614
0.908441
0.908267
0.908093
0.907918
0.907743
0.907566
0.907389
0.907212
0.907034
0.906855
0.906676
0.906496
0.906315
0.906134
0.905952
0.905769
0.905586
0.905402
0.905217
0.905032
0.904846
0.904660
0.904473
0.904285
0.904097
0.903908
0.903718
0.903528
0.903337
0.903145
0.902953
0.902760
0.902567
0.902373
0.902178
0.901983
0.901787
0.901590
0.901393
0.901195
0.900996
0.900797
0.900597
0.900397
0.900195
0.899994
0.899791
0.899588
0.899385
0.899180
0.898975
0.898770
0.898564
0.898357
0.898149
0.897941
0.897732
0.897523
0.897313
0.897102
0.896891
0.896679
0.896467
0.896253
0.896040
0.895825
0.895610
0.895394
0.895178
0.894961
0.894743
0.894525
0.894306
0.894086
0.893866
0.893645
0.893424
0.893202
0.892979
0.892756
0.892532
0.892307
0.892082
0.891856
0.891629
0.891402
0.891174
0.890946
0.890717
0.890487
0.890256
0.890025
0.889794
0.889561
0.889329
0.889095
0.888861
0.888626
0.888391
0.888155
0.887918
0.887680
0.887443
0.887204
0.886965
0.886725
0.886484
0.886243
0.886001
0.885759
0.885516
0.885272
0.885028
0.884783
0.884537
0.884291
0.884044
0.883797
0.883549
0.883300
0.883051
0.882801
0.882550
0.882299
0.882047
0.881795
0.881542
0.881288
0.881033
0.880778
0.880523
0.880266
0.880010
0.879752
0.879494
0.879235
0.878976
0.878716
0.878455
0.878194
0.877932
0.877669
0.877406
0.877143
0.876878
0.876613
0.876348
0.876081
0.875814
0.875547
0.875279
0.875010
0.874741
0.874471
0.874200
0.873929
0.873657
0.873385
0.873111
0.872838
0.872563
0.872289
0.872013
0.871737
0.871460
0.871183
0.870905
0.870626
0.870347
0.870067
0.869787
0.869506
0.869224
0.868942
0.868659
0.868375
0.868091
0.867806
0.867521
0.867235
0.866949
0.866662
0.866374
0.866085
0.865796
0.865507
0.865217
0.864926
0.864635
0.864343
0.864050
0.863757
0.863463
0.863169
0.862874
0.862578
0.862282
0.861986
0.861688
0.861390
0.861092
0.860793
0.860493
0.860193
0.859892
0.859590
0.859288
0.858986
0.858682
0.858379
0.858074
0.857769
0.857464
0.857158
0.856851
0.856544
0.856236
0.855927
0.855618
0.855309
0.854999
0.854688
0.854376
0.854065
0.853752
0.853439
0.853125
0.852811
0.852497
0.852181
0.851865
0.851549
0.851232
0.850914
0.850596
0.850278
0.849958
0.849639
0.849318
0.848997
0.848676
0.848354
0.848031
0.847708
0.847385
0.847060
0.846736
0.846410
0.846084
0.845758
0.845431
0.845104
0.844776
0.844447
0.844118
0.843788
0.843458
0.843128
0.842796
0.842465
0.842132
0.841800
0.841466
0.841132
0.840798
0.840463
0.840128
0.839792
0.839455
0.839118
0.838781
0.838443
0.838104
0.837765
0.837426
0.837086
0.836745
0.836404
0.836063
0.835721
0.835378
0.835035
0.834691
0.834347
0.834003
0.833658
0.833312
0.832966
0.832620
0.832273
0.831925
0.831577
0.831229
0.830880
0.830531
0.830181
0.829831
0.829480
0.829129
0.828777
0.828425
0.828072
0.827719
0.827365
0.827011
0.826657
0.826302
0.825946
0.825590
0.825234
0.824877
0.824520
0.824162
0.823804
0.823446
0.823087
0.822727
0.822367
0.822007
0.821646
0.821285
0.820924
0.820562
0.820199
0.819836
0.819473
0.819109
0.818745
0.818381
0.818016
0.817651
0.817285
0.816919
0.816552
0.816185
0.815818
0.815450
0.815082
0.814713
0.814345
0.813975
0.813606
0.813235
0.812865
0.812494
0.812123
0.811751
0.811379
0.811007
0.810634
0.810261
0.809888
0.809514
0.809140
0.808765
0.808391
0.808015
0.807640
0.807264
0.806888
0.806511
0.806134
0.805757
0.805379
0.805001
0.804623
0.804245
0.803866
0.803486
0.803107
0.802727
0.802347
0.801966
0.801586
0.801204
0.800823
0.800441
0.800059
0.799677
0.799294
0.798911
0.798528
0.798145
0.797761
0.797377
0.796993
0.796608
0.796223
0.795838
0.795453
0.795067
0.794681
0.794295
0.793908
0.793522
0.793135
0.792747
0.792360
0.791972
0.791584
0.791196
0.790808
0.790419
0.790030
0.789641
0.789252
0.788862
0.788472
0.788083
0.787692
0.787302
0.786911
0.786521
0.786130
0.785738
0.785347
0.784955
0.784564
0.784172
0.783779
0.783387
0.782995
0.782602
0.782209
0.781816
0.781423
0.781030
0.780636
0.780242
0.779849
0.779455
0.779061
0.778666
0.778272
0.777877
0.777483
0.777088
0.776693
0.776298
0.775903
0.775508
0.775112
0.774717
0.774321
0.773925
0.773530
0.773134
0.772738
0.772342
0.771945
0.771549
0.771153
0.770756
0.770360
0.769963
0.769567
0.769170
0.768773
0.768376
0.767979
0.767582
0.767185
0.766788
0.766391
0.765994
0.765597
0.765200
0.764803
0.764405
0.764008
0.763611
0.763214
0.762816
0.762419
0.762022
0.761624
0.761227
0.760830
0.760432
0.760035
0.759638
0.759241
0.758843
0.758446
0.758049
0.757652
0.757255
0.756858
0.756461
0.756064
0.755667
0.755270
0.754873
0.754476
0.754080
0.753683
0.753287
0.752890
0.752494
0.752097
0.751701
0.751305
0.750909
0.750513
0.750117
0.749722
0.749326
0.748931
0.748535
0.748140
0.747745
0.747350
0.746955
0.746560
0.746166
0.745771
0.745377
0.744983
0.744589
0.744195
0.743802
0.743408
0.743015
0.742622
0.742229
0.741836
0.741443
0.741051
0.740659
0.740267
0.739875
0.739483
0.739092
0.738701
0.738310
0.737919
0.737528
0.737138
0.736748
0.736358
0.735968
0.735579
0.735190
0.734801
0.734412
0.734024
0.733636
0.733248
0.732861
0.732473
0.732086
0.731700
0.731313
0.730927
0.730541
0.730156
0.729770
0.729385
0.729001
0.728616
0.728232
0.727849
0.727465
0.727082
0.726700
0.726317
0.725935
0.725554
0.725172
0.724791
0.724411
0.724031
0.723651
0.723271
0.722892
0.722513
0.722135
0.721757
0.721379
0.721002
0.720625
0.720249
0.719873
0.719497
0.719122
0.718747
0.718373
0.717999
0.717626
0.717253
0.716880
0.716508
0.716136
0.715765
0.715394
0.715024
0.714654
0.714284
0.713915
0.713547
0.713179
0.712811
0.712444
0.712078
0.711712
0.711346
0.710981
0.710617
0.710253
0.709889
0.709526
0.709164
0.708802
0.708440
0.708079
0.707719
0.707359
0.707000
0.706641
0.706283
0.705926
0.705569
0.705212
0.704857
0.704501
0.704147
0.703792
0.703439
0.703086
0.702734
0.702382
0.702031
0.701680
0.701331
0.700981
0.700633
0.700285
0.699937
0.699591
0.699244
0.698899
0.698554
0.698210
0.697867
0.697524
0.697182
0.696840
0.696499
0.696159
0.695820
0.695481
0.695143
0.694805
0.694469
0.694133
0.693797
0.693463
0.693129
0.692796
0.692463
0.692132
0.691801
0.691470
0.691141
0.690812
0.690484
0.690157
0.689830
0.689505
0.689180
0.688855
0.688532
0.688209
0.687887
0.687566
0.687246
0.686927
0.686608
0.686290
0.685973
0.685657
0.685341
0.685026
0.684713
0.684400
0.684087
0.683776
0.683466
0.683156
0.682847
0.682539
0.682232
0.681926
0.681620
0.681316
0.681012
0.680710
0.680408
0.680107
0.679807
0.679507
0.679209
0.678912
0.678615
0.678320
0.678025
0.677731
0.677438
0.677146
0.676855
0.676565
0.676276
0.675988
0.675701
0.675414
0.675129
0.674845
0.674561
0.674279
0.673997
0.673717
0.673437
0.673159
0.672881
0.672605
0.672329
0.672055
0.671781
0.671509
0.671237
0.670966
0.670697
0.670428
0.670161
0.669895
0.669629
0.669365
0.669102
0.668839
0.668578
0.668318
0.668059
0.667801
0.667544
0.667288
0.667033
0.666780
0.666527
0.666275
0.666025
0.665776
0.665527
0.665280
0.665034
0.664789
0.664545
0.664303
0.664061
0.663821
0.663581
0.663343
0.663106
0.662870
0.662636
0.662402
0.662170
0.661938
0.661708
0.661479
0.661252
0.661025
0.660800
0.660575
0.660352
0.660131
0.659910
0.659691
0.659472
0.659255
0.659040
0.658825
0.658612
0.658399
0.658189
0.657979
0.657770
0.657563
0.657357
0.657153
0.656949
0.656747
0.656546
0.656346
0.656148
0.655951
0.655755
0.655560
0.655367
0.655175
0.654984
0.654795
0.654607
0.654420
0.654234
0.654050
0.653867
0.653686
0.653506
0.653327
0.653149
0.652973
0.652798
0.652624
0.652452
0.652281
0.652112
0.651944
0.651777
0.651611
0.651447
0.651285
0.651123
0.650963
0.650805
0.650648
0.650492
0.650338
0.650185
0.650033
0.649883
0.649734
0.649587
0.649441
0.649296
0.649153
0.649012
0.648871
0.648733
0.648595
0.648460
0.648325
0.648192
0.648061
0.647931
0.647802
0.647675
0.647549
0.647425
0.647302
0.647181
0.647061
0.646943
0.646826
0.646711
0.646597
0.646485
0.646374
0.646265
0.646158
0.646051
0.645947
0.645844
0.645742
0.645642
0.645543
0.645446
0.645351
0.645257
0.645165
0.645074
0.644985
0.644897
0.644811
0.644727
0.644644
0.644562
0.644483
0.644404
0.644328
0.644253
0.644179
0.644108
0.644037
0.643969
0.643902
0.643836
0.643773
0.643711
0.643650
0.643591
0.643534
0.643478
0.643424
0.643372
0.643321
0.643272
0.643225
0.643179
0.643135
0.643093
0.643052
0.643013
0.642976
0.642940
0.642906
0.642874
0.642843
0.642814
0.642787
0.642761
0.642737
0.642715
0.642695
0.642676
0.642659
0.642644
0.642630
0.642618
0.642608
0.642600
0.642593
0.642588
0.642585
0.642584
0.642584
0.642586
0.642590
0.642596
0.642603
0.642612
0.642623
0.642636
0.642650
0.642666
0.642684
0.642704
0.642725
0.642749
0.642774
0.642801
0.642830
0.642860
0.642892
0.642927
0.642963
0.643000
0.643040
0.643081
0.643125
0.643170
0.643216
0.643265
0.643316
0.643368
0.643422
0.643478
0.643536
0.643596
0.643658
0.643721
0.643787
0.643854
0.643923
0.643994
0.644067
0.644141
0.644218
0.644296
0.644377
0.644459
0.644543
0.644629
0.644717
0.644807
0.644898
0.644992
0.645087
0.645185
0.645284
0.645385
0.645488
0.645593
0.645700
0.645809
0.645920
0.646032
0.646147
0.646264
0.646382
0.646503
0.646625
0.646749
0.646875
0.647004
0.647134
0.647266
0.647400
0.647536
0.647674
0.647814
0.647955
0.648099
0.648245
0.648393
0.648542
0.648694
0.648848
0.649003
0.649161
0.649320
0.649482
0.649645
0.649811
0.649978
0.650148
0.650319
0.650493
0.650668
0.650846
0.651025
0.651206
0.651390
0.651575
0.651763
0.651952
0.652143
0.652337
0.652532
0.652730
0.652929
0.653131
0.653334
0.653539
0.653747
0.653956
0.654168
0.654381
0.654597
0.654815
0.655034
0.655256
0.655479
0.655705
0.655933
0.656162
0.656394
0.656628
0.656863
0.657101
0.657341
0.657583
0.657827
0.658073
0.658320
0.658570
0.658822
0.659076
0.659332
0.659590
0.659851
0.660113
0.660377
0.660643
0.660911
0.661181
0.661454
0.661728
0.662004
0.662283
0.662563
0.662846
0.663130
0.663417
0.663705
0.663996
0.664288
0.664583
0.664879
0.665178
0.665479
0.665781
0.666086
0.666393
0.666702
0.667012
0.667325
0.667640
0.667957
0.668276
0.668597
0.668919
0.669244
0.669571
0.669900
0.670231
0.670564
0.670899
0.671236
0.671575
0.671916
0.672259
0.672604
0.672950
0.673299
0.673650
0.674003
0.674358
0.674715
0.675074
0.675435
0.675797
0.676162
0.676529
0.676898
0.677268
0.677641
0.678015
0.678392
0.678770
0.679151
0.679533
0.679918
0.680304
0.680692
0.681082
0.681474
0.681868
0.682264
0.682662
0.683062
0.683464
0.683867
0.684273
0.684680
0.685090
0.685501
0.685914
0.686329
0.686746
0.687164
0.687585
0.688008
0.688432
0.688858
0.689286
0.689716
0.690148
0.690581
0.691017
0.691454
0.691893
0.692334
0.692777
0.693221
0.693668
0.694116
0.694566
0.695017
0.695471
0.695926
0.696383
0.696842
0.697302
0.697765
0.698229
0.698694
0.699162
0.699631
0.700102
0.700575
0.701049
0.701525
0.702003
0.702482
0.702963
0.703446
0.703931
0.704417
0.704905
0.705394
0.705885
0.706378
0.706872
0.707368
0.707865
0.708364
0.708865
0.709367
0.709871
0.710376
0.710883
0.711392
0.711902
0.712413
0.712927
0.713441
0.713957
0.714475
0.714994
0.715514
0.716036
0.716560
0.717085
0.717611
0.718139
0.718668
0.719199
0.719731
0.720264
0.720799
0.721335
0.721873
0.722412
0.722952
0.723494
0.724036
0.724581
0.725126
0.725673
0.726221
0.726770
0.727321
0.727873
0.728426
0.728980
0.729536
0.730093
0.730651
0.731210
0.731770
0.732332
0.732894
0.733458
0.734023
0.734589
0.735156
0.735724
0.736293
0.736864
0.737435
0.738008
0.738581
0.739156
0.739731
0.740308
0.740885
0.741464
0.742043
0.742623
0.743205
0.743787
0.744370
0.744954
0.745539
0.746125
0.746711
0.747299
0.747887
0.748476
0.749066
0.749657
0.750248
0.750841
0.751434
0.752027
0.752622
0.753217
0.753813
0.754409
0.755007
0.755605
0.756203
0.756802
0.757402
0.758002
0.758603
0.759205
0.759807
0.760410
0.761013
0.761617
0.762221
0.762825
0.763431
0.764036
0.764642
0.765249
0.765856
0.766463
0.767071
0.767679
0.768287
0.768896
0.769505
0.770114
0.770724
0.771334
0.771944
0.772555
0.773166
0.773777
0.774388
0.774999
0.775611
0.776223
0.776835
0.777447
0.778059
0.778671
0.779283
0.779896
0.780508
0.781121
0.781734
0.782346
0.782959
0.783571
0.784184
0.784797
0.785409
0.786021
0.786634
0.787246
0.787858
0.788470
0.789082
0.789694
0.790305
0.790916
0.791528
0.792139
0.792749
0.793360
0.793970
0.794580
0.795189
0.795798
0.796407
0.797016
0.797624
0.798232
0.798840
0.799447
0.800053
0.800660
0.801266
0.801871
0.802476
0.803080
0.803684
0.804288
0.804891
0.805493
0.806095
0.806696
0.807297
0.807897
0.808496
0.809095
0.809693
0.810291
0.810888
0.811484
0.812079
0.812674
0.813268
0.813861
0.814454
0.815046
0.815637
0.816227
0.816817
0.817405
0.817993
0.818580
0.819166
0.819751
0.820336
0.820919
0.821502
0.822083
0.822664
0.823244
0.823822
0.824400
0.824977
0.825553
0.826128
0.826702
0.827274
0.827846
0.828417
0.828987
0.829555
0.830122
0.830689
0.831254
0.831818
0.832381
0.832943
0.833504
0.834063
0.834621
0.835178
0.835734
0.836289
0.836842
0.837395
0.837946
0.838495
0.839044
0.839591
0.840137
0.840681
0.841225
0.841767
0.842307
0.842846
0.843384
0.843921
0.844456
0.844990
0.845522
0.846053
0.846583
0.847111
0.847638
0.848163
0.848687
0.849209
0.849730
0.850250
0.850768
0.851284
0.851799
0.852313
0.852825
0.853335
0.853844
0.854352
0.854858
0.855362
0.855865
0.856366
0.856866
0.857364
0.857860
0.858355
0.858848
0.859340
0.859830
0.860319
0.860806
0.861291
0.861774
0.862256
0.862736
0.863215
0.863692
0.864167
0.864641
0.865113
0.865583
0.866051
0.866518
0.866983
0.867447
0.867909
0.868369
0.868827
0.869283
0.869738
0.870191
0.870642
0.871092
0.871540
0.871986
0.872430
0.872873
0.873314
0.873753
0.874190
0.874625
0.875059
0.875491
0.875921
0.876349
0.876776
0.877201
0.877624
0.878045
0.878464
0.878882
0.879297
0.879711
0.880123
0.880533
0.880942
0.881349
0.881753
0.882156
0.882557
0.882957
0.883354
0.883750
0.884144
0.884536
0.884926
0.885314
0.885700
0.886085
0.886468
0.886849
0.887228
0.887605
0.887980
0.888354
0.888726
0.889095
0.889463
0.889829
0.890194
0.890556
0.890917
0.891275
0.891632
0.891987
0.892341
0.892692
0.893041
0.893389
0.893735
0.894079
0.894421
0.894761
0.895099
0.895436
0.895771
0.896103
0.896434
0.896764
0.897091
0.897416
0.897740
0.898062
0.898382
0.898700
0.899016
0.899331
0.899643
0.899954
0.900263
0.900570
0.900876
0.901179
0.901481
0.901781
0.902079
0.902375
0.902670
0.902962
0.903253
0.903542
0.903829
0.904115
0.904398
0.904680
0.904960
0.905238
0.905515
0.905789
0.906062
0.906333
0.906603
0.906870
0.907136
0.907400
0.907662
0.907923
0.908181
0.908438
0.908694
0.908947
0.909199
0.909449
0.909697
0.909943
0.910188
0.910431
0.910673
0.910912
0.911150
0.911386
0.911621
0.911853
0.912084
0.912314
0.912541
0.912767
0.912991
0.913214
0.913435
0.913654
0.913871
0.914087
0.914301
0.914514
0.914725
0.914934
0.915141
0.915347
0.915551
0.915754
0.915955
0.916154
0.916352
0.916548
0.916742
0.916935
0.917126
0.917316
0.917504
0.917690
0.917875
0.918058
0.918240
0.918420
0.918598
0.918775
0.918950
0.919124
0.919296
0.919467
0.919636
0.919804
0.919969
0.920134
0.920297
0.920458
0.920618
0.920776
0.920933
0.921088
0.921242
0.921395
0.921545
0.921695
0.921842
0.921989
0.922134
0.922277
0.922419
0.922559
0.922698
0.922836
0.922972
0.923106
0.923239
0.923371
0.923501
0.923630
0.923758
0.923884
0.924008
0.924131
0.924253
0.924373
0.924492
0.924610
0.924726
0.924841
0.924954
0.925066
0.925177
0.925286
0.925394
0.925501
0.925606
0.925710
0.925812
0.925913
0.926013
0.926112
0.926209
0.926305
0.926399
0.926492
0.926584
0.926675
0.926764
0.926852
0.926939
0.927024
0.927109
0.927191
0.927273
0.927353
0.927432
0.927510
0.927587
0.927662
0.927736
0.927809
0.927881
0.927951
0.928020
0.928088
0.928155
0.928220
0.928284
0.928347
0.928409
0.928470
0.928529
0.928587
0.928644
0.928700
0.928755
0.928809
0.928861
0.928912
0.928962
0.929011
0.929059
0.929105
0.929151
0.929195
0.929238
0.929280
0.929321
0.929361
0.929399
0.929437
0.929473
0.929509
0.929543
0.929576
0.929608
0.929639
0.929669
0.929697
0.929725
0.929752
0.929777
0.929802
0.929825
0.929847
0.929869
0.929889
0.929908
0.929926
0.929943
0.929959
0.929974
0.929988
0.930001
0.930013
0.930024
0.930033
0.930042
0.930050
0.930057
0.930063
0.930068
0.930071
0.930074
0.930076
0.930077
0.930077
0.930076
0.930074
0.930071
0.930067
0.930062
0.930056
0.930049
0.930041
0.930032
0.930022
0.930011
0.930000
0.929987
0.929974
0.929959
0.929944
0.929927
0.929910
0.929892
0.929873
0.929853
0.929832
0.929810
0.929787
0.929764
0.929739
0.929714
0.929687
0.929660
0.929632
0.929603
0.929573
0.929542
0.929511
0.929478
0.929445
0.929411
0.929376
0.929340
0.929303
0.929265
0.929226
0.929187
0.929147
0.929106
0.929064
0.929021
0.928977
0.928933
0.928887
0.928841
0.928794
0.928746
0.928698
0.928648
0.928598
0.928547
0.928495
0.928442
0.928389
0.928334
0.928279
0.928223
0.928166
0.928109
0.928050
0.927991
0.927931
0.927871
0.927809
0.927747
0.927684
0.927620
0.927555
0.927490
0.927423
0.927356
0.927288
0.927220
0.927151
0.927080
0.927010
0.926938
0.926866
0.926792
0.926718
0.926644
0.926568
0.926492
0.926415
0.926338
0.926259
0.926180
0.926100
0.926019
0.925938
0.925856
0.925773
0.925689
0.925605
0.925520
0.925434
0.925347
0.925260
0.925172
0.925083
0.924994
0.924904
0.924813
0.924721
0.924629
0.924536
0.924442
0.924347
0.924252
0.924156
0.924060
0.923962
0.923864
0.923766
0.923666
0.923566
0.923465
0.923363
0.923261
0.923158
0.923054
0.922950
0.922845
0.922739
0.922633
0.922526
0.922418
0.922309
0.922200
0.922090
0.921980
0.921868
0.921756
0.921644
0.921530
0.921416
0.921301
0.921186
0.921070
0.920953
0.920836
0.920718
0.920599
0.920479
0.920359
0.920239
0.920117
0.919995
0.919872
0.919749
0.919624
0.919500
0.919374
0.919248
0.919121
0.918993
0.918865
0.918736
0.918607
0.918477
0.918346
0.918214
0.918082
0.917949
0.917816
0.917682
0.917547
0.917412
0.917275
0.917139
0.917001
0.916863
0.916724
0.916585
0.916445
0.916304
0.916163
0.916021
0.915878
0.915735
0.915591
0.915446
0.915301
0.915155
0.915008
0.914861
0.914713
0.914565
0.914415
0.914266
0.914115
0.913964
0.913812
0.913660
0.913507
0.913353
0.913198
0.913043
0.912888
0.912731
0.912574
0.912417
0.912259
0.912100
0.911940
0.911780
0.911619
0.911458
0.911296
0.911133
0.910969
0.910805
0.910641
0.910475
0.910309
0.910143
0.909976
0.909808
0.909639
0.909470
0.909300
0.909130
0.908959
0.908787
0.908614
0.908441
0.908268
0.908093
0.907918
0.907743
0.907567
0.907390
0.907212
0.907034
0.906855
0.906676
0.906496
0.906315
0.906134
0.905952
0.905769
0.905586
0.905402
0.905218
0.905032
0.904847
0.904660
0.904473
0.904285
0.904097
0.903908
0.903718
0.903528
0.903337
0.903146
0.902953
0.902761
0.902567
0.902373
0.902178
0.901983
0.901787
0.901590
0.901393
0.901195
0.900996
0.900797
0.900597
0.900397
0.900196
0.899994
0.899792
0.899589
0.899385
0.899181
0.898976
0.898770
0.898564
0.898357
0.898150
0.897942
0.897733
0.897523
0.897313
0.897103
0.896891
0.896680
0.896467
0.896254
0.896040
0.895825
0.895610
0.895395
0.895178
0.894961
0.894743
0.894525
0.894306
0.894087
0.893866
0.893646
0.893424
0.893202
0.892979
0.892756
0.892532
0.892307
0.892082
0.891856
0.891629
0.891402
0.891174
0.890946
0.890717
0.890487
0.890257
0.890026
0.889794
0.889562
0.889329
0.889095
0.888861
0.888626
0.888391
0.888155
0.887918
0.887681
0.887443
0.887204
0.886965
0.886725
0.886485
0.886244
0.886002
0.885759
0.885516
0.885273
0.885028
0.884783
0.884538
0.884292
0.884045
0.883797
0.883549
0.883301
0.883051
0.882801
0.882551
0.882299
0.882048
0.881795
0.881542
0.881288
0.881034
0.880779
0.880523
0.880267
0.880010
0.879753
0.879494
0.879236
0.878976
0.878716
0.878456
0.878194
0.877932
0.877670
0.877407
0.877143
0.876879
0.876614
0.876348
0.876082
0.875815
0.875547
0.875279
0.875010
0.874741
0.874471
0.874201
0.873929
0.873657
0.873385
0.873112
0.872838
0.872564
0.872289
0.872014
0.871737
0.871461
0.871183
0.870905
0.870627
0.870347
0.871200
0.870913
0.870624
0.870332
0.870038
0.869742
0.869444
0.869144
0.868843
0.868539
0.868234
0.867927
0.867619
0.867310
0.866999
0.866687
0.866373
0.866058
0.865742
0.865425
0.865107
0.864788
0.864468
0.864147
0.863825
0.863502
0.863178
0.862853
0.862527
0.862201
0.861874
0.861546
0.861217
0.860888
0.860557
0.860227
0.859895
0.859563
0.859230
0.858897
0.858563
0.858228
0.857893
0.857557
0.857221
0.856884
0.856547
0.856209
0.855871
0.855532
0.855193
0.854853
0.854513
0.854172
0.853831
0.853489
0.853147
0.852805
0.852462
0.852119
0.851776
0.851432
0.851087
0.850743
0.850398
0.850052
0.849707
0.849361
0.849014
0.848668
0.848321
0.847973
0.847626
0.847278
0.846929
0.846581
0.846232
0.845883
0.845533
0.845184
0.844834
0.844483
0.844133
0.843782
0.843431
0.843080
0.842728
0.842376
0.842024
0.841672
0.841319
0.840966
0.840613
0.840260
0.839906
0.839552
0.839198
0.838844
0.838489
0.838134
0.837779
0.837424
0.837068
0.836713
0.836357
0.836001
0.835644
0.835287
0.834930
0.834573
0.834216
0.833858
0.833500
0.833142
0.832784
0.832426
0.832067
0.831708
0.831349
0.830989
0.830629
0.830270
0.829909
0.829549
0.829188
0.828828
0.828467
0.828105
0.827744
0.827382
0.827020
0.826658
0.826295
0.825933
0.825570
0.825206
0.824843
0.824479
0.824116
0.823751
0.823387
0.823022
0.822658
0.822293
0.821927
0.821562
0.821196
0.820830
0.820464
0.820097
0.819730
0.819363
0.818996
0.818629
0.818261
0.817893
0.817525
0.817156
0.816787
0.816418
0.816049
0.815680
0.815310
0.814940
0.814570
0.814199
0.813829
0.813458
0.813086
0.812715
0.812343
0.811971
0.811599
0.811227
0.810854
0.810481
0.810108
0.809734
0.809361
0.808987
0.808612
0.808238
0.807863
0.807488
0.807113
0.806737
0.806362
0.805986
0.805609
0.805233
0.804856
0.804479
0.804102
0.803725
0.803347
0.802969
0.802591
0.802212
0.801833
0.801454
0.801075
0.800696
0.800316
0.799936
0.799556
0.799176
0.798795
0.798414
0.798033
0.797652
0.797270
0.796888
0.796506
0.796124
0.795741
0.795359
0.794976
0.794592
0.794209
0.793825
0.793441
0.793057
0.792673
0.792288
0.791904
0.791519
0.791133
0.790748
0.790362
0.789977
0.789591
0.789204
0.788818
0.788431
0.788044
0.787657
0.787270
0.786882
0.786495
0.786107
0.785719
0.785331
0.784942
0.784553
0.784165
0.783776
0.783387
0.782997
0.782608
0.782218
0.781828
0.781438
0.781048
0.780657
0.780267
0.779876
0.779485
0.779094
0.778703
0.778312
0.777920
0.777529
0.777137
0.776745
0.776353
0.775961
0.775568
0.775176
0.774783
0.774391
0.773998
0.773605
0.773212
0.772819
0.772425
0.772032
0.771638
0.771245
0.770851
0.770457
0.770063
0.769669
0.769275
0.768881
0.768487
0.768092
0.767698
0.767303
0.766909
0.766514
0.766119
0.765724
0.765329
0.764934
0.764539
0.764144
0.763749
0.763354
0.762959
0.762564
0.762168
0.761773
0.761378
0.760982
0.760587
0.760192
0.759796
0.759401
0.759005
0.758610
0.758214
0.757819
0.757424
0.757028
0.756633
0.756237
0.755842
0.755446
0.755051
0.754656
0.754260
0.753865
0.753470
0.753075
0.752679
0.752284
0.751889
0.751494
0.751099
0.750704
0.750310
0.749915
0.749520
0.749126
0.748731
0.748337
0.747942
0.747548
0.747154
0.746760
0.746366
0.745972
0.745578
0.745184
0.744791
0.744397
0.744004
0.743611
0.743218
0.742825
0.742432
0.742040
0.741647
0.741255
0.740863
0.740471
0.740079
0.739687
0.739296
0.738904
0.738513
0.738122
0.737731
0.737341
0.736950
0.736560
0.736170
0.735780
0.735391
0.735001
0.734612
0.734223
0.733834
0.733446
0.733058
0.732670
0.732282
0.731894
0.731507
0.731120
0.730733
0.730347
0.729960
0.729574
0.729189
0.728803
0.728418
0.728033
0.727649
0.727264
0.726880
0.726496
0.726113
0.725730
0.725347
0.724965
0.724583
0.724201
0.723819
0.723438
0.723057
0.722677
0.722297
0.721917
0.721537
0.721158
0.720779
0.720401
0.720023
0.719646
0.719268
0.718891
0.718515
0.718139
0.717763
0.717388
0.717013
0.716639
0.716264
0.715891
0.715518
0.715145
0.714772
0.714400
0.714029
0.713658
0.713287
0.712917
0.712547
0.712178
0.711809
0.711441
0.711073
0.710706
0.710339
0.709972
0.709606
0.709241
0.708876
0.708511
0.708147
0.707784
0.707421
0.707058
0.706696
0.706335
0.705974
0.705614
0.705254
0.704895
0.704536
0.704178
0.703820
0.703463
0.703107
0.702751
0.702395
0.702040
0.701686
0.701333
0.700979
0.700627
0.700275
0.699924
0.699573
0.699223
0.698874
0.698525
0.698177
0.697829
0.697482
0.697136
0.696790
0.696445
0.696100
0.695757
0.695414
0.695071
0.694729
0.694388
0.694048
0.693708
0.693369
0.693030
0.692693
0.692356
0.692019
0.691684
0.691349
0.691014
0.690681
0.690348
0.690016
0.689685
0.689354
0.689024
0.688695
0.688366
0.688039
0.687712
0.687386
0.687060
0.686735
0.686411
0.686088
0.685766
0.685444
0.685124
0.684804
0.684484
0.684166
0.683848
0.683531
0.683215
0.682900
0.682586
0.682272
0.681959
0.681648
0.681336
0.681026
0.680717
0.680408
0.680100
0.679794
0.679488
0.679182
0.678878
0.678575
0.678272
0.677970
0.677670
0.677370
0.677071
0.676773
0.676475
0.676179
0.675884
0.675589
0.675296
0.675003
0.674711
0.674420
0.674130
0.673841
0.673553
0.673266
0.672980
0.672695
0.672411
0.672128
0.671845
0.671564
0.671284
0.671004
0.670726
0.670448
0.670172
0.669896
0.669622
0.669349
0.669076
0.668805
0.668534
0.668265
0.667997
0.667729
0.667463
0.667198
0.666933
0.666670
0.666408
0.666147
0.665887
0.665628
0.665370
0.665113
0.664857
0.664602
0.664349
0.664096
0.663844
0.663594
0.663345
0.663096
0.662849
0.662603
0.662358
0.662115
0.661872
0.661630
0.661390
0.661150
0.660912
0.660675
0.660439
0.660205
0.659971
0.659739
0.659507
0.659277
0.659048
0.658820
0.658594
0.658368
0.658144
0.657921
0.657699
0.657478
0.657259
0.657040
0.656823
0.656607
0.656392
0.656179
0.655967
0.655756
0.655546
0.655337
0.655130
0.654924
0.654719
0.654515
0.654313
0.654112
0.653912
0.653713
0.653516
0.653320
0.653125
0.652932
0.652739
0.652548
0.652359
0.652170
0.651983
0.651797
0.651613
0.651430
0.651248
0.651067
0.650888
0.650710
0.650534
0.650358
0.650185
0.650012
0.649841
0.649671
0.649502
0.649335
0.649169
0.649005
0.648842
0.648680
0.648520
0.648361
0.648203
0.648047
0.647892
0.647739
0.647587
0.647436
0.647287
0.647139
0.646993
0.646848
0.646704
0.646562
0.646421
0.646282
0.646144
0.646007
0.645872
0.645739
0.645607
0.645476
0.645347
0.645219
0.645093
0.644968
0.644845
0.644723
0.644602
0.644483
0.644366
0.644250
0.644135
0.644023
0.643911
0.643801
0.643693
0.643586
0.643480
0.643376
0.643274
0.643173
0.643074
0.642976
0.642879
0.642785
0.642692
0.642600
0.642510
0.642421
0.642334
0.642249
0.642165
0.642082
0.642002
0.641923
0.641845
0.641769
0.641694
0.641622
0.641550
0.641481
0.641413
0.641346
0.641281
0.641218
0.641156
0.641096
0.641038
0.640981
0.640926
0.640872
0.640820
0.640770
0.640721
0.640674
0.640629
0.640585
0.640543
0.640503
0.640464
0.640427
0.640392
0.640358
0.640326
0.640296
0.640267
0.640240
0.640214
0.640191
0.640169
0.640148
0.640130
0.640113
0.640098
0.640084
0.640073
0.640063
0.640054
0.640048
0.640043
0.640040
0.640038
0.640039
0.640041
0.640044
0.640050
0.640057
0.640066
0.640077
0.640090
0.640104
0.640120
0.640138
0.640157
0.640179
0.640202
0.640227
0.640253
0.640282
0.640312
0.640344
0.640378
0.640413
0.640451
0.640490
0.640531
0.640574
0.640619
0.640665
0.640713
0.640763
0.640815
0.640869
0.640924
0.640982
0.641041
0.641102
0.641165
0.641230
0.641296
0.641364
0.641435
0.641507
0.641581
0.641656
0.641734
0.641814
0.641895
0.641978
0.642063
0.642150
0.642239
0.642330
0.642422
0.642517
0.642613
0.642711
0.642811
0.642913
0.643017
0.643123
0.643231
0.643340
0.643452
0.643565
0.643680
0.643798
0.643917
0.644038
0.644161
0.644285
0.644412
0.644541
0.644671
0.644804
0.644938
0.645075
0.645213
0.645353
0.645495
0.645640
0.645786
0.645934
0.646083
0.646235
0.646389
0.646545
0.646702
0.646862
0.647024
0.647187
0.647353
0.647520
0.647690
0.647861
0.648034
0.648209
0.648387
0.648566
0.648747
0.648930
0.649115
0.649302
0.649491
0.649682
0.649875
0.650070
0.650267
0.650466
0.650667
0.650870
0.651075
0.651282
0.651490
0.651701
0.651914
0.652129
0.652345
0.652564
0.652785
0.653007
0.653232
0.653459
0.653687
0.653918
0.654151
0.654385
0.654622
0.654860
0.655101
0.655344
0.655588
0.655835
0.656083
0.656334
0.656586
0.656841
0.657097
0.657356
0.657616
0.657879
0.658143
0.658410
0.658678
0.658949
0.659221
0.659495
0.659772
0.660050
0.660331
0.660613
0.660897
0.661184
0.661472
0.661762
0.662055
0.662349
0.662645
0.662943
0.663244
0.663546
0.663850
0.664156
0.664464
0.664774
0.665086
0.665400
0.665716
0.666034
0.666354
0.666676
0.667000
0.667326
0.667654
0.667984
0.668315
0.668649
0.668985
0.669322
0.669662
0.670003
0.670347
0.670692
0.671039
0.671388
0.671740
0.672093
0.672448
0.672805
0.673164
0.673524
0.673887
0.674252
0.674618
0.674987
0.675357
0.675729
0.676104
0.676480
0.676858
0.677238
0.677619
0.678003
0.678388
0.678776
0.679165
0.679556
0.679949
0.680344
0.680741
0.681139
0.681540
0.681942
0.682346
0.682752
0.683160
0.683570
0.683981
0.684394
0.684809
0.685226
0.685645
0.686065
0.686488
0.686912
0.687338
0.687765
0.688195
0.688626
0.689059
0.689494
0.689930
0.690368
0.690807
0.691248
0.691690
0.692134
0.692581
0.693029
0.693478
0.693930
0.694383
0.694837
0.695293
0.695750
0.696210
0.696671
0.697134
0.697599
0.698064
0.698531
0.699000
0.699471
0.699944
0.700418
0.700893
0.701370
0.701848
0.702329
0.702811
0.703293
0.703778
0.704264
0.704752
0.705242
0.705733
0.706225
0.706719
0.707215
0.707711
0.708209
0.708709
0.709211
0.709713
0.710217
0.710723
0.711230
0.711738
0.712248
0.712759
0.713273
0.713786
0.714302
0.714819
0.715338
0.715857
0.716378
0.716900
0.717423
0.717948
0.718475
0.719003
0.719531
0.720061
0.720593
0.721125
0.721659
0.722195
0.722731
0.723269
0.723808
0.724348
0.724889
0.725431
0.725975
0.726521
0.727067
0.727614
0.728162
0.728711
0.729262
0.729814
0.730366
0.730920
0.731475
0.732031
0.732588
0.733146
0.733706
0.734265
0.734826
0.735389
0.735952
0.736516
0.737081
0.737647
0.738214
0.738782
0.739350
0.739921
0.740491
0.741062
0.741635
0.742207
0.742781
0.743356
0.743932
0.744508
0.745085
0.745663
0.746243
0.746822
0.747402
0.747983
0.748565
0.749147
0.749730
0.750314
0.750899
0.751483
0.752069
0.752655
0.753242
0.753829
0.754417
0.755006
0.755595
0.756185
0.756775
0.757365
0.757957
0.758549
0.759141
0.759733
0.760326
0.760920
0.761514
0.762108
0.762703
0.763298
0.763893
0.764489
0.765085
0.765682
0.766279
0.766876
0.767473
0.768070
0.768668
0.769266
0.769864
0.770463
0.771062
0.771661
0.772260
0.772860
0.773459
0.774059
0.774659
0.775259
0.775859
0.776459
0.777059
0.777659
0.778259
0.778859
0.779459
0.780059
0.780659
0.781259
0.781859
0.782458
0.783057
0.783657
0.784256
0.784855
0.785453
0.786052
0.786650
0.787248
0.787846
0.788443
0.789040
0.789637
0.790234
0.790830
0.791426
0.792021
0.792616
0.793211
0.793805
0.794399
0.794993
0.795586
0.796179
0.796771
0.797363
0.797954
0.798544
0.799135
0.799724
0.800313
0.800902
0.801490
0.802077
0.802664
0.803250
0.803836
0.804421
0.805005
0.805589
0.806171
0.806754
0.807335
0.807916
0.808496
0.809076
0.809654
0.810232
0.810809
0.811386
0.811961
0.812536
0.813110
0.813683
0.814255
0.814826
0.815397
0.815966
0.816535
0.817103
0.817670
0.818236
0.818801
0.819365
0.819928
0.820490
0.821051
0.821612
0.822171
0.822729
0.823286
0.823842
0.824397
0.824951
0.825504
0.826056
0.826606
0.827156
0.827704
0.828252
0.828798
0.829343
0.829887
0.830430
0.830971
0.831512
0.832051
0.832589
0.833126
0.833661
0.834196
0.834729
0.835261
0.835791
0.836320
0.836849
0.837375
0.837901
0.838425
0.838948
0.839469
0.839989
0.840508
0.841026
0.841542
0.842057
0.842570
0.843082
0.843593
0.844102
0.844610
0.845116
0.845621
0.846124
0.846627
0.847127
0.847626
0.848124
0.848621
0.849115
0.849609
0.850101
0.850591
0.851080
0.851567
0.852053
0.852537
0.853020
0.853501
0.853981
0.854459
0.854936
0.855411
0.855885
0.856357
0.856827
0.857296
0.857763
0.858229
0.858693
0.859155
0.859616
0.860076
0.860533
0.860989
0.861444
0.861897
0.862348
0.862797
0.863245
0.863691
0.864136
0.864579
0.865020
0.865460
0.865898
0.866334
0.866769
0.867202
0.867633
0.868063
0.868490
0.868917
0.869341
0.869764
0.870185
0.870605
0.871022
0.871438
0.871853
0.872265
0.872676
0.873085
0.873493
0.873899
0.874303
0.874705
0.875106
0.875504
0.875902
0.876297
0.876691
0.877082
0.877473
0.877861
0.878248
0.878633
0.879016
0.879397
0.879777
0.880155
0.880531
0.880906
0.881279
0.881650
0.882019
0.882386
0.882752
0.883116
0.883478
0.883839
0.884198
0.884555
0.884910
0.885263
0.885615
0.885965
0.886313
0.886660
0.887005
0.887348
0.887689
0.888028
0.888366
0.888702
0.889036
0.889369
0.889699
0.890028
0.890356
0.890681
0.891005
0.891327
0.891647
0.891966
0.892283
0.892598
0.892911
0.893223
0.893532
0.893840
0.894147
0.894451
0.894754
0.895056
0.895355
0.895653
0.895949
0.896243
0.896536
0.896827
0.897116
0.897403
0.897689
0.897973
0.898255
0.898536
0.898815
0.899092
0.899368
0.899641
0.899914
0.900184
0.900453
0.900720
0.900985
0.901249
0.901511
0.901771
0.902030
0.902287
0.902542
0.902796
0.903048
0.903298
0.903547
0.903794
0.904040
0.904283
0.904525
0.904766
0.905005
0.905242
0.905478
0.905711
0.905944
0.906174
0.906404
0.906631
0.906857
0.907081
0.907304
0.907525
0.907744
0.907962
0.908178
0.908393
0.908606
0.908818
0.909027
0.909236
0.909443
0.909648
0.909851
0.910053
0.910254
0.910453
0.910650
0.910846
0.911041
0.911233
0.911425
0.911614
0.911802
0.911989
0.912174
0.912358
0.912540
0.912721
0.912900
0.913077
0.913253
0.913428
0.913601
0.913773
0.913943
0.914112
0.914279
0.914445
0.914609
0.914772
0.914933
0.915093
0.915251
0.915408
0.915564
0.915718
0.915871
0.916022
0.916172
0.916320
0.916467
0.916612
0.916757
0.916899
0.917041
0.917181
0.917319
0.917456
0.917592
0.917726
0.917859
0.917991
0.918121
0.918250
0.918377
0.918504
0.918628
0.918752
0.918874
0.918995
0.919114
0.919232
0.919349
0.919464
0.919578
0.919691
0.919803
0.919913
0.920022
0.920129
0.920235
0.920340
0.920444
0.920546
0.920647
0.920747
0.920846
0.920943
0.921039
0.921134
0.921227
0.921319
0.921410
0.921500
0.921588
0.921675
0.921761
0.921846
0.921930
0.922012
0.922093
0.922173
0.922251
0.922329
0.922405
0.922480
0.922554
0.922626
0.922698
0.922768
0.922837
0.922905
0.922972
0.923037
0.923102
0.923165
0.923227
0.923288
0.923347
0.923406
0.923463
0.923520
0.923575
0.923629
0.923682
0.923733
0.923784
0.923834
0.923882
0.923929
0.923975
0.924020
0.924064
0.924107
0.924149
0.924190
0.924229
0.924268
0.924305
0.924341
0.924377
0.924411
0.924444
0.924476
0.924507
0.924537
0.924566
0.924594
0.924620
0.924646
0.924671
0.924694
0.924717
0.924738
0.924759
0.924778
0.924797
0.924814
0.924831
0.924846
0.924861
0.924874
0.924887
0.924898
0.924908
0.924918
0.924926
0.924934
0.924940
0.924946
0.924950
0.924954
0.924956
0.924958
0.924958
0.924958
0.924957
0.924954
0.924951
0.924947
0.924942
0.924936
0.924929
0.924921
0.924912
0.924902
0.924891
0.924880
0.924867
0.924853
0.924839
0.924823
0.924807
0.924790
0.924772
0.924753
0.924733
0.924712
0.924690
0.924667
0.924644
0.924619
0.924594
0.924568
0.924540
0.924512
0.924484
0.924454
0.924423
0.924391
0.924359
0.924326
0.924292
0.924257
0.924221
0.924184
0.924146
0.924108
0.924069
0.924028
0.923987
0.923945
0.923903
0.923859
0.923815
0.923769
0.923723
0.923676
0.923629
0.923580
0.923531
0.923480
0.923429
0.923377
0.923325
0.923271
0.923217
0.923162
0.923106
0.923049
0.922991
0.922933
0.922874
0.922814
0.922753
0.922691
0.922629
0.922566
0.922501
0.922437
0.922371
0.922305
0.922237
0.922169
0.922101
0.922031
0.921961
0.921890
0.921818
0.921745
0.921672
0.921597
0.921522
0.921447
0.921370
0.921293
0.921215
0.921136
0.921056
0.920976
0.920895
0.920813
0.920730
0.920647
0.920563
0.920478
0.920392
0.920306
0.920219
0.920131
0.920042
0.919953
0.919863
0.919772
0.919680
0.919588
0.919494
0.919401
0.919306
0.919211
0.919115
0.919018
0.918920
0.918822
0.918723
0.918623
0.918523
0.918422
0.918320
0.918217
0.918114
0.918010
0.917905
0.917799
0.917693
0.917586
0.917478
0.917370
0.917261
0.917151
0.917040
0.916929
0.916817
0.916705
0.916591
0.916477
0.916362
0.916247
0.916130
0.916013
0.915896
0.915777
0.915658
0.915539
0.915418
0.915297
0.915175
0.915053
0.914929
0.914805
0.914681
0.914555
0.914429
0.914302
0.914175
0.914047
0.913918
0.913788
0.913658
0.913527
0.913396
0.913263
0.913130
0.912997
0.912862
0.912727
0.912592
0.912455
0.912318
0.912180
0.912042
0.911902
0.911763
0.911622
0.911481
0.911339
0.911196
0.911053
0.910909
0.910764
0.910619
0.910473
0.910326
0.910179
0.910031
0.909882
0.909733
0.909583
0.909432
0.909280
0.909128
0.908975
0.908822
0.908668
0.908513
0.908358
0.908201
0.908045
0.907887
0.907729
0.907570
0.907410
0.907250
0.907089
0.906928
0.906766
0.906603
0.906439
0.906275
0.906110
0.905944
0.905778
0.905611
0.905444
0.905275
0.905107
0.904937
0.904767
0.904596
0.904424
0.904252
0.904079
0.903905
0.903731
0.903556
0.903381
0.903204
0.903027
0.902850
0.902672
0.902493
0.902313
0.902133
0.901952
0.901770
0.901588
0.901405
0.901222
0.901038
0.900853
0.900667
0.900481
0.900294
0.900107
0.899918
0.899730
0.899540
0.899350
0.899159
0.898968
0.898775
0.898583
0.898389
0.898195
0.898000
0.897805
0.897609
0.897412
0.897214
0.897016
0.896818
0.896618
0.896418
0.896217
0.896016
0.895814
0.895611
0.895408
0.895204
0.894999
0.894794
0.894588
0.894381
0.894174
0.893966
0.893757
0.893548
0.893338
0.893128
0.892917
0.892705
0.892492
0.892279
0.892065
0.891851
0.891635
0.891420
0.891203
0.890986
0.890768
0.890550
0.890331
0.890111
0.889891
0.889670
0.889448
0.889226
0.889003
0.888779
0.888555
0.888330
0.888104
0.887878
0.887651
0.887424
0.887195
0.886967
0.886737
0.886507
0.886276
0.886045
0.885813
0.885580
0.885347
0.885113
0.884878
0.884643
0.884407
0.884170
0.883933
0.883695
0.883456
0.883217
0.882977
0.882737
0.882496
0.882254
0.882012
0.881768
0.881525
0.881280
0.881035
0.880790
0.880544
0.880297
0.880049
0.879801
0.879552
0.879303
0.879052
0.878802
0.878550
0.878298
0.878046
0.877792
0.877538
0.877284
0.877029
0.876773
0.876516
0.876259
0.876001
0.875743
0.875484
0.875224
0.874964
0.874703
0.874441
0.874179
0.873916
0.873653
0.873389
0.873124
0.872859
0.872593
0.872326
0.872059
0.871791
0.871523
0.871254
0.870984
0.870713
0.870442
0.870171
0.869899
0.869626
0.869352
0.869078
0.868803
0.868528
0.868252
0.867975
0.867698
0.867420
0.867142
0.866863
0.866583
0.866303
0.866022
0.865740
0.865458
0.865175
0.864892
0.864608
0.864324
0.864038
0.863752
0.863466
0.863179
0.862891
0.862603
0.862314
0.862025
0.861735
0.861444
0.861153
0.860861
0.860568
0.860275
0.859982
0.859687
0.859392
0.859097
0.858801
0.858504
0.858207
0.857909
0.857611
0.857312
0.857012
0.856712
0.856411
0.856109
0.855807
0.855505
0.855202
0.854898
0.854594
0.854289
0.853983
0.853677
0.853370
0.853063
0.852755
0.852447
0.852138
0.851828
0.851518
0.851207
0.850896
0.850584
0.850272
0.849959
0.849645
0.849331
0.849016
0.848701
0.848385
0.848069
0.847752
0.847434
0.847116
0.846798
0.846478
0.846159
0.845838
0.845517
0.845196
0.844874
0.844552
0.844228
0.843905
0.843581
0.843256
0.842931
0.842605
0.842279
0.841952
0.841624
0.841296
0.840968
0.840639
0.840309
0.839979
0.839649
0.839317
0.838986
0.838653
0.838321
0.837988
0.837654
0.837319
0.836985
0.836649
0.836313
0.835977
0.835640
0.835303
0.834965
0.834626
0.834288
0.833948
0.833608
0.833268
0.832927
0.832585
0.832243
0.831901
0.831558
0.831215
0.830871
0.830526
0.830181
0.829836
0.829490
0.829144
0.828797
0.828450
0.828102
0.827754
0.827405
0.827056
0.826706
0.826356
0.826005
0.825654
0.825302
0.824950
0.824598
0.824245
0.823892
0.823538
0.823183
0.822829
0.822473
0.822118
0.821762
0.821405
0.821048
0.820691
0.820333
0.819974
0.819616
0.819257
0.818897
0.818537
0.818176
0.817816
0.817454
0.817092
0.816730
0.816368
0.816005
0.815641
0.815277
0.814913
0.814549
0.814184
0.813818
0.813452
0.813086
0.812719
0.812352
0.811985
0.811617
0.811249
0.810880
0.810511
0.810142
0.809772
0.809402
0.809032
0.808661
0.808290
0.807918
0.807546
0.807174
0.806801
0.806428
0.806055
0.805681
0.805307
0.804932
0.804558
0.804182
0.803807
0.803431
0.803055
0.802678
0.802302
0.801924
0.801547
0.801169
0.800791
0.800413
0.800034
0.799655
0.799275
0.798896
0.798516
0.798135
0.797755
0.797374
0.796992
0.796611
0.796229
0.795847
0.795465
0.795082
0.794699
0.794316
0.793932
0.793548
0.793164
0.792780
0.792395
0.792011
0.791626
0.791240
0.790855
0.790469
0.790083
0.789696
0.789310
0.788923
0.788536
0.788148
0.787761
0.787373
0.786985
0.786597
0.786208
0.785819
0.785430
0.785041
0.784652
0.784263
0.783873
0.783483
0.783093
0.782702
0.782312
0.781921
0.781530
0.781139
0.780748
0.780356
0.779965
0.779573
0.779181
0.778789
0.778397
0.778004
0.777612
0.777219
0.776826
0.776433
0.776040
0.775646
0.775253
0.774859
0.774465
0.774071
0.773677
0.773283
0.772889
0.772495
0.772100
0.771706
0.771311
0.770916
0.770521
0.770126
0.769731
0.769336
0.768941
0.768545
0.768150
0.767755
0.767359
0.766963
0.766568
0.766172
0.765776
0.765380
0.764984
0.764588
0.764192
0.763796
0.763400
0.763004
0.762607
0.762211
0.761815
0.761419
0.761022
0.760626
0.760230
0.759833
0.759437
0.759041
0.758644
0.758248
0.757852
0.757455
0.757059
0.756663
0.756266
0.755870
0.755474
0.755078
0.754681
0.754285
0.753889
0.753493
0.753097
0.752701
0.752305
0.751910
0.751514
0.751118
0.750723
0.750327
0.749932
0.749536
0.749141
0.748746
0.748351
0.747956
0.747561
0.747166
0.746771
0.746376
0.745982
0.745588
0.745193
0.744799
0.744405
0.744011
0.743618
0.743224
0.742831
0.742438
0.742044
0.741651
0.741259
0.740866
0.740474
0.740081
0.739689
0.739297
0.738905
0.738514
0.738122
0.737731
0.737340
0.736949
0.736559
0.736168
0.735778
0.735388
0.734999
0.734609
0.734220
0.733831
0.733442
0.733053
0.732665
0.732277
0.731889
0.731502
0.731114
0.730727
0.730340
0.729954
0.729568
0.729182
0.728796
0.728411
0.728026
0.727641
0.727256
0.726872
0.726488
0.726105
0.725721
0.725338
0.724956
0.724573
0.724192
0.723810
0.723429
0.723048
0.722667
0.722287
0.721907
0.721527
0.721148
0.720769
0.720391
0.720013
0.719635
0.719258
0.718881
0.718504
0.718128
0.717753
0.717377
0.717002
0.716628
0.716254
0.715880
0.715507
0.715134
0.714762
0.714390
0.714018
0.713647
0.713276
0.712906
0.712536
0.712167
0.711798
0.711430
0.711062
0.710695
0.710328
0.709962
0.709596
0.709230
0.708865
0.708501
0.708137
0.707773
0.707411
0.707048
0.706686
0.706325
0.705964
0.705604
0.705244
0.704885
0.704526
0.704168
0.703811
0.703454
0.703097
0.702741
0.702386
0.702031
0.701677
0.701324
0.700971
0.700618
0.700266
0.699915
0.699565
0.699215
0.698865
0.698516
0.698168
0.697821
0.697474
0.697128
0.696782
0.696437
0.696093
0.695749
0.695406
0.695064
0.694722
0.694381
0.694041
0.693701
0.693362
0.693024
0.692686
0.692349
0.692013
0.691677
0.691342
0.691008
0.690675
0.690342
0.690010
0.689679
0.689348
0.689018
0.688689
0.688361
0.688033
0.687707
0.687381
0.687055
0.686731
0.686407
0.686084
0.685761
0.685440
0.685119
0.684799
0.684480
0.684162
0.683844
0.683528
0.683212
0.682897
0.682582
0.682269
0.681956
0.681644
0.681333
0.681023
0.680714
0.680405
0.680098
0.679791
0.679485
0.679180
0.678876
0.678572
0.678270
0.677968
0.677668
0.677368
0.677069
0.676771
0.676474
0.676177
0.675882
0.675588
0.675294
0.675001
0.674710
0.674419
0.674129
0.673840
0.673552
0.673265
0.672979
0.672694
0.672410
0.672127
0.671845
0.671563
0.671283
0.671004
0.670725
0.670448
0.670172
0.669896
0.669622
0.669348
0.669076
0.668805
0.668534
0.668265
0.667997
0.667729
0.667463
0.667198
0.666934
0.666670
0.666408
0.666147
0.665887
0.665628
0.665370
0.665113
0.664858
0.664603
0.664349
0.664097
0.663845
0.663595
0.663345
0.663097
0.662850
0.662604
0.662359
0.662116
0.661873
0.661631
0.661391
0.661152
0.660913
0.660676
0.660441
0.660206
0.659972
0.659740
0.659508
0.659278
0.659049
0.658822
0.658595
0.658369
0.658145
0.657922
0.657700
0.657479
0.657260
0.657042
0.656825
0.656609
0.656394
0.656180
0.655968
0.655757
0.655547
0.655339
0.655131
0.654925
0.654720
0.654517
0.654314
0.654113
0.653913
0.653715
0.653517
0.653321
0.653127
0.652933
0.652741
0.652550
0.652360
0.652172
0.651985
0.651799
0.651614
0.651431
0.651249
0.651069
0.650890
0.650712
0.650535
0.650360
0.650186
0.650013
0.649842
0.649672
0.649504
0.649337
0.649171
0.649006
0.648843
0.648682
0.648521
0.648362
0.648205
0.648048
0.647894
0.647740
0.647588
0.647437
0.647288
0.647140
0.646994
0.646849
0.646705
0.646563
0.646422
0.646283
0.646145
0.646009
0.645874
0.645740
0.645608
0.645477
0.645348
0.645220
0.645094
0.644969
0.644846
0.644724
0.644603
0.644484
0.644367
0.644251
0.644137
0.644024
0.643912
0.643802
0.643694
0.643587
0.643481
0.643377
0.643275
0.643174
0.643075
0.642977
0.642880
0.642786
0.642692
0.642601
0.642511
0.642422
0.642335
0.642249
0.642166
0.642083
0.642002
0.641923
0.641846
0.641770
0.641695
0.641622
0.641551
0.641481
0.641413
0.641347
0.641282
0.641219
0.641157
0.641097
0.641038
0.640982
0.640926
0.640873
0.640821
0.640771
0.640722
0.640675
0.640630
0.640586
0.640544
0.640503
0.640465
0.640428
0.640392
0.640358
0.640326
0.640296
0.640267
0.640240
0.640215
0.640191
0.640169
0.640149
0.640130
0.640113
0.640098
0.640085
0.640073
0.640063
0.640054
0.640048
0.640043
0.640040
0.640038
0.640039
0.640041
0.640045
0.640050
0.640057
0.640066
0.640077
0.640090
0.640104
0.640120
0.640138
0.640157
0.640179
0.640202
0.640227
0.640253
0.640282
0.640312
0.640344
0.640378
0.640413
0.640451
0.640490
0.640531
0.640574
0.640618
0.640665
0.640713
0.640763
0.640815
0.640869
0.640924
0.640982
0.641041
0.641102
0.641165
0.641229
0.641296
0.641364
0.641434
0.641507
0.641580
0.641656
0.641734
0.641813
0.641895
0.641978
0.642063
0.642150
0.642239
0.642329
0.642422
0.642516
0.642613
0.642711
0.642811
0.642913
0.643017
0.643123
0.643230
0.643340
0.643451
0.643565
0.643680
0.643797
0.643916
0.644037
0.644160
0.644285
0.644412
0.644541
0.644671
0.644804
0.644938
0.645074
0.645213
0.645353
0.645495
0.645639
0.645785
0.645933
0.646083
0.646235
0.646389
0.646544
0.646702
0.646862
0.647023
0.647187
0.647352
0.647520
0.647689
0.647860
0.648034
0.648209
0.648386
0.648565
0.648747
0.648930
0.649115
0.649302
0.649491
0.649682
0.649875
0.650070
0.650267
0.650466
0.650667
0.650869
0.651074
0.651281
0.651490
0.651701
0.651913
0.652128
0.652345
0.652564
0.652784
0.653007
0.653232
0.653458
0.653687
0.653917
0.654150
0.654385
0.654621
0.654860
0.655100
0.655343
0.655588
0.655834
0.656083
0.656333
0.656586
0.656840
0.657097
0.657355
0.657616
0.657878
0.658143
0.658409
0.658678
0.658948
0.659220
0.659495
0.659771
0.660050
0.660330
0.660612
0.660897
0.661183
0.661471
0.661762
0.662054
0.662348
0.662645
0.662943
0.663243
0.663545
0.663849
0.664155
0.664464
0.664774
0.665086
0.665400
0.665716
0.666034
0.666354
0.666676
0.667000
0.667325
0.667653
0.667983
0.668315
0.668648
0.668984
0.669322
0.669661
0.670003
0.670346
0.670691
0.671039
0.671388
0.671739
0.672092
0.672447
0.672804
0.673163
0.673524
0.673886
0.674251
0.674618
0.674986
0.675357
0.675729
0.676103
0.676479
0.676857
0.677237
0.677619
0.678002
0.678388
0.678775
0.679164
0.679556
0.679949
0.680343
0.680740
0.681139
0.681539
0.681941
0.682346
0.682751
0.683159
0.683569
0.683980
0.684394
0.684809
0.685226
0.685644
0.686065
0.686487
0.686911
0.687337
0.687765
0.688194
0.688625
0.689058
0.689493
0.689929
0.690368
0.690806
0.691247
0.691689
0.692134
0.692580
0.693028
0.693478
0.693929
0.694382
0.694836
0.695292
0.695749
0.696209
0.696670
0.697133
0.697598
0.698063
0.698530
0.698999
0.699470
0.699943
0.700417
0.700892
0.701369
0.701847
0.702328
0.702810
0.703293
0.703777
0.704264
0.704752
0.705242
0.705732
0.706224
0.706718
0.707214
0.707710
0.708208
0.708708
0.709210
0.709712
0.710216
0.710722
0.711229
0.711737
0.712247
0.712759
0.713272
0.713785
0.714301
0.714818
0.715337
0.715856
0.716377
0.716900
0.717423
0.717947
0.718474
0.719002
0.719530
0.720060
0.720592
0.721124
0.721658
0.722194
0.722731
0.723268
0.723807
0.724347
0.724888
0.725431
0.725974
0.726520
0.727066
0.727613
0.728162
0.728711
0.729261
0.729813
0.730365
0.730919
0.731474
0.732030
0.732587
0.733145
0.733705
0.734264
0.734825
0.735388
0.735951
0.736515
0.737080
0.737646
0.738213
0.738781
0.739350
0.739920
0.740490
0.741061
0.741634
0.742206
0.742780
0.743355
0.743931
0.744507
0.745084
0.745662
0.746242
0.746821
0.747401
0.747982
0.748564
0.749146
0.749729
0.750313
0.750898
0.751482
0.752068
0.752654
0.753241
0.753828
0.754416
0.755005
0.755594
0.756184
0.756774
0.757364
0.757956
0.758548
0.759140
0.759732
0.760325
0.760919
0.761513
0.762107
0.762702
0.763297
0.763892
0.764488
0.765084
0.765681
0.766278
0.766875
0.767472
0.768069
0.768667
0.769265
0.769863
0.770462
0.771061
0.771660
0.772259
0.772859
0.773458
0.774058
0.774658
0.775258
0.775858
0.776458
0.777058
0.777658
0.778258
0.778858
0.779458
0.780058
0.780658
0.781258
0.781858
0.782457
0.783056
0.783656
0.784255
0.784854
0.785452
0.786051
0.786649
0.787247
0.787845
0.788442
0.789039
0.789636
0.790233
0.790829
0.791425
0.792020
0.792615
0.793210
0.793804
0.794398
0.794992
0.795585
0.796178
0.796770
0.797362
0.797953
0.798543
0.799134
0.799723
0.800312
0.800901
0.801489
0.802076
0.802663
0.803249
0.803835
0.804420
0.805004
0.805588
0.806171
0.806753
0.807334
0.807915
0.808495
0.809075
0.809653
0.810231
0.810808
0.811385
0.811960
0.812535
0.813109
0.813682
0.814254
0.814825
0.815396
0.815966
0.816534
0.817102
0.817669
0.818235
0.818800
0.819364
0.819927
0.820489
0.821050
0.821611
0.822170
0.822728
0.823285
0.823841
0.824396
0.824950
0.825503
0.826055
0.826605
0.827155
0.827703
0.828251
0.828797
0.829342
0.829886
0.830429
0.830970
0.831511
0.832050
0.832588
0.833125
0.833660
0.834195
0.834728
0.835260
0.835790
0.836320
0.836848
0.837374
0.837900
0.838424
0.838947
0.839468
0.839988
0.840507
0.841025
0.841541
0.842056
0.842569
0.843081
0.843592
0.844101
0.844609
0.845115
0.845620
0.846124
0.846626
0.847126
0.847626
0.848123
0.848620
0.849115
0.849608
0.850100
0.850590
0.851079
0.851566
0.852052
0.852537
0.853019
0.853501
0.853980
0.854459
0.854935
0.855410
0.855884
0.856356
0.856826
0.857295
0.857762
0.858228
0.858692
0.859155
0.859616
0.860075
0.860533
0.860989
0.861443
0.861896
0.862347
0.862796
0.863244
0.863691
0.864135
0.864578
0.865019
0.865459
0.865897
0.866333
0.866768
0.867201
0.867632
0.868062
0.868490
0.868916
0.869340
0.869763
0.870184
0.870604
0.871022
0.871438
0.871852
0.872265
0.872676
0.873085
0.873492
0.873898
0.874302
0.874704
0.875105
0.875504
0.875901
0.876296
0.876690
0.877082
0.877472
0.877860
0.878247
0.878632
0.879015
0.879397
0.879777
0.880155
0.880531
0.880905
0.881278
0.881649
0.882018
0.882386
0.882752
0.883116
0.883478
0.883838
0.884197
0.884554
0.884909
0.885263
0.885615
0.885965
0.886313
0.886659
0.887004
0.887347
0.887688
0.888028
0.888365
0.888701
0.889036
0.889368
0.889699
0.890028
0.890355
0.890681
0.891004
0.891326
0.891647
0.891965
0.892282
0.892597
0.892910
0.893222
0.893532
0.893840
0.894146
0.894451
0.894754
0.895055
0.895355
0.895652
0.895948
0.896243
0.896535
0.896826
0.897115
0.897403
0.897688
0.897972
0.898255
0.898535
0.898814
0.899092
0.899367
0.899641
0.899913
0.900183
0.900452
0.900719
0.900985
0.901248
0.901510
0.901771
0.902030
0.902287
0.902542
0.902796
0.903048
0.903298
0.903547
0.903794
0.904039
0.904283
0.904525
0.904766
0.905004
0.905242
0.905477
0.905711
0.905943
0.906174
0.906403
0.906631
0.906857
0.907081
0.907303
0.907524
0.907744
0.907962
0.908178
0.908393
0.908606
0.908817
0.909027
0.909235
0.909442
0.909647
0.909851
0.910053
0.910254
0.910453
0.910650
0.910846
0.911040
0.911233
0.911424
0.911614
0.911802
0.911989
0.912174
0.912358
0.912540
0.912720
0.912899
0.913077
0.913253
0.913428
0.913601
0.913773
0.913943
0.914111
0.914279
0.914444
0.914609
0.914771
0.914933
0.915093
0.915251
0.915408
0.915563
0.915718
0.915870
0.916021
0.916171
0.916320
0.916467
0.916612
0.916756
0.916899
0.917040
0.917180
0.917319
0.917456
0.917592
0.917726
0.917859
0.917991
0.918121
0.918250
0.918377
0.918503
0.918628
0.918752
0.918874
0.918994
0.919114
0.919232
0.919349
0.919464
0.919578
0.919691
0.919802
0.919913
0.920021
0.920129
0.920235
0.920340
0.920444
0.920546
0.920647
0.920747
0.920845
0.920943
0.921039
0.921133
0.921227
0.921319
0.921410
0.921500
0.921588
0.921675
0.921761
0.921846
0.921930
0.922012
0.922093
0.922173
0.922251
0.922329
0.922405
0.922480
0.922554
0.922626
0.922698
0.922768
0.922837
0.922905
0.922972
0.923037
0.923102
0.923165
0.923227
0.923288
0.923347
0.923406
0.923463
0.923520
0.923575
0.923629
0.923682
0.923733
0.923784
0.923833
0.923882
0.923929
0.923975
0.924020
0.924064
0.924107
0.924149
0.924190
0.924229
0.924268
0.924305
0.924341
0.924377
0.924411
0.924444
0.924476
0.924507
0.924537
0.924566
0.924593
0.924620
0.924646
0.924671
0.924694
0.924717
0.924738
0.924759
0.924778
0.924797
0.924814
0.924831
0.924846
0.924861
0.924874
0.924887
0.924898
0.924908
0.924918
0.924926
0.924934
0.924940
0.924946
0.924950
0.924954
0.924956
0.924958
0.924958
0.924958
0.924957
0.924954
0.924951
0.924947
0.924942
0.924936
0.924929
0.924921
0.924912
0.924902
0.924891
0.924880
0.924867
0.924853
0.924839
0.924823
0.924807
0.924790
0.924772
0.924753
0.924733
0.924712
0.924690
0.924667
0.924644
0.924619
0.924594
0.924568
0.924541
0.924512
0.924484
0.924454
0.924423
0.924392
0.924359
0.924326
0.924292
0.924257
0.924221
0.924184
0.924146
0.924108
0.924069
0.924028
0.923987
0.923946
0.923903
0.923859
0.923815
0.923770
0.923723
0.923677
0.923629
0.923580
0.923531
0.923481
0.923429
0.923378
0.923325
0.923271
0.923217
0.923162
0.923106
0.923049
0.922991
0.922933
0.922874
0.922814
0.922753
0.922691
0.922629
0.922566
0.922502
0.922437
0.922371
0.922305
0.922238
0.922170
0.922101
0.922031
0.921961
0.921890
0.921818
0.921745
0.921672
0.921598
0.921523
0.921447
0.921370
0.921293
0.921215
0.921136
0.921057
0.920976
0.920895
0.920813
0.920730
0.920647
0.920563
0.920478
0.920392
0.920306
0.920219
0.920131
0.920042
0.919953
0.919863
0.919772
0.919680
0.919588
0.919495
0.919401
0.919306
0.919211
0.919115
0.919018
0.918920
0.918822
0.918723
0.918623
0.918523
0.918422
0.918320
0.918217
0.918114
0.918010
0.917905
0.917799
0.917693
0.917586
0.917479
0.917370
0.917261
0.917151
0.917041
0.916929
0.916817
0.916705
0.916591
0.916477
0.916362
0.916247
0.916131
0.916014
0.915896
0.915778
0.915659
0.915539
0.915418
0.915297
0.915175
0.915053
0.914930
0.914806
0.914681
0.914556
0.914429
0.914303
0.914175
0.914047
0.913918
0.913789
0.913658
0.913528
0.913396
0.913264
0.913131
0.912997
0.912863
0.912727
0.912592
0.912455
0.912318
0.912180
0.912042
0.911903
0.911763
0.911622
0.911481
0.911339
0.911196
0.911053
0.910909
0.910765
0.910619
0.910473
0.910327
0.910179
0.910031
0.909882
0.909733
0.909583
0.909432
0.909281
0.909129
0.908976
0.908822
0.908668
0.908513
0.908358
0.908202
0.908045
0.907887
0.907729
0.907570
0.907411
0.907251
0.907090
0.906928
0.906766
0.906603
0.906439
0.906275
0.906110
0.905945
0.905778
0.905612
0.905444
0.905276
0.905107
0.904937
0.904767
0.904596
0.904424
0.904252
0.904079
0.903906
0.903731
0.903557
0.903381
0.903205
0.903028
0.902850
0.902672
0.902493
0.902313
0.902133
0.901952
0.901771
0.901589
0.901406
0.901222
0.901038
0.900853
0.900667
0.900481
0.900294
0.900107
0.899919
0.899730
0.899540
0.899350
0.899159
0.898968
0.898776
0.898583
0.898389
0.898195
0.898000
0.897805
0.897609
0.897412
0.897215
0.897017
0.896818
0.896619
0.896418
0.896218
0.896016
0.895814
0.895612
0.895408
0.895204
0.895000
0.894794
0.894588
0.894382
0.894174
0.893966
0.893758
0.893549
0.893339
0.893128
0.892917
0.892705
0.892492
0.892279
0.892065
0.891851
0.891636
0.891420
0.891204
0.890986
0.890769
0.890550
0.890331
0.890111
0.889891
0.889670
0.889448
0.889226
0.889003
0.888779
0.888555
0.888330
0.888105
0.887878
0.887652
0.887424
0.887196
0.886967
0.886738
0.886507
0.886277
0.886045
0.885813
0.885580
0.885347
0.885113
0.884878
0.884643
0.884407
0.884170
0.883933
0.883695
0.883457
0.883218
0.882978
0.882737
0.882496
0.882254
0.882012
0.881769
0.881525
0.881281
0.881036
0.880790
0.880544
0.880297
0.880049
0.879801
0.879552
0.879303
0.879053
0.878802
0.878551
0.878299
0.878046
0.877793
0.877539
0.877284
0.877029
0.876773
0.876517
0.876260
0.876002
0.875743
0.875484
0.875225
0.874964
0.874703
0.874442
0.874180
0.873917
0.873653
0.873389
0.873125
0.872859
0.872593
0.872327
0.872059
0.871792
0.871523
0.871254
0.870984
0.870714
0.870443
0.870171
0.869899
0.869626
0.869353
0.869079
0.868804
0.868528
0.868252
0.867976
0.867699
0.867421
0.867142
0.866863
0.866584
0.866303
0.866022
0.865741
0.865459
0.865176
0.864893
0.864609
0.864324
0.864039
0.863753
0.863467
0.863180
0.862892
0.862604
0.862315
0.862025
0.861735
0.861445
0.861153
0.860861
0.860569
0.860276
0.859982
0.859688
0.859393
0.859097
0.858801
0.858505
0.858207
0.857910
0.857611
0.857312
0.857012
0.856712
0.856411
0.856110
0.855808
0.855505
0.855202
0.854898
0.854594
0.854289
0.853984
0.853677
0.853371
0.853064
0.852756
0.852447
0.852138
0.851829
0.851519
0.851208
0.850897
0.850585
0.850272
0.849959
0.849646
0.849332
0.849017
0.848702
0.848386
0.848069
0.847752
0.847435
0.847117
0.846798
0.846479
0.846159
0.845839
0.845518
0.845197
0.844875
0.844552
0.844229
0.843905
0.843581
0.843257
0.842931
0.842605
0.842279
0.841952
0.841625
0.841297
0.840968
0.840639
0.840310
0.839980
0.839649
0.839318
0.838986
0.838654
0.838321
0.837988
0.837654
0.837320
0.836985
0.836650
0.836314
0.835978
0.835641
0.835303
0.834965
0.834627
0.834288
0.833949
0.833609
0.833268
0.832927
0.832586
0.832244
0.831902
0.831559
0.831215
0.830871
0.830527
0.830182
0.829837
0.829491
0.829144
0.828798
0.828450
0.828102
0.827754
0.827405
0.827056
0.826707
0.826356
0.826006
0.825655
0.825303
0.824951
0.824599
0.824246
0.823892
0.823538
0.823184
0.822829
0.822474
0.822118
0.821762
0.821406
0.821049
0.820691
0.820333
0.819975
0.819616
0.819257
0.818898
0.818537
0.818177
0.817816
0.817455
0.817093
0.816731
0.816368
0.816005
0.815642
0.815278
0.814914
0.814549
0.814184
0.813819
0.813453
0.813087
0.812720
0.812353
0.811986
0.811618
0.811250
0.810881
0.810512
0.810143
0.809773
0.809403
0.809032
0.808661
0.808290
0.807919
0.807547
0.807174
0.806802
0.806429
0.806055
0.805682
0.805307
0.804933
0.804558
0.804183
0.803808
0.803432
0.803056
0.802679
0.802302
0.801925
0.801548
0.801170
0.800792
0.800413
0.800034
0.799655
0.799276
0.798896
0.798516
0.798136
0.797755
0.797374
0.796993
0.796612
0.796230
0.795848
0.795465
0.795083
0.794700
0.794316
0.793933
0.793549
0.793165
0.792781
0.792396
0.792011
0.791626
0.791241
0.790855
0.790469
0.790083
0.789697
0.789310
0.788923
0.788536
0.788149
0.787761
0.787373
0.786985
0.786597
0.786209
0.785820
0.785431
0.785042
0.784653
0.784263
0.783873
0.783483
0.783093
0.782703
0.782312
0.781922
0.781531
0.781140
0.780748
0.780357
0.779965
0.779574
0.779182
0.778790
0.778397
0.778005
0.777612
0.777219
0.776826
0.776433
0.776040
0.775647
0.775253
0.774860
0.774466
0.774072
0.773678
0.773284
0.772890
0.772495
0.772101
0.771706
0.771312
0.770917
0.770522
0.770127
0.769732
0.769337
0.768941
0.768546
0.768151
0.767755
0.767360
0.766964
0.766568
0.766172
0.765777
0.765381
0.764985
0.764589
0.764193
0.763797
0.763400
0.763004
0.762608
0.762212
0.761816
0.761419
0.761023
0.760627
0.760230
0.759834
0.759438
0.759041
0.758645
0.758249
0.757852
0.757456
0.757060
0.756663
0.756267
0.755871
0.755474
0.755078
0.754682
0.754286
0.753890
0.753494
0.753098
0.752702
0.752306
0.751910
0.751514
0.751119
0.750723
0.750328
0.749932
0.749537
0.749142
0.748746
0.748351
0.747956
0.747561
0.747166
0.746772
0.746377
0.745983
0.745588
0.745194
0.744800
0.744406
0.744012
0.743618
0.743225
0.742831
0.742438
0.742045
0.741652
0.741259
0.740867
0.740474
0.740082
0.739690
0.739298
0.738906
0.738514
0.738123
0.737732
0.737341
0.736950
0.736559
0.736169
0.735779
0.735389
0.734999
0.734610
0.734220
0.733831
0.733443
0.733054
0.732666
0.732278
0.731890
0.731502
0.731115
0.730728
0.730341
0.729955
0.729568
0.729182
0.728797
0.728411
0.728026
0.727641
0.727257
0.726873
0.726489
0.726105
0.725722
0.725339
0.724956
0.724574
0.724192
0.723811
0.723429
0.723048
0.722668
0.722287
0.721908
0.721528
0.721149
0.720770
0.720392
0.720014
0.719636
0.719259
0.718882
0.718505
0.718129
0.717753
0.717378
0.717003
0.716628
0.716254
0.715881
0.715507
0.715135
0.714762
0.714390
0.714019
0.713648
0.713277
0.712907
0.712537
0.712168
0.711799
0.711431
0.711063
0.710695
0.710329
0.709962
0.709596
0.709231
0.708866
0.708501
0.708137
0.707774
0.707411
0.707049
0.706687
0.706326
0.705965
0.705604
0.705245
0.704885
0.704527
0.704169
0.703811
0.703454
0.703098
0.702742
0.702387
0.702032
0.701678
0.701324
0.700971
0.700619
0.700267
0.699916
0.699565
0.699215
0.698866
0.698517
0.698169
0.697821
0.697475
0.697128
0.696783
0.696438
0.696093
0.695750
0.695407
0.695064
0.694723
0.694382
0.694041
0.693702
0.693363
0.693024
0.692687
0.692350
0.692013
0.691678
0.691343
0.691009
0.690675
0.690343
0.690011
0.689679
0.689349
0.689019
0.688690
0.688362
0.688034
0.687707
0.687381
0.687056
0.686731
0.686407
0.686084
0.685762
0.685441
0.685120
0.684800
0.684481
0.684162
0.683845
0.683528
0.683212
0.682897
0.682583
0.682269
0.681957
0.681645
0.681334
0.681024
0.680714
0.680406
0.680098
0.679791
0.679485
0.679180
0.678876
0.678573
0.678270
0.677969
0.677668
0.677368
0.677069
0.676771
0.676474
0.676178
0.675882
0.675588
0.675295
0.675002
0.674710
0.674420
0.674130
0.673841
0.673553
0.673266
0.672980
0.672695
0.672411
0.672127
0.671845
0.671564
0.671283
0.671004
0.670726
0.670448
0.670172
0.669897
0.669622
0.669349
0.669077
0.668805
0.668535
0.668265
0.667997
0.667730
0.667463
0.667198
0.666934
0.666671
0.666409
0.666148
0.665888
0.665629
0.665371
0.665114
0.664858
0.664603
0.664350
0.664097
0.663846
0.663595
0.663346
0.663098
0.662851
0.662605
0.662360
0.662116
0.661873
0.661632
0.661391
0.661152
0.660914
0.660677
0.660441
0.660206
0.659973
0.659740
0.659509
0.659279
0.659050
0.658822
0.658595
0.658370
0.658146
0.657922
0.657701
0.657480
0.657260
0.657042
0.656825
0.656609
0.656394
0.656181
0.655969
0.655757
0.655548
0.655339
0.655132
0.654926
0.654721
0.654517
0.654315
0.654114
0.653914
0.653715
0.653518
0.653322
0.653127
0.652933
0.652741
0.652550
0.652361
0.652172
0.651985
0.651799
0.651615
0.651432
0.651250
0.651069
0.650890
0.650712
0.650535
0.650360
0.650186
0.650014
0.649843
0.649673
0.649504
0.649337
0.649171
0.649007
0.648844
0.648682
0.648521
0.648362
0.648205
0.648049
0.647894
0.647740
0.647588
0.647438
0.647288
0.647141
0.646994
0.646849
0.646705
0.646563
0.646423
0.646283
0.646145
0.646009
0.645874
0.645740
0.645608
0.645477
0.645348
0.645220
0.645094
0.644969
0.644846
0.644724
0.644604
0.644485
0.644367
0.644251
0.644137
0.644024
0.643912
0.643802
0.643694
0.643587
0.643481
0.643377
0.643275
0.643174
0.643075
0.642977
0.642881
0.642786
0.642693
0.642601
0.642511
0.642422
0.642335
0.642250
0.642166
0.642083
0.642003
0.641923
0.641846
0.641770
0.641695
0.641622
0.641551
0.641481
0.641413
0.641347
0.641282
0.641219
0.641157
0.641097
0.641038
0.640982
0.640926
0.640873
0.640821
0.640771
0.640722
0.640675
0.640630
0.640586
0.640544
0.640503
0.640465
0.640428
0.640392
0.640358
0.640326
0.640296
0.640267
0.640240
0.640215
0.640191
0.640169
0.640149
0.640130
0.640113
0.640098
0.640085
0.640073
0.640063
0.640055
0.640048
0.640043
0.640040
0.640038
0.640039
0.640041
0.640045
0.640050
0.640057
0.640066
0.640077
0.640090
0.640104
0.640120
0.640138
0.640157
0.640179
0.640202
0.640227
0.640253
0.640282
0.640312
0.640344
0.640378
0.640413
0.640451
0.640490
0.640531
0.640574
0.640618
0.640665
0.640713
0.640763
0.640815
0.640869
0.640924
0.640982
0.641041
0.641102
0.641165
0.641229
0.641296
0.641364
0.641434
0.641506
0.641580
0.641656
0.641734
0.641813
0.641895
0.641978
0.642063
0.642150
0.642239
0.642329
0.642422
0.642516
0.642613
0.642711
0.642811
0.642913
0.643017
0.643123
0.643230
0.643340
0.643451
0.643565
0.643680
0.643797
0.643916
0.644037
0.644160
0.644285
0.644412
0.644540
0.644671
0.644803
0.644938
0.645074
0.645212
0.645353
0.645495
0.645639
0.645785
0.645933
0.646083
0.646235
0.646388
0.646544
0.646702
0.646861
0.647023
0.647186
0.647352
0.647519
0.647689
0.647860
0.648033
0.648209
0.648386
0.648565
0.648746
0.648929
0.649115
0.649302
0.649491
0.649682
0.649875
0.650070
0.650266
0.650465
0.650666
0.650869
0.651074
0.651281
0.651489
0.651700
0.651913
0.652128
0.652344
0.652563
0.652784
0.653007
0.653231
0.653458
0.653686
0.653917
0.654150
0.654384
0.654621
0.654859
0.655100
0.655343
0.655587
0.655834
0.656082
0.656333
0.656585
0.656840
0.657096
0.657355
0.657615
0.657878
0.658142
0.658409
0.658677
0.658948
0.659220
0.659494
0.659771
0.660049
0.660330
0.660612
0.660896
0.661183
0.661471
0.661761
0.662053
0.662348
0.662644
0.662942
0.663242
0.663545
0.663849
0.664155
0.664463
0.664773
0.665085
0.665399
0.665715
0.666033
0.666353
0.666675
0.666999
0.667325
0.667653
0.667982
0.668314
0.668648
0.668983
0.669321
0.669660
0.670002
0.670345
0.670691
0.671038
0.671387
0.671738
0.672091
0.672447
0.672803
0.673162
0.673523
0.673886
0.674251
0.674617
0.674986
0.675356
0.675728
0.676102
0.676478
0.676856
0.677236
0.677618
0.678002
0.678387
0.678774
0.679164
0.679555
0.679948
0.680343
0.680739
0.681138
0.681538
0.681941
0.682345
0.682751
0.683159
0.683568
0.683980
0.684393
0.684808
0.685225
0.685644
0.686064
0.686486
0.686910
0.687336
0.687764
0.688193
0.688625
0.689058
0.689492
0.689929
0.690367
0.690806
0.691246
0.691689
0.692133
0.692579
0.693027
0.693477
0.693928
0.694382
0.694835
0.695291
0.695749
0.696208
0.696669
0.697132
0.697597
0.698062
0.698529
0.698998
0.699469
0.699942
0.700416
0.700891
0.701368
0.701847
0.702327
0.702809
0.703292
0.703776
0.704263
0.704751
0.705241
0.705731
0.706223
0.706717
0.707213
0.707709
0.708208
0.708708
0.709209
0.709711
0.710215
0.710721
0.711229
0.711737
0.712246
0.712758
0.713271
0.713785
0.714300
0.714817
0.715336
0.715855
0.716376
0.716899
0.717422
0.717946
0.718473
0.719001
0.719529
0.720060
0.720591
0.721123
0.721657
0.722193
0.722730
0.723267
0.723806
0.724346
0.724887
0.725430
0.725974
0.726519
0.727065
0.727612
0.728161
0.728710
0.729260
0.729812
0.730364
0.730918
0.731473
0.732030
0.732586
0.733144
0.733704
0.734263
0.734824
0.735387
0.735950
0.736514
0.737079
0.737645
0.738212
0.738780
0.739349
0.739919
0.740489
0.741060
0.741633
0.742205
0.742779
0.743354
0.743930
0.744506
0.745083
0.745661
0.746241
0.746820
0.747400
0.747981
0.748563
0.749145
0.749728
0.750312
0.750897
0.751481
0.752067
0.752653
0.753240
0.753827
0.754415
0.755004
0.755593
0.756183
0.756773
0.757363
0.757955
0.758547
0.759139
0.759731
0.760324
0.760918
0.761512
0.762106
0.762701
0.763296
0.763891
0.764487
0.765083
0.765680
0.766277
0.766874
0.767471
0.768068
0.768666
0.769264
0.769862
0.770461
0.771060
0.771659
0.772258
0.772858
0.773457
0.774057
0.774657
0.775257
0.775857
0.776457
0.777057
0.777657
0.778257
0.778857
0.779457
0.780057
0.780657
0.781257
0.781857
0.782456
0.783055
0.783655
0.784254
0.784853
0.785451
0.786050
0.786648
0.787246
0.787844
0.788441
0.789038
0.789635
0.790232
0.790828
0.791424
0.792019
0.792614
0.793209
0.793803
0.794397
0.794991
0.795584
0.796177
0.796769
0.797361
0.797952
0.798542
0.799133
0.799722
0.800311
0.800900
0.801488
0.802075
0.802662
0.803248
0.803834
0.804419
0.805003
0.805587
0.806170
0.806752
0.807333
0.807914
0.808494
0.809074
0.809652
0.810230
0.810807
0.811384
0.811959
0.812534
0.813108
0.813681
0.814253
0.814824
0.815395
0.815965
0.816533
0.817101
0.817668
0.818234
0.818799
0.819363
0.819926
0.820488
0.821049
0.821610
0.822169
0.822727
0.823284
0.823840
0.824395
0.824949
0.825502
0.826054
0.826604
0.827154
0.827703
0.828250
0.828796
0.829341
0.829885
0.830428
0.830970
0.831510
0.832049
0.832587
0.833124
0.833660
0.834194
0.834727
0.835259
0.835789
0.836319
0.836847
0.837373
0.837899
0.838423
0.838946
0.839467
0.839988
0.840506
0.841024
0.841540
0.842055
0.842568
0.843080
0.843591
0.844100
0.844608
0.845114
0.845619
0.846123
0.846625
0.847126
0.847625
0.848123
0.848619
0.849114
0.849607
0.850099
0.850589
0.851078
0.851566
0.852051
0.852536
0.853019
0.853500
0.853980
0.854458
0.854935
0.855410
0.855883
0.856355
0.856826
0.857294
0.857762
0.858227
0.858691
0.859154
0.859615
0.860074
0.860532
0.860988
0.861442
0.861895
0.862346
0.862796
0.863244
0.863690
0.864134
0.864577
0.865019
0.865458
0.865896
0.866333
0.866767
0.867200
0.867631
0.868061
0.868489
0.868915
0.869340
0.869763
0.870184
0.870603
0.871021
0.871437
0.871851
0.872264
0.872675
0.873084
0.873492
0.873897
0.874301
0.874704
0.875104
0.875503
0.875900
0.876296
0.876689
0.877081
0.877471
0.877860
0.878246
0.878631
0.879015
0.879396
0.879776
0.880154
0.880530
0.880905
0.881277
0.881648
0.882018
0.882385
0.882751
0.883115
0.883477
0.883838
0.884197
0.884554
0.884909
0.885262
0.885614
0.885964
0.886312
0.886659
0.887003
0.887346
0.887688
0.888027
0.888365
0.888701
0.889035
0.889368
0.889698
0.890027
0.890355
0.890680
0.891004
0.891326
0.891646
0.891965
0.892281
0.892597
0.892910
0.893221
0.893531
0.893839
0.894146
0.894450
0.894753
0.895055
0.895354
0.895652
0.895948
0.896242
0.896535
0.896826
0.897115
0.897402
0.897688
0.897972
0.898254
0.898535
0.898814
0.899091
0.899367
0.899640
0.899913
0.900183
0.900452
0.900719
0.900984
0.901248
0.901510
0.901770
0.902029
0.902286
0.902541
0.902795
0.903047
0.903298
0.903546
0.903793
0.904039
0.904282
0.904525
0.904765
0.905004
0.905241
0.905477
0.905711
0.905943
0.906174
0.906403
0.906630
0.906856
0.907080
0.907303
0.907524
0.907744
0.907961
0.908178
0.908392
0.908605
0.908817
0.909027
0.909235
0.909442
0.909647
0.909851
0.910053
0.910253
0.910452
0.910650
0.910846
0.911040
0.911233
0.911424
0.911614
0.911802
0.911989
0.912174
0.912357
0.912539
0.912720
0.912899
0.913077
0.913253
0.913427
0.913601
0.913772
0.913942
0.914111
0.914278
0.914444
0.914608
0.914771
0.914932
0.915092
0.915251
0.915408
0.915563
0.915717
0.915870
0.916021
0.916171
0.916319
0.916466
0.916612
0.916756
0.916899
0.917040
0.917180
0.917319
0.917456
0.917591
0.917726
0.917859
0.917990
0.918121
0.918250
0.918377
0.918503
0.918628
0.918751
0.918874
0.918994
0.919114
0.919232
0.919349
0.919464
0.919578
0.919691
0.919802
0.919912
0.920021
0.920129
0.920235
0.920340
0.920444
0.920546
0.920647
0.920747
0.920845
0.920943
0.921039
0.921133
0.921227
0.921319
0.921410
0.921500
0.921588
0.921675
0.921761
0.921846
0.921929
0.922012
0.922093
0.922173
0.922251
0.922329
0.922405
0.922480
0.922554
0.922626
0.922698
0.922768
0.922837
0.922905
0.922972
0.923037
0.923101
0.923165
0.923227
0.923288
0.923347
0.923406
0.923463
0.923520
0.923575
0.923629
0.923682
0.923733
0.923784
0.923833
0.923882
0.923929
0.923975
0.924020
0.924064
0.924107
0.924149
0.924189
0.924229
0.924268
0.924305
0.924341
0.924377
0.924411
0.924444
0.924476
0.924507
0.924537
0.924566
0.924593
0.924620
0.924646
0.924671
0.924694
0.924717
0.924738
0.924759
0.924778
0.924797
0.924814
0.924831
0.924846
0.924861
0.924874
0.924887
0.924898
0.924908
0.924918
0.924926
0.924934
0.924940
0.924946
0.924950
0.924954
0.924956
0.924958
0.924958
0.924958
0.924957
0.924954
0.924951
0.924947
0.924942
0.924936
0.924929
0.924921
0.924912
0.924902
0.924891
0.924880
0.924867
0.924853
0.924839
0.924823
0.924807
0.924790
0.924772
0.924753
0.924733
0.924712
0.924690
0.924667
0.924644
0.924619
0.924594
0.924568
0.924541
0.924513
0.924484
0.924454
0.924423
0.924392
0.924359
0.924326
0.924292
0.924257
0.924221
0.924184
0.924146
0.924108
0.924069
0.924028
0.923987
0.923946
0.923903
0.923859
0.923815
0.923770
0.923724
0.923677
0.923629
0.923580
0.923531
0.923481
0.923430
0.923378
0.923325
0.923271
0.923217
0.923162
0.923106
0.923049
0.922992
0.922933
0.922874
0.922814
0.922753
0.922691
0.922629
0.922566
0.922502
0.922437
0.922371
0.922305
0.922238
0.922170
0.922101
0.922031
0.921961
0.921890
0.921818
0.921745
0.921672
0.921598
0.921523
0.921447
0.921370
0.921293
0.921215
0.921136
0.921057
0.920976
0.920895
0.920813
0.920731
0.920647
0.920563
0.920478
0.920393
0.920306
0.920219
0.920131
0.920042
0.919953
0.919863
0.919772
0.919680
0.919588
0.919495
0.919401
0.919306
0.919211
0.919115
0.919018
0.918921
0.918822
0.918723
0.918624
0.918523
0.918422
0.918320
0.918217
0.918114
0.918010
0.917905
0.917800
0.917693
0.917586
0.917479
0.917370
0.917261
0.917151
0.917041
0.916930
0.916818
0.916705
0.916592
0.916477
0.916363
0.916247
0.916131
0.916014
0.915896
0.915778
0.915659
0.915539
0.915419
0.915297
0.915176
0.915053
0.914930
0.914806
0.914681
0.914556
0.914430
0.914303
0.914175
0.914047
0.913918
0.913789
0.913659
0.913528
0.913396
0.913264
0.913131
0.912997
0.912863
0.912728
0.912592
0.912456
0.912318
0.912181
0.912042
0.911903
0.911763
0.911622
0.911481
0.911339
0.911197
0.911053
0.910909
0.910765
0.910619
0.910473
0.910327
0.910179
0.910031
0.909883
0.909733
0.909583
0.909432
0.909281
0.909129
0.908976
0.908823
0.908668
0.908514
0.908358
0.908202
0.908045
0.907888
0.907729
0.907571
0.907411
0.907251
0.907090
0.906928
0.906766
0.906603
0.906440
0.906275
0.906111
0.905945
0.905779
0.905612
0.905444
0.905276
0.905107
0.904938
0.904767
0.904596
0.904425
0.904253
0.904080
0.903906
0.903732
0.903557
0.903381
0.903205
0.903028
0.902851
0.902672
0.902493
0.902314
0.902134
0.901953
0.901771
0.901589
0.901406
0.901222
0.901038
0.900853
0.900668
0.900482
0.900295
0.900107
0.899919
0.899730
0.899541
0.899351
0.899160
0.898968
0.898776
0.898583
0.898390
0.898196
0.898001
0.897805
0.897609
0.897413
0.897215
0.897017
0.896818
0.896619
0.896419
0.896218
0.896017
0.895815
0.895612
0.895409
0.895205
0.895000
0.894795
0.894589
0.894382
0.894175
0.893967
0.893758
0.893549
0.893339
0.893128
0.892917
0.892705
0.892493
0.892280
0.892066
0.891851
0.891636
0.891420
0.891204
0.890987
0.890769
0.890551
0.890332
0.890112
0.889891
0.889670
0.889449
0.889226
0.889003
0.888780
0.888556
0.888331
0.888105
0.887879
0.887652
0.887424
0.887196
0.886967
0.886738
0.886508
0.886277
0.886046
0.885813
0.885581
0.885347
0.885113
0.884879
0.884643
0.884407
0.884171
0.883934
0.883696
0.883457
0.883218
0.882978
0.882738
0.882497
0.882255
0.882012
0.881769
0.881526
0.881281
0.881036
0.880791
0.880544
0.880297
0.880050
0.879802
0.879553
0.879303
0.879053
0.878803
0.878551
0.878299
0.878046
0.877793
0.877539
0.877285
0.877029
0.876774
0.876517
0.876260
0.876002
0.875744
0.875485
0.875225
0.874965
0.874704
0.874442
0.874180
0.873917
0.873654
0.873390
0.873125
0.872860
0.872594
0.872327
0.872060
0.871792
0.871524
0.871254
0.870985
0.870714
0.870443
0.870172
0.869899
0.869627
0.869353
0.869079
0.868804
0.868529
0.868253
