2.344713
2.344708
2.344698
2.344684
2.344666
2.344645
2.344619
2.344591
2.344559
2.344525
2.344488
2.344450
2.344409
2.344367
2.344323
2.344279
2.344233
2.344186
2.344139
2.344092
2.344045
2.343997
2.343950
2.343903
2.343857
2.343811
2.343766
2.343722
2.343679
2.343637
2.343596
2.343556
2.343518
2.343482
2.343446
2.343413
2.343381
2.343351
2.343322
2.343295
2.343270
2.343247
2.343226
2.343207
2.343190
2.343174
2.343161
2.343149
2.343140
2.343133
2.343127
2.343124
2.343122
2.343123
2.343126
2.343130
2.343137
2.343145
2.343156
2.343168
2.343182
2.343199
2.343217
2.343237
2.343258
2.343282
2.343307
2.343335
2.343364
2.343394
2.343427
2.343461
2.343496
2.343534
2.343573
2.343613
2.343655
2.343699
2.343744
2.343790
2.343838
2.343888
2.343939
2.343991
2.344044
2.344099
2.344155
2.344212
2.344271
2.344331
2.344391
2.344454
2.344517
2.344581
2.344646
2.344713
2.344780
2.344848
2.344918
2.344988
2.345059
2.345131
2.345204
2.345278
2.345352
2.345428
2.345504
2.345580
2.345658
2.345736
2.345815
2.345894
2.345974
2.346055
2.346136
2.346218
2.346300
2.346383
2.346466
2.346549
2.346633
2.346718
2.346803
2.346888
2.346973
2.347059
2.347145
2.347231
2.347318
2.347405
2.347492
2.347579
2.347666
2.347754
2.347841
2.347929
2.348017
2.348105
2.348193
2.348281
2.348369
2.348458
2.348546
2.348634
2.348722
2.348810
2.348898
2.348986
2.349074
2.349161
2.349249
2.349336
2.349424
2.349511
2.349598
2.349685
2.349771
2.349858
2.349944
2.350030
2.350116
2.350201
2.350287
2.350372
2.350456
2.350541
2.350625
2.350708
2.350792
2.350875
2.350958
2.351040
2.351122
2.351204
2.351285
2.351366
2.351447
2.351527
2.351607
2.351686
2.351765
2.351843
2.351921
2.351999
2.352076
2.352153
2.352229
2.352305
2.352380
2.352455
2.352529
2.352603
2.352676
2.352749
2.352821
2.352893
2.352964
2.353035
2.353105
2.353175
2.353244
2.353313
2.353381
2.353448
2.353515
2.353582
2.353648
2.353713
2.353778
2.353842
2.353906
2.353969
2.354031
2.354093
2.354154
2.354215
2.354275
2.354335
2.354394
2.354452
2.354510
2.354567
2.354624
2.354680
2.354735
2.354790
2.354844
2.354898
2.354951
2.355003
2.355055
2.355106
2.355157
2.355207
2.355256
2.355305
2.355353
2.355401
2.355448
2.355494
2.355540
2.355585
2.355629
2.355673
2.355716
2.355759
2.355801
2.355843
2.355883
2.355924
2.355963
2.356002
2.356041
2.356078
2.356115
2.356152
2.356188
2.356223
2.356258
2.356292
2.356326
2.356359
2.356391
2.356423
2.356454
2.356485
2.356515
2.356544
2.356573
2.356601
2.356629
2.356656
2.356682
2.356708
2.356733
2.356758
2.356782
2.356806
2.356829
2.356851
2.356873
2.356894
2.356915
2.356935
2.356955
2.356974
2.356992
2.357010
2.357027
2.357044
2.357060
2.357076
2.357091
2.357106
2.357120
2.357133
2.357146
2.357159
2.357171
2.357182
2.357193
2.357203
2.357213
2.357222
2.357231
2.357239
2.357247
2.357254
2.357261
2.357267
2.357273
2.357278
2.357283
2.357287
2.357291
2.357294
2.357297
2.357299
2.357301
2.357303
2.357304
2.357304
2.357304
2.357303
2.357302
2.357301
2.357299
2.357296
2.357294
2.357290
2.357287
2.357282
2.357278
2.357273
2.357267
2.357261
2.357255
2.357248
2.357241
2.357233
2.357225
2.357217
2.357208
2.357198
2.357189
2.357178
2.357168
2.357157
2.357146
2.357134
2.357122
2.357109
2.357096
2.357083
2.357069
2.357055
2.357041
2.357026
2.357011
2.356995
2.356979
2.356963
2.356946
2.356929
2.356912
2.356894
2.356876
2.356858
2.356839
2.356820
2.356800
2.356780
2.356760
2.356740
2.356719
2.356698
2.356677
2.356655
2.356633
2.356610
2.356588
2.356565
2.356541
2.356518
2.356494
2.356469
2.356445
2.356420
2.356395
2.356370
2.356344
2.356318
2.356292
2.356265
2.356238
2.356211
2.356184
2.356156
2.356128
2.356100
2.356072
2.356043
2.356014
2.355985
2.355956
2.355926
2.355896
2.355866
2.355835
2.355805
2.355774
2.355743
2.355712
2.355680
2.355648
2.355616
2.355584
2.355551
2.355519
2.355486
2.355453
2.355419
2.355386
2.355352
2.355318
2.355284
2.355250
2.355215
2.355181
2.355146
2.355111
2.355076
2.355040
2.355005
2.354969
2.354933
2.354897
2.354860
2.354824
2.354787
2.354751
2.354714
2.354677
2.354639
2.354602
2.354564
2.354527
2.354489
2.354451
2.354413
2.354375
2.354336
2.354298
2.354259
2.354220
2.354181
2.354142
2.354103
2.354064
2.354025
2.353985
2.353946
2.353906
2.353866
2.353826
2.353786
2.353746
2.353706
2.353666
2.353626
2.353585
2.353545
2.353504
2.353463
2.353423
2.353382
2.353341
2.353300
2.353259
2.353218
2.353177
2.353136
2.353094
2.353053
2.353012
2.352970
2.352929
2.352887
2.352846
2.352804
2.352763
2.352721
2.352679
2.352638
2.352596
2.352554
2.352513
2.352471
2.352429
2.352387
2.352345
2.352304
2.352262
2.352220
2.352178
2.352136
2.352095
2.352053
2.352011
2.351969
2.351928
2.351886
2.351844
2.351803
2.351761
2.351719
2.351678
2.351636
2.351595
2.351553
2.351512
2.351471
2.351429
2.351388
2.351347
2.351306
2.351265
2.351224
2.351183
2.351142
2.351101
2.351061
2.351020
2.350979
2.350939
2.350899
2.350858
2.350818
2.350778
2.350738
2.350698
2.350658
2.350619
2.350579
2.350540
2.350500
2.350461
2.350422
2.350383
2.350344
2.350305
2.350267
2.350228
2.350190
2.350152
2.350114
2.350076
2.350038
2.350000
2.349963
2.349925
2.349888
2.349851
2.349815
2.349778
2.349741
2.349705
2.349669
2.349633
2.349597
2.349562
2.349526
2.349491
2.349456
2.349421
2.349387
2.349352
2.349318
2.349284
2.349250
2.349217
2.349183
2.349150
2.349117
2.349085
2.349052
2.349020
2.348988
2.348956
2.348925
2.348893
2.348862
2.348832
2.348801
2.348771
2.348741
2.348711
2.348681
2.348652
2.348623
2.348595
2.348566
2.348538
2.348510
2.348483
2.348455
2.348428
2.348402
2.348375
2.348349
2.348323
2.348298
2.348273
2.348248
2.348223
2.348199
2.348175
2.348151
2.348128
2.348105
2.348082
2.348060
2.348038
2.348016
2.347995
2.347974
2.347953
2.347933
2.347913
2.347894
2.347874
2.347856
2.347837
2.347819
2.347801
2.347784
2.347767
2.347750
2.347734
2.347718
2.347702
2.347687
2.347673
2.347658
2.347644
2.347631
2.347618
2.347605
2.347593
2.347581
2.347569
2.347558
2.347548
2.347537
2.347528
2.347518
2.347509
2.347501
2.347493
2.347485
2.347478
2.347471
2.347465
2.347459
2.347453
2.347448
2.347444
2.347440
2.347436
2.347433
2.347430
2.347428
2.347426
2.347425
2.347424
2.347424
2.347424
2.347425
2.347426
2.347428
2.347430
2.347432
2.347435
2.347439
2.347443
2.347448
2.347453
2.347458
2.347465
2.347471
2.347478
2.347486
2.347494
2.347503
2.347512
2.347522
2.347532
2.347543
2.347555
2.347567
2.347579
2.347592
2.347606
2.347620
2.347634
2.347649
2.347665
2.347681
2.347698
2.347716
2.347734
2.347752
2.347771
2.347791
2.347811
2.347832
2.347853
2.347875
2.347898
2.347921
2.347945
2.347969
2.347994
2.348020
2.348046
2.348072
2.348100
2.348127
2.348156
2.348185
2.348215
2.348245
2.348276
2.348307
2.348339
2.348372
2.348405
2.348439
2.348474
2.348509
2.348545
2.348581
2.348618
2.348656
2.348694
2.348733
2.348773
2.348813
2.348854
2.348895
2.348938
2.348980
2.349024
2.349068
2.349113
2.349158
2.349204
2.349251
2.349298
2.349346
2.349394
2.349444
2.349494
2.349544
2.349596
2.349647
2.349700
2.349753
2.349807
2.349862
2.349917
2.349973
2.350030
2.350087
2.350145
2.350203
2.350263
2.350323
2.350383
2.350445
2.350507
2.350569
2.350633
2.350697
2.350762
2.350827
2.350893
2.350960
2.351028
2.351096
2.351165
2.351234
2.351304
2.351375
2.351447
2.351519
2.351593
2.351666
2.351741
2.351816
2.351892
2.351968
2.352046
2.352124
2.352202
2.352282
2.352362
2.352442
2.352524
2.352606
2.352689
2.352773
2.352857
2.352942
2.353028
2.353114
2.353201
2.353289
2.353378
2.353467
2.353557
2.353647
2.353739
2.353831
2.353924
2.354017
2.354111
2.354206
2.354302
2.354398
2.354495
2.354593
2.354692
2.354791
2.354891
2.354991
2.355093
2.355195
2.355297
2.355401
2.355505
2.355610
2.355715
2.355822
2.355929
2.356036
2.356145
2.356254
2.356364
2.356474
2.356585
2.356697
2.356810
2.356923
2.357037
2.357152
2.357267
2.357383
2.357500
2.357618
2.357736
2.357855
2.357974
2.358094
2.358215
2.358337
2.358459
2.358582
2.358706
2.358830
2.358956
2.359081
2.359208
2.359335
2.359463
2.359591
2.359720
2.359850
2.359981
2.360112
2.360243
2.360376
2.360509
2.360643
2.360777
2.360913
2.361048
2.361185
2.361322
2.361460
2.361598
2.361737
2.361877
2.362017
2.362158
2.362300
2.362442
2.362585
2.362729
2.362873
2.363018
2.363163
2.363309
2.363456
2.363603
2.363751
2.363900
2.364049
2.364199
2.364349
2.364500
2.364652
2.364804
2.364957
2.365110
2.365264
2.365418
2.365574
2.365729
2.365886
2.366042
2.366200
2.366358
2.366516
2.366676
2.366835
2.366996
2.367156
2.367318
2.367480
2.367642
2.367805
2.367968
2.368133
2.368297
2.368462
2.368628
2.368794
2.368961
2.369128
2.369295
2.369463
2.369632
2.369801
2.369971
2.370141
2.370312
2.370483
2.370654
2.370826
2.370999
2.371172
2.371345
2.371519
2.371693
2.371868
2.372043
2.372218
2.372394
2.372571
2.372748
2.372925
2.373103
2.373281
2.373459
2.373638
2.373817
2.373997
2.374177
2.374357
2.374538
2.374719
2.374900
2.375082
2.375264
2.375447
2.375630
2.375813
2.375996
2.376180
2.376364
2.376548
2.376733
2.376918
2.377103
2.377289
2.377475
2.377661
2.377847
2.378034
2.378221
2.378408
2.378595
2.378783
2.378971
2.379159
2.379347
2.379536
2.379724
2.379913
2.380102
2.380291
2.380481
2.380670
2.380860
2.381050
2.381240
2.381430
2.381621
2.381811
2.382002
2.382192
2.382383
2.382574
2.382765
2.382956
2.383147
2.383339
2.383530
2.383721
2.383913
2.384104
2.384296
2.384487
2.384679
2.384870
2.385062
2.385254
2.385445
2.385637
2.385828
2.386020
2.386211
2.386403
2.386594
2.386785
2.386976
2.387168
2.387359
2.387550
2.387740
2.387931
2.388122
2.388312
2.388503
2.388693
2.388883
2.389073
2.389263
2.389452
2.389641
2.389831
2.390020
2.390208
2.390397
2.390585
2.390773
2.390961
2.391149
2.391336
2.391523
2.391710
2.391897
2.392083
2.392269
2.392454
2.392640
2.392825
2.393009
2.393193
2.393377
2.393561
2.393744
2.393927
2.394109
2.394291
2.394473
2.394654
2.394835
2.395015
2.395195
2.395374
2.395553
2.395732
2.395910
2.396087
2.396264
2.396441
2.396617
2.396792
2.396967
2.397142
2.397315
2.397489
2.397661
2.397833
2.398005
2.398176
2.398346
2.398516
2.398685
2.398853
2.399021
2.399188
2.399355
2.399521
2.399686
2.399850
2.400014
2.400177
2.400340
2.400501
2.400662
2.400822
2.400982
2.401140
2.401298
2.401455
2.401611
2.401767
2.401922
2.402075
2.402228
2.402381
2.402532
2.402682
2.402832
2.402981
2.403129
2.403276
2.403422
2.403567
2.403711
2.403855
2.403997
2.404139
2.404279
2.404419
2.404558
2.404695
2.404832
2.404968
2.405102
2.405236
2.405369
2.405500
2.405631
2.405761
2.405889
2.406017
2.406143
2.406268
2.406393
2.406516
2.406638
2.406759
2.406879
2.406997
2.407115
2.407231
2.407347
2.407461
2.407574
2.407685
2.407796
2.407905
2.408014
2.408121
2.408227
2.408331
2.408435
2.408537
2.408638
2.408737
2.408836
2.408933
2.409029
2.409123
2.409217
2.409309
2.409400
2.409489
2.409577
2.409664
2.409750
2.409834
2.409917
2.409998
2.410078
2.410157
2.410235
2.410311
2.410385
2.410459
2.410531
2.410601
2.410670
2.410738
2.410805
2.410869
2.410933
2.410995
2.411056
2.411115
2.411173
2.411229
2.411284
2.411338
2.411390
2.411440
2.411489
2.411537
2.411583
2.411627
2.411671
2.411712
2.411752
2.411791
2.411828
2.411864
2.411898
2.411930
2.411961
2.411991
2.412019
2.412046
2.412070
2.412094
2.412116
2.412136
2.412155
2.412172
2.412188
2.412202
2.412214
2.412225
2.412235
2.412243
2.412249
2.412254
2.412257
2.412258
2.412258
2.412257
2.412254
2.412249
2.412242
2.412234
2.412225
2.412214
2.412201
2.412187
2.412171
2.412153
2.412134
2.412114
2.412091
2.412067
2.412042
2.412015
2.411986
2.411956
2.411924
2.411890
2.411855
2.411819
2.411780
2.411740
2.411699
2.411656
2.411611
2.411565
2.411517
2.411467
2.411416
2.411364
2.411309
2.411254
2.411196
2.411137
2.411076
2.411014
2.410950
2.410885
2.410818
2.410749
2.410679
2.410608
2.410534
2.410460
2.410383
2.410305
2.410226
2.410144
2.410062
2.409978
2.409892
2.409805
2.409716
2.409625
2.409533
2.409440
2.409345
2.409248
2.409150
2.409051
2.408950
2.408847
2.408743
2.408638
2.408530
2.408422
2.408312
2.408200
2.408087
2.407973
2.407857
2.407739
2.407620
2.407500
2.407378
2.407255
2.407130
2.407004
2.406877
2.406748
2.406617
2.406485
2.406352
2.406217
2.406081
2.405944
2.405805
2.405665
2.405524
2.405381
2.405236
2.405091
2.404944
2.404796
2.404646
2.404495
2.404343
2.404189
2.404034
2.403878
2.403721
2.403562
2.403402
2.403241
2.403078
2.402914
2.402749
2.402583
2.402415
2.402247
2.402077
2.401906
2.401733
2.401560
2.401385
2.401209
2.401032
2.400854
2.400674
2.400494
2.400312
2.400129
2.399945
2.399760
2.399574
2.399387
2.399199
2.399010
2.398819
2.398628
2.398435
2.398242
2.398047
2.397851
2.397655
2.397457
2.397258
2.397059
2.396858
2.396657
2.396454
2.396251
2.396046
2.395841
2.395635
2.395428
2.395220
2.395011
2.394801
2.394590
2.394379
2.394166
2.393953
2.393739
2.393524
2.393308
2.393092
2.392874
2.392656
2.392437
2.392218
2.391997
2.391776
2.391554
2.391332
2.391108
2.390884
2.390660
2.390434
2.390208
2.389981
2.389754
2.389526
2.389297
2.389068
2.388838
2.388607
2.388376
2.388144
2.387912
2.387679
2.387446
2.387212
2.386977
2.386742
2.386507
2.386271
2.386034
2.385797
2.385560
2.385322
2.385083
2.384844
2.384605
2.384365
2.384125
2.383885
2.383644
2.383403
2.383161
2.382919
2.382676
2.382434
2.382191
2.381947
2.381703
2.381459
2.381215
2.380971
2.380726
2.380481
2.380235
2.379990
2.379744
2.379498
2.379251
2.379005
2.378758
2.378511
2.378264
2.378017
2.377770
2.377522
2.377275
2.377027
2.376779
2.376531
2.376283
2.376035
2.375787
2.375539
2.375290
2.375042
2.374793
2.374545
2.374296
2.374048
2.373799
2.373551
2.373303
2.373054
2.372806
2.372557
2.372309
2.372061
2.371813
2.371565
2.371317
2.371069
2.370821
2.370573
2.370326
2.370079
2.369831
2.369584
2.369337
2.369091
2.368844
2.368598
2.368352
2.368106
2.367860
2.367614
2.367369
2.367124
2.366879
2.366635
2.366391
2.366147
2.365903
2.365659
2.365416
2.365174
2.364931
2.364689
2.364447
2.364206
2.363965
2.363724
2.363483
2.363243
2.363004
2.362764
2.362525
2.362287
2.362049
2.361811
2.361574
2.361337
2.361101
2.360865
2.360630
2.360395
2.360160
2.359926
2.359692
2.359459
2.359227
2.358995
2.358763
2.358532
2.358302
2.358072
2.357842
2.357613
2.357385
2.357157
2.356930
2.356703
2.356477
2.356252
2.356027
2.355802
2.355579
2.355356
2.355133
2.354911
2.354690
2.354470
2.354250
2.354030
2.353812
2.353594
2.353376
2.353160
2.352944
2.352728
2.352514
2.352300
2.352086
2.351874
2.351662
2.351451
2.351240
2.351031
2.350822
2.350614
2.350406
2.350199
2.349993
2.349788
2.349584
2.349380
2.349177
2.348975
2.348773
2.348573
2.348373
2.348174
2.347975
2.347778
2.347581
2.347385
2.347190
2.346996
2.346803
2.346610
2.346418
2.346227
2.346037
2.345848
2.345660
2.345472
2.345285
2.345099
2.344914
2.344730
2.344547
2.344364
2.344183
2.344002
2.343822
2.343644
2.343466
2.343288
2.343112
2.342937
2.342762
2.342589
2.342416
2.342244
2.342074
2.341904
2.341735
2.341566
2.341399
2.341233
2.341068
2.340903
2.340740
2.340577
2.340416
2.340255
2.340095
2.339937
2.339779
2.339622
2.339466
2.339311
2.339157
2.339004
2.338852
2.338700
2.338550
2.338401
2.338253
2.338105
2.337959
2.337814
2.337669
2.337526
2.337383
2.337242
2.337101
2.336962
2.336823
2.336686
2.336549
2.336413
2.336279
2.336145
2.336012
2.335881
2.335750
2.335620
2.335492
2.335364
2.335237
2.335112
2.334987
2.334863
2.334740
2.334619
2.334498
2.334378
2.334259
2.334141
2.334025
2.333909
2.333794
2.333680
2.333568
2.333456
2.333345
2.333235
2.333126
2.333019
2.332912
2.332806
2.332701
2.332598
2.332495
2.332393
2.332292
2.332192
2.332094
2.331996
2.331899
2.331803
2.331709
2.331615
2.331522
2.331430
2.331339
2.331250
2.331161
2.331073
2.330986
2.330900
2.330815
2.330732
2.330649
2.330567
2.330486
2.330406
2.330327
2.330249
2.330172
2.330096
2.330022
2.329948
2.329875
2.329803
2.329732
2.329661
2.329592
2.329524
2.329457
2.329391
2.329326
2.329262
2.329198
2.329136
2.329075
2.329015
2.328955
2.328897
2.328839
2.328783
2.328727
2.328673
2.328619
2.328566
2.328515
2.328464
2.328414
2.328365
2.328317
2.328270
2.328224
2.328179
2.328135
2.328092
2.328049
2.328008
2.327968
2.327928
2.327889
2.327852
2.327815
2.327779
2.327744
2.327710
2.327677
2.327645
2.327614
2.327583
2.327554
2.327525
2.327498
2.327471
2.327445
2.327420
2.327396
2.327373
2.327350
2.327329
2.327308
2.327289
2.327270
2.327252
2.327235
2.327219
2.327203
2.327189
2.327175
2.327162
2.327150
2.327139
2.327129
2.327120
2.327111
2.327104
2.327097
2.327091
2.327085
2.327081
2.327078
2.327075
2.327073
2.327072
2.327072
2.327072
2.327073
2.327076
2.327079
2.327082
2.327087
2.327092
2.327098
2.327105
2.327113
2.327122
2.327131
2.327141
2.327152
2.327163
2.327176
2.327189
2.327203
2.327217
2.327233
2.327249
2.327266
2.327283
2.327301
2.327321
2.327340
2.327361
2.327382
2.327404
2.327427
2.327450
2.327475
2.327499
2.327525
2.327551
2.327578
2.327606
2.327634
2.327663
2.327693
2.327723
2.327754
2.327786
2.327819
2.327852
2.327885
2.327920
2.327955
2.327991
2.328027
2.328064
2.328102
2.328140
2.328179
2.328219
2.328259
2.328300
2.328341
2.328383
2.328426
2.328469
2.328513
2.328558
2.328603
2.328648
2.328695
2.328742
2.328789
2.328837
2.328886
2.328935
2.328985
2.329035
2.329086
2.329137
2.329189
2.329242
2.329295
2.329349
2.329403
2.329458
2.329513
2.329569
2.329625
2.329682
2.329739
2.329797
2.329855
2.329914
2.329974
2.330033
2.330094
2.330155
2.330216
2.330278
2.330340
2.330403
2.330466
2.330530
2.330594
2.330659
2.330724
2.330789
2.330855
2.330922
2.330989
2.331056
2.331124
2.331192
2.331261
2.331330
2.331399
2.331469
2.331539
2.331610
2.331681
2.331752
2.331824
2.331897
2.331969
2.332042
2.332116
2.332189
2.332263
2.332338
2.332413
2.332488
2.332564
2.332640
2.332716
2.332792
2.332869
2.332947
2.333024
2.333102
2.333181
2.333259
2.333338
2.333417
2.333497
2.333577
2.333657
2.333737
2.333818
2.333899
2.333980
2.334062
2.334144
2.334226
2.334308
2.334391
2.334474
2.334557
2.334640
2.334724
2.334808
2.334892
2.334976
2.335061
2.335146
2.335231
2.335316
2.335402
2.335488
2.335574
2.335660
2.335746
2.335833
2.335919
2.336006
2.336094
2.336181
2.336268
2.336356
2.336444
2.336532
2.336620
2.336709
2.336797
2.336886
2.336975
2.337064
2.337153
2.337242
2.337331
2.337421
2.337510
2.337600
2.337690
2.337780
2.337870
2.337960
2.338051
2.338141
2.338232
2.338322
2.338413
2.338504
2.338595
2.338686
2.338777
2.338868
2.338959
2.339050
2.339142
2.339233
2.339324
2.339416
2.339507
2.339599
2.339691
2.339782
2.339874
2.339966
2.340057
2.340149
2.340241
2.340333
2.340425
2.340516
2.340608
2.340700
2.340792
2.340884
2.340976
2.341067
2.341159
2.341251
2.341343
2.341434
2.341526
2.341618
2.341709
2.341801
2.341892
2.341984
2.342075
2.342167
2.342258
2.342349
2.342441
2.342532
2.342623
2.342714
2.342805
2.342896
2.342987
2.343077
2.343168
2.343258
2.343349
2.343439
2.343529
2.343620
2.343710
2.343800
2.343889
2.343979
2.344069
2.344158
2.344247
2.344337
2.344426
2.344515
2.344603
2.344692
2.344781
2.344869
2.344957
2.345045
2.345133
2.345221
2.345308
2.345396
2.345483
2.345570
2.345657
2.345744
2.345830
2.345917
2.346003
2.346089
2.346175
2.346261
2.346346
2.346431
2.346516
2.346601
2.346686
2.346770
2.346854
2.346938
2.347022
2.347106
2.347189
2.347272
2.347355
2.347438
2.347520
2.347603
2.347685
2.347766
2.347848
2.347929
2.348010
2.348091
2.348171
2.348252
2.348332
2.348411
2.348491
2.348570
2.348649
2.348728
2.348806
2.348884
2.348962
2.349040
2.349117
2.349194
2.349271
2.349347
2.349423
2.349499
2.349575
2.349650
2.349725
2.349800
2.349874
2.349948
2.350022
2.350096
2.350169
2.350242
2.350314
2.350386
2.350458
2.350530
2.350601
2.350672
2.350743
2.350813
2.350883
2.350953
2.351022
2.351091
2.351160
2.351228
2.351296
2.351363
2.351431
2.351498
2.351564
2.351630
2.351696
2.351762
2.351827
2.351892
2.351956
2.352021
2.352084
2.352148
2.352211
2.352273
2.352336
2.352398
2.352459
2.352520
2.352581
2.352642
2.352702
2.352761
2.352821
2.352880
2.352938
2.352996
2.353054
2.353112
2.353169
2.353225
2.353282
2.353338
2.353393
2.353448
2.353503
2.353557
2.353611
2.353665
2.353718
2.353770
2.353823
2.353875
2.353926
2.353977
2.354028
2.354078
2.354128
2.354178
2.354227
2.354276
2.354324
2.354372
2.354419
2.354466
2.354513
2.354559
2.354605
2.354650
2.354695
2.354740
2.354784
2.354828
2.354871
2.354914
2.354956
2.354998
2.355040
2.355081
2.355122
2.355162
2.355202
2.355242
2.355281
2.355320
2.355358
2.355396
2.355433
2.355470
2.355507
2.355543
2.355579
2.355614
2.355649
2.355683
2.355717
2.355751
2.355784
2.355816
2.355849
2.355881
2.355912
2.355943
2.355974
2.356004
2.356033
2.356063
2.356091
2.356120
2.356148
2.356175
2.356202
2.356229
2.356255
2.356281
2.356307
2.356332
2.356356
2.356380
2.356404
2.356427
2.356450
2.356472
2.356494
2.356516
2.356537
2.356557
2.356578
2.356598
2.356617
2.356636
2.356654
2.356672
2.356690
2.356707
2.356724
2.356741
2.356757
2.356772
2.356787
2.356802
2.356816
2.356830
2.356843
2.356856
2.356869
2.356881
2.356893
2.356904
2.356915
2.356926
2.356936
2.356945
2.356955
2.356963
2.356972
2.356980
2.356987
2.356995
2.357001
2.357008
2.357014
2.357019
2.357024
2.357029
2.357033
2.357037
2.357041
2.357044
2.357047
2.357049
2.357051
2.357052
2.357053
2.357054
2.357054
2.357054
2.357054
2.357053
2.357052
2.357050
2.357048
2.357045
2.357043
2.357039
2.357036
2.357032
2.357027
2.357023
2.357017
2.357012
2.357006
2.357000
2.356993
2.356986
2.356979
2.356971
2.356963
2.356954
2.356945
2.356936
2.356927
2.356917
2.356906
2.356896
2.356885
2.356873
2.356861
2.356849
2.356837
2.356824
2.356811
2.356797
2.356783
2.356769
2.356755
2.356740
2.356725
2.356709
2.356693
2.356677
2.356660
2.356643
2.356626
2.356609
2.356591
2.356572
2.356554
2.356535
2.356516
2.356496
2.356477
2.356456
2.356436
2.356415
2.356394
2.356373
2.356351
2.356329
2.356307
2.356284
2.356262
2.356238
2.356215
2.356191
2.356167
2.356143
2.356118
2.356093
2.356068
2.356043
2.356017
2.355991
2.355965
2.355938
2.355911
2.355884
2.355857
2.355829
2.355801
2.355773
2.355745
2.355716
2.355687
2.355658
2.355629
2.355599
2.355569
2.355539
2.355509
2.355478
2.355448
2.355417
2.355385
2.355354
2.355322
2.355290
2.355258
2.355226
2.355193
2.355160
2.355127
2.355094
2.355060
2.355027
2.354993
2.354959
2.354925
2.354890
2.354856
2.354821
2.354786
2.354751
2.354715
2.354680
2.354644
2.354608
2.354572
2.354536
2.354499
2.354463
2.354426
2.354389
2.354352
2.354315
2.354278
2.354240
2.354202
2.354165
2.354127
2.354089
2.354050
2.354012
2.353974
2.353935
2.353896
2.353857
2.353818
2.353779
2.353740
2.353701
2.353661
2.353622
2.353582
2.353542
2.353503
2.353463
2.353423
2.353383
2.353342
2.353302
2.353262
2.353221
2.353181
2.353140
2.353099
2.353059
2.353018
2.352977
2.352936
2.352895
2.352854
2.352813
2.352772
2.352731
2.352689
2.352648
2.352607
2.352565
2.352524
2.352483
2.352441
2.352400
2.352358
2.352317
2.352275
2.352234
2.352192
2.352150
2.352109
2.352067
2.352026
2.351984
2.351943
2.351901
2.351860
2.351818
2.351777
2.351735
2.351694
2.351652
2.351611
2.351570
2.351528
2.351487
2.351446
2.351405
2.351363
2.351322
2.351281
2.351240
2.351199
2.351158
2.351118
2.351077
2.351036
2.350996
2.350955
2.350915
2.350874
2.350834
2.350794
2.350754
2.350714
2.350674
2.350634
2.350595
2.350555
2.350516
2.350476
2.350437
2.350398
2.350359
2.350320
2.350281
2.350243
2.350204
2.350166
2.350128
2.350090
2.350052
2.350014
2.349976
2.349939
2.349902
2.349865
2.349828
2.349791
2.349754
2.349718
2.349681
2.349645
2.349609
2.349574
2.349538
2.349503
2.349467
2.349432
2.349398
2.349363
2.349329
2.349295
2.349261
2.349227
2.349193
2.349160
2.349127
2.349094
2.349061
2.349029
2.348997
2.348965
2.348933
2.348902
2.348871
2.348840
2.348809
2.348779
2.348748
2.348718
2.348689
2.348659
2.348630
2.348601
2.348573
2.348545
2.348517
2.348489
2.348461
2.348434
2.348407
2.348381
2.348355
2.348329
2.348303
2.348278
2.348253
2.348228
2.348203
2.348179
2.348156
2.348132
2.348109
2.348086
2.348064
2.348042
2.348020
2.347998
2.347977
2.347957
2.347936
2.347916
2.347896
2.347877
2.347858
2.347840
2.347821
2.347804
2.347786
2.347769
2.347752
2.347736
2.347720
2.347704
2.347689
2.347674
2.347660
2.347646
2.347632
2.347619
2.347606
2.347594
2.347582
2.347570
2.347559
2.347549
2.347538
2.347528
2.347519
2.347510
2.347501
2.347493
2.347486
2.347478
2.347471
2.347465
2.347459
2.347454
2.347449
2.347444
2.347440
2.347436
2.347433
2.347431
2.347428
2.347427
2.347425
2.347424
2.347424
2.347424
2.347425
2.347426
2.347428
2.347430
2.347432
2.347435
2.347439
2.347443
2.347448
2.347453
2.347458
2.347465
2.347471
2.347478
2.347486
2.347494
2.347503
2.347512
2.347522
2.347532
2.347543
2.347555
2.347567
2.347579
2.347592
2.347606
2.347620
2.347634
2.347649
2.347665
2.347682
2.347698
2.347716
2.347734
2.347752
2.347772
2.347791
2.347811
2.347832
2.347854
2.347876
2.347898
2.347921
2.347945
2.347970
2.347994
2.348020
2.348046
2.348073
2.348100
2.348128
2.348156
2.348185
2.348215
2.348245
2.348276
2.348308
2.348340
2.348373
2.348406
2.348440
2.348475
2.348510
2.348546
2.348582
2.348619
2.348657
2.348695
2.348734
2.348774
2.348814
2.348855
2.348896
2.348939
2.348981
2.349025
2.349069
2.349114
2.349159
2.349205
2.349252
2.349299
2.349347
2.349396
2.349445
2.349495
2.349546
2.349597
2.349649
2.349701
2.349755
2.349809
2.349863
2.349918
2.349974
2.350031
2.350088
2.350146
2.350205
2.350264
2.350324
2.350385
2.350446
2.350508
2.350571
2.350634
2.350698
2.350763
2.350829
2.350895
2.350962
2.351029
2.351097
2.351166
2.351236
2.351306
2.351377
2.351449
2.351521
2.351594
2.351668
2.351742
2.351818
2.351893
2.351970
2.352047
2.352125
2.352204
2.352283
2.352363
2.352444
2.352526
2.352608
2.352691
2.352774
2.352859
2.352944
2.353029
2.353116
2.353203
2.353291
2.353379
2.353468
2.353558
2.353649
2.353740
2.353833
2.353925
2.354019
2.354113
2.354208
2.354304
2.354400
2.354497
2.354595
2.354693
2.354792
2.354892
2.354993
2.355094
2.355196
2.355299
2.355402
2.355506
2.355611
2.355717
2.355823
2.355930
2.356038
2.356146
2.356255
2.356365
2.356475
2.356587
2.356698
2.356811
2.356924
2.357038
2.357153
2.357268
2.357384
2.357501
2.357619
2.357737
2.357856
2.357975
2.358095
2.358216
2.358338
2.358460
2.358583
2.358707
2.358831
2.358956
2.359082
2.359208
2.359336
2.359463
2.359592
2.359721
2.359851
2.359981
2.360112
2.360244
2.360377
2.360510
2.360644
2.360778
2.360913
2.361049
2.361185
2.361322
2.361460
2.361599
2.361738
2.361877
2.362018
2.362159
2.362300
2.362443
2.362585
2.362729
2.362873
2.363018
2.363163
2.363309
2.363456
2.363603
2.363751
2.363900
2.364049
2.364199
2.364349
2.364500
2.364652
2.364804
2.364957
2.365110
2.365264
2.365418
2.365573
2.365729
2.365885
2.366042
2.366200
2.366358
2.366516
2.366675
2.366835
2.366995
2.367156
2.367317
2.367479
2.367642
2.367805
2.367968
2.368132
2.368297
2.368462
2.368627
2.368793
2.368960
2.369127
2.369295
2.369463
2.369631
2.369801
2.369970
2.370140
2.370311
2.370482
2.370653
2.370825
2.370998
2.371171
2.371344
2.371518
2.371692
2.371867
2.372042
2.372218
2.372394
2.372570
2.372747
2.372924
2.373102
2.373280
2.373458
2.373637
2.373816
2.373996
2.374176
2.374356
2.374537
2.374718
2.374899
2.375081
2.375263
2.375446
2.375629
2.375812
2.375995
2.376179
2.376363
2.376547
2.376732
2.376917
2.377102
2.377288
2.377474
2.377660
2.377846
2.378033
2.378220
2.378407
2.378594
2.378782
2.378970
2.379158
2.379346
2.379534
2.379723
2.379912
2.380101
2.380290
2.380480
2.380669
2.380859
2.381049
2.381239
2.381429
2.381620
2.381810
2.382001
2.382191
2.382382
2.382573
2.382764
2.382955
2.383146
2.383338
2.383529
2.383720
2.383912
2.384103
2.384295
2.384486
2.384678
2.384869
2.385061
2.385253
2.385444
2.385636
2.385827
2.386019
2.386210
2.386402
2.386593
2.386784
2.386975
2.387167
2.387358
2.387549
2.387739
2.387930
2.388121
2.388311
2.388502
2.388692
2.388882
2.389072
2.389262
2.389451
2.389641
2.389830
2.390019
2.390207
2.390396
2.390584
2.390773
2.390960
2.391148
2.391335
2.391522
2.391709
2.391896
2.392082
2.392268
2.392453
2.392639
2.392824
2.393008
2.393193
2.393377
2.393560
2.393743
2.393926
2.394108
2.394290
2.394472
2.394653
2.394834
2.395014
2.395194
2.395374
2.395553
2.395731
2.395909
2.396087
2.396264
2.396440
2.396616
2.396792
2.396967
2.397141
2.397315
2.397488
2.397661
2.397833
2.398004
2.398175
2.398346
2.398515
2.398684
2.398853
2.399021
2.399188
2.399354
2.399520
2.399685
2.399850
2.400014
2.400177
2.400339
2.400501
2.400662
2.400822
2.400981
2.401140
2.401298
2.401455
2.401611
2.401766
2.401921
2.402075
2.402228
2.402380
2.402532
2.402682
2.402832
2.402981
2.403128
2.403276
2.403422
2.403567
2.403711
2.403855
2.403997
2.404139
2.404279
2.404419
2.404557
2.404695
2.404832
2.404967
2.405102
2.405236
2.405369
2.405500
2.405631
2.405760
2.405889
2.406016
2.406143
2.406268
2.406392
2.406516
2.406638
2.406759
2.406878
2.406997
2.407115
2.407231
2.407346
2.407461
2.407574
2.407685
2.407796
2.407905
2.408014
2.408121
2.408227
2.408331
2.408435
2.408537
2.408638
2.408737
2.408836
2.408933
2.409029
2.409123
2.409217
2.409309
2.409400
2.409489
2.409577
2.409664
2.409750
2.409834
2.409917
2.409998
2.410078
2.410157
2.410235
2.410311
2.410385
2.410459
2.410531
2.410601
2.410670
2.410738
2.410805
2.410869
2.410933
2.410995
2.411056
2.411115
2.411173
2.411229
2.411284
2.411338
2.411390
2.411440
2.411489
2.411537
2.411583
2.411627
2.411671
2.411712
2.411752
2.411791
2.411828
2.411864
2.411898
2.411930
2.411962
2.411991
2.412019
2.412046
2.412071
2.412094
2.412116
2.412136
2.412155
2.412172
2.412188
2.412202
2.412215
2.412225
2.412235
2.412243
2.412249
2.412254
2.412257
2.412258
2.412258
2.412257
2.412254
2.412249
2.412243
2.412235
2.412225
2.412214
2.412201
2.412187
2.412171
2.412154
2.412134
2.412114
2.412091
2.412068
2.412042
2.412015
2.411986
2.411956
2.411924
2.411891
2.411855
2.411819
2.411780
2.411741
2.411699
2.411656
2.411611
2.411565
2.411517
2.411468
2.411417
2.411364
2.411310
2.411254
2.411196
2.411137
2.411077
2.411014
2.410951
2.410885
2.410818
2.410750
2.410680
2.410608
2.410535
2.410460
2.410383
2.410305
2.410226
2.410145
2.410062
2.409978
2.409892
2.409805
2.409716
2.409626
2.409534
2.409440
2.409345
2.409249
2.409151
2.409051
2.408950
2.408847
2.408743
2.408638
2.408531
2.408422
2.408312
2.408201
2.408087
2.407973
2.407857
2.407740
2.407621
2.407500
2.407378
2.407255
2.407130
2.407004
2.406877
2.406748
2.406617
2.406486
2.406352
2.406218
2.406082
2.405944
2.405806
2.405665
2.405524
2.405381
2.405237
2.405091
2.404944
2.404796
2.404646
2.404495
2.404343
2.404189
2.404035
2.403878
2.403721
2.403562
2.403402
2.403241
2.403078
2.402915
2.402749
2.402583
2.402416
2.402247
2.402077
2.401906
2.401733
2.401560
2.401385
2.401209
2.401032
2.400854
2.400675
2.400494
2.400312
2.400130
2.399946
2.399761
2.399575
2.399387
2.399199
2.399010
2.398819
2.398628
2.398435
2.398242
2.398047
2.397852
2.397655
2.397457
2.397259
2.397059
2.396859
2.396657
2.396455
2.396251
2.396047
2.395841
2.395635
2.395428
2.395220
2.395011
2.394801
2.394591
2.394379
2.394167
2.393953
2.393739
2.393524
2.393309
2.393092
2.392875
2.392657
2.392438
2.392218
2.391998
2.391777
2.391555
2.391332
2.391109
2.390885
2.390660
2.390435
2.390208
2.389982
2.389754
2.389526
2.389297
2.389068
2.388838
2.388608
2.388377
2.388145
2.387913
2.387680
2.387446
2.387212
2.386978
2.386743
2.386507
2.386271
2.386035
2.385798
2.385560
2.385322
2.385084
2.384845
2.384606
2.384366
2.384126
2.383885
2.383644
2.383403
2.383161
2.382919
2.382677
2.382434
2.382191
2.381948
2.381704
2.381460
2.381216
2.380971
2.380726
2.380481
2.380236
2.379990
2.379744
2.379498
2.379252
2.379005
2.378759
2.378512
2.378265
2.378018
2.377770
2.377523
2.377275
2.377027
2.376780
2.376532
2.376284
2.376035
2.375787
2.375539
2.375291
2.375042
2.374794
2.374545
2.374297
2.374048
2.373800
2.373551
2.373303
2.373055
2.372806
2.372558
2.372310
2.372061
2.371813
2.371565
2.371317
2.371069
2.370822
2.370574
2.370326
2.370079
2.369832
2.369585
2.369338
2.369091
2.368845
2.368598
2.368352
2.368106
2.367860
2.367615
2.367370
2.367125
2.366880
2.366635
2.366391
2.366147
2.365903
2.365660
2.365417
2.365174
2.364932
2.364689
2.364448
2.364206
2.363965
2.363724
2.363484
2.363244
2.363004
2.362765
2.362526
2.362287
2.362049
2.361812
2.361574
2.361338
2.361101
2.360865
2.360630
2.360395
2.360160
2.359926
2.359693
2.359460
2.359227
2.358995
2.358764
2.358532
2.358302
2.358072
2.357843
2.357614
2.357385
2.357158
2.356930
2.356704
2.356478
2.356252
2.356027
2.355803
2.355579
2.355356
2.355134
2.354912
2.354690
2.354470
2.354250
2.354031
2.353812
2.353594
2.353377
2.353160
2.352944
2.352729
2.352514
2.352300
2.352087
2.351874
2.351662
2.351451
2.351241
2.351031
2.350822
2.350614
2.350406
2.350200
2.349994
2.349788
2.349584
2.349380
2.349177
2.348975
2.348774
2.348573
2.348373
2.348174
2.347976
2.347778
2.347582
2.347386
2.347191
2.346996
2.346803
2.346610
2.346419
2.346228
2.346038
2.345848
2.345660
2.345472
2.345286
2.345100
2.344915
2.344731
2.344547
2.344365
2.344183
2.344003
2.343823
2.343644
2.343466
2.343289
2.343112
2.342937
2.342763
2.342589
2.342416
2.342245
2.342074
2.341904
2.341735
2.341567
2.341400
2.341233
2.341068
2.340904
2.340740
2.340578
2.340416
2.340255
2.340096
2.339937
2.339779
2.339622
2.339466
2.339311
2.339157
2.339004
2.338852
2.338701
2.338550
2.338401
2.338253
2.338106
2.337959
2.337814
2.337669
2.337526
2.337384
2.337242
2.337102
2.336962
2.336823
2.336686
2.336549
2.336414
2.336279
2.336145
2.336013
2.335881
2.335750
2.335621
2.335492
2.335364
2.335237
2.335112
2.334987
2.334863
2.334740
2.334619
2.334498
2.334378
2.334259
2.334142
2.334025
2.333909
2.333794
2.333681
2.333568
2.333456
2.333345
2.333235
2.333127
2.333019
2.332912
2.332806
2.332702
2.332598
2.332495
2.332393
2.332292
2.332193
2.332094
2.331996
2.331899
2.331803
2.331709
2.331615
2.331522
2.331430
2.331339
2.331250
2.331161
2.331073
2.330986
2.330900
2.330816
2.330732
2.330649
2.330567
2.330486
2.330406
2.330327
2.330249
2.330173
2.330097
2.330022
2.329948
2.329875
2.329803
2.329732
2.329662
2.329593
2.329524
2.329457
2.329391
2.329326
2.329262
2.329199
2.329136
2.329075
2.329015
2.328955
2.328897
2.328839
2.328783
2.328727
2.328673
2.328619
2.328566
2.328515
2.328464
2.328414
2.328365
2.328317
2.328270
2.328224
2.328179
2.328135
2.328092
2.328049
2.328008
2.327968
2.327928
2.327890
2.327852
2.327815
2.327779
2.327744
2.327710
2.327677
2.327645
2.327614
2.327583
2.327554
2.327525
2.327498
2.327471
2.327445
2.327420
2.327396
2.327373
2.327350
2.327329
2.327308
2.327289
2.327270
2.327252
2.327235
2.327219
2.327203
2.327189
2.327175
2.327162
2.327150
2.327139
2.327129
2.327120
2.327111
2.327104
2.327097
2.327091
2.327085
2.327081
2.327078
2.327075
2.327073
2.327072
2.327072
2.327072
2.327073
2.327076
2.327079
2.327082
2.327087
2.327092
2.327098
2.327105
2.327113
2.327122
2.327131
2.327141
2.327152
2.327163
2.327176
2.327189
2.327203
2.327217
2.327233
2.327249
2.327265
2.327283
2.327301
2.327321
2.327340
2.327361
2.327382
2.327404
2.327427
2.327450
2.327474
2.327499
2.327525
2.327551
2.327578
2.327606
2.327634
2.327663
2.327693
2.327723
2.327754
2.327786
2.327819
2.327852
2.327885
2.327920
2.327955
2.327991
2.328027
2.328064
2.328102
2.328140
2.328179
2.328219
2.328259
2.328300
2.328341
2.328383
2.328426
2.328469
2.328513
2.328557
2.328603
2.328648
2.328695
2.328741
2.328789
2.328837
2.328886
2.328935
2.328985
2.329035
2.329086
2.329137
2.329189
2.329242
2.329295
2.329349
2.329403
2.329457
2.329513
2.329569
2.329625
2.329682
2.329739
2.329797
2.329855
2.329914
2.329974
2.330033
2.330094
2.330155
2.330216
2.330278
2.330340
2.330403
2.330466
2.330530
2.330594
2.330659
2.330724
2.330789
2.330855
2.330922
2.330989
2.331056
2.331124
2.331192
2.331261
2.331330
2.331399
2.331469
2.331539
2.331610
2.331681
2.331752
2.331824
2.331896
2.331969
2.332042
2.332115
2.332189
2.332263
2.332338
2.332413
2.332488
2.332564
2.332639
2.332716
2.332792
2.332869
2.332947
2.333024
2.333102
2.333180
2.333259
2.333338
2.333417
2.333497
2.333577
2.333657
2.333737
2.333818
2.333899
2.333980
2.334062
2.334144
2.334226
2.334308
2.334391
2.334474
2.334557
2.334640
2.334724
2.334808
2.334892
2.334976
2.335061
2.335146
2.335231
2.335316
2.335402
2.335488
2.335573
2.335660
2.335746
2.335833
2.335919
2.336006
2.336093
2.336181
2.336268
2.336356
2.336444
2.336532
2.336620
2.336708
2.336797
2.336886
2.336974
2.337063
2.337152
2.337242
2.337331
2.337421
2.337510
2.337600
2.337690
2.337780
2.337870
2.337960
2.338051
1.705940
1.706027
1.706114
1.706202
1.706290
1.706379
1.706469
1.706559
1.706650
1.706741
1.706833
1.706925
1.707018
1.707111
1.707205
1.707299
1.707394
1.707489
1.707584
1.707680
1.707776
1.707872
1.707969
1.708066
1.708163
1.708261
1.708359
1.708457
1.708556
1.708655
1.708754
1.708853
1.708953
1.709053
1.709153
1.709253
1.709353
1.709454
1.709554
1.709655
1.709756
1.709857
1.709958
1.710059
1.710161
1.710262
1.710364
1.710465
1.710567
1.710669
1.710770
1.710872
1.710974
1.711075
1.711177
1.711279
1.711381
1.711482
1.711584
1.711685
1.711787
1.711888
1.711989
1.712090
1.712191
1.712292
1.712393
1.712494
1.712594
1.712695
1.712795
1.712895
1.712995
1.713095
1.713194
1.713294
1.713393
1.713492
1.713591
1.713689
1.713787
1.713885
1.713983
1.714081
1.714178
1.714275
1.714372
1.714468
1.714564
1.714660
1.714756
1.714851
1.714946
1.715041
1.715135
1.715229
1.715323
1.715416
1.715509
1.715602
1.715694
1.715786
1.715877
1.715969
1.716059
1.716150
1.716240
1.716330
1.716419
1.716508
1.716596
1.716685
1.716772
1.716860
1.716947
1.717033
1.717119
1.717205
1.717290
1.717375
1.717459
1.717543
1.717627
1.717710
1.717792
1.717874
1.717956
1.718037
1.718118
1.718199
1.718279
1.718358
1.718437
1.718516
1.718594
1.718671
1.718748
1.718825
1.718901
1.718977
1.719052
1.719127
1.719201
1.719275
1.719348
1.719421
1.719494
1.719566
1.719637
1.719708
1.719778
1.719848
1.719918
1.719987
1.720055
1.720123
1.720191
1.720258
1.720324
1.720390
1.720456
1.720521
1.720585
1.720649
1.720713
1.720776
1.720838
1.720900
1.720962
1.721023
1.721083
1.721144
1.721203
1.721262
1.721321
1.721379
1.721436
1.721493
1.721550
1.721606
1.721662
1.721717
1.721771
1.721825
1.721879
1.721932
1.721985
1.722037
1.722088
1.722139
1.722190
1.722240
1.722290
1.722339
1.722387
1.722436
1.722483
1.722530
1.722577
1.722623
1.722669
1.722714
1.722759
1.722803
1.722847
1.722890
1.722933
1.722975
1.723017
1.723058
1.723099
1.723139
1.723179
1.723218
1.723257
1.723295
1.723333
1.723371
1.723408
1.723444
1.723480
1.723515
1.723550
1.723585
1.723619
1.723653
1.723686
1.723718
1.723750
1.723782
1.723813
1.723844
1.723874
1.723904
1.723933
1.723962
1.723991
1.724019
1.724046
1.724073
1.724099
1.724125
1.724151
1.724176
1.724201
1.724225
1.724249
1.724272
1.724295
1.724317
1.724339
1.724360
1.724381
1.724402
1.724422
1.724442
1.724461
1.724479
1.724498
1.724515
1.724533
1.724550
1.724566
1.724582
1.724598
1.724613
1.724627
1.724641
1.724655
1.724668
1.724681
1.724694
1.724706
1.724717
1.724728
1.724739
1.724749
1.724759
1.724768
1.724777
1.724786
1.724794
1.724801
1.724808
1.724815
1.724821
1.724827
1.724833
1.724838
1.724842
1.724847
1.724850
1.724854
1.724856
1.724859
1.724861
1.724863
1.724864
1.724864
1.724865
1.724865
1.724864
1.724863
1.724862
1.724860
1.724858
1.724856
1.724853
1.724849
1.724845
1.724841
1.724837
1.724832
1.724826
1.724820
1.724814
1.724808
1.724801
1.724793
1.724785
1.724777
1.724768
1.724759
1.724750
1.724740
1.724730
1.724720
1.724709
1.724697
1.724685
1.724673
1.724661
1.724648
1.724635
1.724621
1.724607
1.724592
1.724578
1.724562
1.724547
1.724531
1.724515
1.724498
1.724481
1.724464
1.724446
1.724428
1.724409
1.724390
1.724371
1.724352
1.724332
1.724311
1.724291
1.724270
1.724248
1.724227
1.724205
1.724182
1.724159
1.724136
1.724113
1.724089
1.724065
1.724040
1.724016
1.723991
1.723965
1.723939
1.723913
1.723887
1.723860
1.723833
1.723805
1.723778
1.723750
1.723721
1.723692
1.723663
1.723634
1.723604
1.723575
1.723544
1.723514
1.723483
1.723452
1.723420
1.723388
1.723356
1.723324
1.723291
1.723258
1.723225
1.723192
1.723158
1.723124
1.723089
1.723055
1.723020
1.722985
1.722949
1.722913
1.722877
1.722841
1.722805
1.722768
1.722731
1.722693
1.722656
1.722618
1.722580
1.722542
1.722503
1.722464
1.722425
1.722386
1.722346
1.722306
1.722266
1.722226
1.722186
1.722145
1.722104
1.722063
1.722021
1.721980
1.721938
1.721896
1.721854
1.721811
1.721769
1.721726
1.721683
1.721640
1.721596
1.721553
1.721509
1.721465
1.721420
1.721376
1.721331
1.721287
1.721242
1.721197
1.721151
1.721106
1.721060
1.721015
1.720969
1.720923
1.720876
1.720830
1.720783
1.720737
1.720690
1.720643
1.720596
1.720548
1.720501
1.720454
1.720406
1.720358
1.720310
1.720262
1.720214
1.720166
1.720117
1.720069
1.720020
1.719972
1.719923
1.719874
1.719825
1.719776
1.719727
1.719677
1.719628
1.719578
1.719529
1.719479
1.719430
1.719380
1.719330
1.719280
1.719230
1.719180
1.719130
1.719080
1.719030
1.718980
1.718929
1.718879
1.718829
1.718778
1.718728
1.718677
1.718627
1.718576
1.718526
1.718475
1.718425
1.718374
1.718324
1.718273
1.718223
1.718172
1.718121
1.718071
1.718020
1.717970
1.717919
1.717868
1.717818
1.717767
1.717717
1.717666
1.717616
1.717566
1.717515
1.717465
1.717415
1.717365
1.717314
1.717264
1.717214
1.717164
1.717114
1.717064
1.717015
1.716965
1.716915
1.716866
1.716816
1.716767
1.716717
1.716668
1.716619
1.716570
1.716521
1.716472
1.716423
1.716375
1.716326
1.716278
1.716230
1.716181
1.716133
1.716085
1.716038
1.715990
1.715942
1.715895
1.715848
1.715801
1.715754
1.715707
1.715660
1.715614
1.715568
1.715521
1.715475
1.715430
1.715384
1.715338
1.715293
1.715248
1.715203
1.715158
1.715114
1.715069
1.715025
1.714981
1.714938
1.714894
1.714851
1.714808
1.714765
1.714722
1.714680
1.714637
1.714595
1.714554
1.714512
1.714471
1.714430
1.714389
1.714348
1.714308
1.714268
1.714228
1.714189
1.714149
1.714110
1.714072
1.714033
1.713995
1.713957
1.713920
1.713882
1.713845
1.713808
1.713772
1.713736
1.713700
1.713664
1.713629
1.713594
1.713559
1.713525
1.713491
1.713457
1.713424
1.713391
1.713358
1.713326
1.713294
1.713262
1.713231
1.713200
1.713169
1.713139
1.713109
1.713079
1.713050
1.713021
1.712993
1.712965
1.712937
1.712909
1.712882
1.712856
1.712829
1.712804
1.712778
1.712753
1.712728
1.712704
1.712680
1.712657
1.712634
1.712611
1.712589
1.712567
1.712545
1.712524
1.712504
1.712484
1.712464
1.712445
1.712426
1.712408
1.712390
1.712372
1.712355
1.712338
1.712322
1.712306
1.712291
1.712276
1.712262
1.712248
1.712235
1.712222
1.712209
1.712197
1.712186
1.712175
1.712164
1.712154
1.712145
1.712136
1.712127
1.712119
1.712111
1.712104
1.712098
1.712092
1.712086
1.712081
1.712077
1.712073
1.712069
1.712066
1.712064
1.712062
1.712061
1.712060
1.712060
1.712060
1.712061
1.712062
1.712064
1.712066
1.712069
1.712073
1.712077
1.712082
1.712087
1.712093
1.712099
1.712106
1.712113
1.712121
1.712130
1.712139
1.712149
1.712159
1.712170
1.712182
1.712194
1.712207
1.712220
1.712234
1.712249
1.712264
1.712279
1.712296
1.712313
1.712330
1.712348
1.712367
1.712387
1.712407
1.712427
1.712448
1.712470
1.712493
1.712516
1.712540
1.712564
1.712589
1.712615
1.712641
1.712668
1.712695
1.712724
1.712752
1.712782
1.712812
1.712843
1.712874
1.712906
1.712939
1.712973
1.713007
1.713041
1.713077
1.713113
1.713150
1.713187
1.713225
1.713264
1.713303
1.713343
1.713384
1.713426
1.713468
1.713511
1.713554
1.713598
1.713643
1.713689
1.713735
1.713782
1.713829
1.713878
1.713927
1.713976
1.714027
1.714078
1.714130
1.714182
1.714235
1.714289
1.714344
1.714399
1.714455
1.714512
1.714569
1.714628
1.714686
1.714746
1.714806
1.714867
1.714929
1.714991
1.715055
1.715118
1.715183
1.715248
1.715314
1.715381
1.715448
1.715517
1.715586
1.715655
1.715726
1.715797
1.715869
1.715941
1.716014
1.716088
1.716163
1.716239
1.716315
1.716392
1.716469
1.716548
1.716627
1.716707
1.716787
1.716869
1.716951
1.717033
1.717117
1.717201
1.717286
1.717372
1.717458
1.717546
1.717634
1.717722
1.717812
1.717902
1.717993
1.718084
1.718177
1.718270
1.718364
1.718458
1.718554
1.718650
1.718746
1.718844
1.718942
1.719041
1.719141
1.719241
1.719342
1.719444
1.719547
1.719650
1.719755
1.719859
1.719965
1.720071
1.720178
1.720286
1.720395
1.720504
1.720614
1.720725
1.720836
1.720948
1.721061
1.721175
1.721289
1.721404
1.721520
1.721636
1.721753
1.721871
1.721990
1.722109
1.722229
1.722350
1.722471
1.722594
1.722716
1.722840
1.722964
1.723089
1.723215
1.723341
1.723469
1.723596
1.723725
1.723854
1.723984
1.724115
1.724246
1.724378
1.724510
1.724644
1.724778
1.724913
1.725048
1.725184
1.725321
1.725458
1.725596
1.725735
1.725874
1.726014
1.726155
1.726296
1.726439
1.726581
1.726725
1.726869
1.727013
1.727159
1.727304
1.727451
1.727598
1.727746
1.727895
1.728044
1.728193
1.728344
1.728495
1.728646
1.728799
1.728951
1.729105
1.729259
1.729413
1.729569
1.729724
1.729881
1.730038
1.730196
1.730354
1.730512
1.730672
1.730832
1.730992
1.731153
1.731315
1.731477
1.731640
1.731803
1.731967
1.732131
1.732296
1.732461
1.732627
1.732794
1.732961
1.733128
1.733296
1.733465
1.733634
1.733803
1.733973
1.734144
1.734315
1.734486
1.734658
1.734831
1.735004
1.735177
1.735351
1.735525
1.735700
1.735875
1.736051
1.736227
1.736403
1.736580
1.736758
1.736935
1.737113
1.737292
1.737471
1.737650
1.737830
1.738010
1.738191
1.738372
1.738553
1.738735
1.738917
1.739099
1.739282
1.739465
1.739648
1.739832
1.740016
1.740200
1.740385
1.740570
1.740755
1.740941
1.741126
1.741313
1.741499
1.741686
1.741873
1.742061
1.742249
1.742437
1.742625
1.742814
1.743003
1.743191
1.743381
1.743570
1.743760
1.743950
1.744141
1.744331
1.744521
1.744712
1.744903
1.745094
1.745286
1.745477
1.745669
1.745860
1.746052
1.746244
1.746437
1.746629
1.746821
1.747013
1.747206
1.747399
1.747592
1.747785
1.747977
1.748170
1.748364
1.748557
1.748749
1.748943
1.749136
1.749329
1.749522
1.749715
1.749909
1.750102
1.750294
1.750488
1.750681
1.750873
1.751066
1.751259
1.751452
1.751644
1.751836
1.752028
1.752221
1.752412
1.752605
1.752797
1.752988
1.753179
1.753371
1.753562
1.753752
1.753943
1.754134
1.754324
1.754514
1.754704
1.754893
1.755082
1.755271
1.755460
1.755648
1.755836
1.756024
1.756211
1.756398
1.756586
1.756772
1.756958
1.757144
1.757330
1.757515
1.757699
1.757883
1.758067
1.758250
1.758434
1.758616
1.758798
1.758979
1.759161
1.759341
1.759521
1.759701
1.759881
1.760059
1.760237
1.760415
1.760592
1.760768
1.760945
1.761120
1.761295
1.761469
1.761643
1.761816
1.761988
1.762160
1.762331
1.762502
1.762671
1.762840
1.763009
1.763177
1.763344
1.763510
1.763676
1.763841
1.764005
1.764168
1.764332
1.764494
1.764655
1.764815
1.764975
1.765134
1.765292
1.765449
1.765605
1.765760
1.765916
1.766070
1.766223
1.766375
1.766526
1.766675
1.766825
1.766974
1.767122
1.767268
1.767414
1.767558
1.767702
1.767845
1.767987
1.768128
1.768268
1.768407
1.768545
1.768681
1.768817
1.768951
1.769085
1.769217
1.769348
1.769478
1.769607
1.769735
1.769862
1.769987
1.770112
1.770235
1.770358
1.770479
1.770599
1.770719
1.770837
1.770954
1.771069
1.771184
1.771297
1.771410
1.771521
1.771631
1.771740
1.771848
1.771954
1.772060
1.772164
1.772267
1.772368
1.772469
1.772568
1.772666
1.772763
1.772859
1.772953
1.773047
1.773138
1.773229
1.773318
1.773406
1.773493
1.773579
1.773663
1.773746
1.773827
1.773908
1.773987
1.774064
1.774141
1.774216
1.774289
1.774361
1.774432
1.774502
1.774570
1.774637
1.774702
1.774766
1.774829
1.774890
1.774950
1.775008
1.775065
1.775121
1.775175
1.775228
1.775279
1.775329
1.775377
1.775424
1.775469
1.775514
1.775556
1.775597
1.775637
1.775675
1.775712
1.775747
1.775781
1.775813
1.775844
1.775873
1.775901
1.775927
1.775952
1.775975
1.775997
1.776017
1.776036
1.776053
1.776069
1.776083
1.776095
1.776106
1.776116
1.776124
1.776130
1.776135
1.776139
1.776141
1.776141
1.776140
1.776137
1.776132
1.776127
1.776119
1.776110
1.776100
1.776087
1.776074
1.776059
1.776042
1.776023
1.776004
1.775982
1.775959
1.775934
1.775908
1.775881
1.775851
1.775820
1.775788
1.775754
1.775719
1.775682
1.775643
1.775603
1.775561
1.775518
1.775473
1.775426
1.775378
1.775329
1.775278
1.775225
1.775171
1.775115
1.775058
1.774999
1.774939
1.774877
1.774814
1.774749
1.774682
1.774614
1.774545
1.774473
1.774401
1.774327
1.774251
1.774174
1.774095
1.774015
1.773933
1.773850
1.773766
1.773679
1.773592
1.773503
1.773412
1.773320
1.773226
1.773131
1.773035
1.772937
1.772837
1.772736
1.772634
1.772530
1.772425
1.772318
1.772210
1.772101
1.771990
1.771877
1.771764
1.771648
1.771532
1.771414
1.771294
1.771174
1.771051
1.770928
1.770803
1.770677
1.770549
1.770420
1.770290
1.770158
1.770025
1.769891
1.769755
1.769618
1.769480
1.769341
1.769200
1.769058
1.768914
1.768770
1.768624
1.768476
1.768328
1.768178
1.768027
1.767875
1.767722
1.767567
1.767411
1.767254
1.767096
1.766937
1.766776
1.766614
1.766451
1.766287
1.766122
1.765956
1.765788
1.765619
1.765450
1.765279
1.765107
1.764934
1.764760
1.764585
1.764408
1.764231
1.764053
1.763873
1.763693
1.763511
1.763329
1.763145
1.762961
1.762775
1.762589
1.762401
1.762213
1.762024
1.761833
1.761642
1.761450
1.761257
1.761063
1.760868
1.760672
1.760476
1.760278
1.760080
1.759880
1.759680
1.759479
1.759278
1.759075
1.758872
1.758668
1.758463
1.758257
1.758050
1.757843
1.757635
1.757426
1.757217
1.757007
1.756796
1.756584
1.756372
1.756159
1.755945
1.755731
1.755516
1.755301
1.755084
1.754867
1.754650
1.754432
1.754213
1.753994
1.753774
1.753554
1.753333
1.753111
1.752889
1.752667
1.752444
1.752220
1.751996
1.751772
1.751547
1.751321
1.751095
1.750869
1.750642
1.750415
1.750187
1.749959
1.749731
1.749502
1.749273
1.749043
1.748813
1.748583
1.748352
1.748121
1.747890
1.747658
1.747426
1.747194
1.746962
1.746729
1.746496
1.746263
1.746030
1.745796
1.745562
1.745328
1.745094
1.744859
1.744624
1.744389
1.744154
1.743919
1.743684
1.743448
1.743213
1.742977
1.742741
1.742505
1.742269
1.742033
1.741797
1.741561
1.741325
1.741089
1.740852
1.740616
1.740380
1.740143
1.739907
1.739671
1.739434
1.739198
1.738962
1.738726
1.738489
1.738253
1.738017
1.737781
1.737546
1.737310
1.737074
1.736839
1.736604
1.736368
1.736133
1.735898
1.735664
1.735429
1.735195
1.734960
1.734726
1.734493
1.734259
1.734026
1.733793
1.733560
1.733327
1.733095
1.732863
1.732631
1.732399
1.732168
1.731937
1.731706
1.731476
1.731246
1.731016
1.730786
1.730557
1.730329
1.730100
1.729872
1.729645
1.729417
1.729190
1.728964
1.728738
1.728512
1.728287
1.728062
1.727838
1.727614
1.727390
1.727167
1.726945
1.726722
1.726501
1.726279
1.726059
1.725838
1.725619
1.725399
1.725181
1.724963
1.724745
1.724528
1.724311
1.724095
1.723879
1.723664
1.723450
1.723236
1.723023
1.722810
1.722598
1.722387
1.722176
1.721965
1.721756
1.721546
1.721338
1.721130
1.720923
1.720716
1.720510
1.720305
1.720100
1.719896
1.719693
1.719490
1.719288
1.719087
1.718886
1.718687
1.718487
1.718289
1.718091
1.717894
1.717697
1.717502
1.717307
1.717112
1.716919
1.716726
1.716534
1.716343
1.716152
1.715962
1.715773
1.715585
1.715398
1.715211
1.715025
1.714840
1.714655
1.714472
1.714289
1.714107
1.713926
1.713745
1.713566
1.713387
1.713209
1.713032
1.712855
1.712680
1.712505
1.712331
1.712158
1.711986
1.711815
1.711644
1.711475
1.711306
1.711138
1.710971
1.710805
1.710639
1.710475
1.710311
1.710148
1.709986
1.709825
1.709665
1.709506
1.709348
1.709190
1.709034
1.708878
1.708723
1.708569
1.708416
1.708264
1.708113
1.707963
1.707813
1.707665
1.707517
1.707370
1.707225
1.707080
1.706936
1.706793
1.706651
1.706510
1.706370
1.706230
1.706092
1.705955
1.705818
1.705683
1.705548
1.705414
1.705282
1.705150
1.705019
1.704889
1.704760
1.704632
1.704505
1.704379
1.704254
1.704130
1.704006
1.703884
1.703763
1.703642
1.703523
1.703404
1.703287
1.703170
1.703054
1.702940
1.702826
1.702713
1.702601
1.702491
1.702381
1.702272
1.702164
1.702057
1.701951
1.701846
1.701742
1.701638
1.701536
1.701435
1.701335
1.701235
1.701137
1.701040
1.700943
1.700848
1.700753
1.700660
1.700567
1.700476
1.700385
1.700295
1.700206
1.700119
1.700032
1.699946
1.699861
1.699777
1.699694
1.699612
1.699531
1.699451
1.699372
1.699294
1.699216
1.699140
1.699065
1.698990
1.698917
1.698844
1.698773
1.698702
1.698633
1.698564
1.698496
1.698429
1.698363
1.698299
1.698235
1.698172
1.698109
1.698048
1.697988
1.697929
1.697870
1.697813
1.697756
1.697701
1.697646
1.697592
1.697540
1.697488
1.697437
1.697387
1.697338
1.697289
1.697242
1.697196
1.697150
1.697106
1.697062
1.697019
1.696977
1.696936
1.696896
1.696857
1.696819
1.696782
1.696745
1.696710
1.696675
1.696641
1.696608
1.696576
1.696545
1.696515
1.696486
1.696457
1.696429
1.696403
1.696377
1.696352
1.696328
1.696304
1.696282
1.696260
1.696240
1.696220
1.696201
1.696183
1.696165
1.696149
1.696133
1.696118
1.696104
1.696091
1.696079
1.696068
1.696057
1.696047
1.696038
1.696030
1.696023
1.696016
1.696010
1.696005
1.696001
1.695998
1.695995
1.695994
1.695993
1.695993
1.695993
1.695995
1.695997
1.696000
1.696004
1.696008
1.696013
1.696020
1.696026
1.696034
1.696042
1.696052
1.696061
1.696072
1.696083
1.696096
1.696108
1.696122
1.696136
1.696151
1.696167
1.696184
1.696201
1.696219
1.696238
1.696257
1.696277
1.696298
1.696320
1.696342
1.696365
1.696388
1.696413
1.696438
1.696463
1.696490
1.696517
1.696545
1.696573
1.696602
1.696632
1.696662
1.696693
1.696725
1.696757
1.696790
1.696824
1.696858
1.696893
1.696929
1.696965
1.697002
1.697039
1.697077
1.697116
1.697155
1.697195
1.697236
1.697277
1.697319
1.697361
1.697404
1.697447
1.697492
1.697536
1.697581
1.697627
1.697674
1.697721
1.697768
1.697816
1.697865
1.697914
1.697964
1.698014
1.698065
1.698116
1.698168
1.698221
1.698274
1.698327
1.698381
1.698436
1.698491
1.698546
1.698602
1.698659
1.698716
1.698774
1.698832
1.698890
1.698949
1.699009
1.699069
1.699129
1.699190
1.699252
1.699313
1.699376
1.699439
1.699502
1.699565
1.699630
1.699694
1.699759
1.699824
1.699890
1.699957
1.700023
1.700090
1.700158
1.700226
1.700294
1.700363
1.700432
1.700501
1.700571
1.700642
1.700712
1.700783
1.700855
1.700927
1.700999
1.701071
1.701144
1.701217
1.701291
1.701365
1.701439
1.701514
1.701589
1.701664
1.701740
1.701816
1.701892
1.701968
1.702045
1.702123
1.702200
1.702278
1.702356
1.702434
1.702513
1.702592
1.702671
1.702751
1.702831
1.702911
1.702991
1.703072
1.703153
1.703234
1.703315
1.703397
1.703479
1.703561
1.703643
1.703726
1.703809
1.703892
1.703975
1.704059
1.704142
1.704226
1.704310
1.704395
1.704479
1.704564
1.704649
1.704734
1.704819
1.704905
1.704990
1.705076
1.705162
1.705248
1.705335
1.705421
1.705508
1.705594
1.705681
1.705768
1.705856
1.705943
1.706030
1.706118
1.706206
1.706294
1.706382
1.706470
1.706558
1.706646
1.706735
1.706823
1.706912
1.707000
1.707089
1.707178
1.707267
1.707356
1.707445
1.707534
1.707623
1.707713
1.707802
1.707891
1.707981
1.708070
1.708160
1.708250
1.708339
1.708429
1.708519
1.708608
1.708698
1.708788
1.708878
1.708967
1.709057
1.709147
1.709237
1.709327
1.709416
1.709506
1.709596
1.709686
1.709776
1.709865
1.709955
1.710045
1.710134
1.710224
1.710314
1.710403
1.710493
1.710582
1.710672
1.710761
1.710850
1.710939
1.711029
1.711118
1.711207
1.711296
1.711385
1.711473
1.711562
1.711651
1.711739
1.711828
1.711916
1.712004
1.712092
1.712180
1.712268
1.712356
1.712444
1.712532
1.712619
1.712706
1.712794
1.712881
1.712968
1.713054
1.713141
1.713228
1.713314
1.713400
1.713486
1.713572
1.713658
1.713744
1.713829
1.713914
1.713999
1.714084
1.714169
1.714254
1.714338
1.714422
1.714506
1.714590
1.714674
1.714757
1.714840
1.714923
1.715006
1.715089
1.715171
1.715253
1.715335
1.715417
1.715499
1.715580
1.715661
1.715742
1.715823
1.715903
1.715983
1.716063
1.716143
1.716223
1.716302
1.716381
1.716459
1.716538
1.716616
1.716694
1.716772
1.716849
1.716926
1.717003
1.717080
1.717156
1.717232
1.717308
1.717383
1.717459
1.717534
1.717608
1.717683
1.717757
1.717830
1.717904
1.717977
1.718050
1.718123
1.718195
1.718267
1.718338
1.718410
1.718481
1.718552
1.718622
1.718692
1.718762
1.718831
1.718900
1.718969
1.719038
1.719106
1.719173
1.719241
1.719308
1.719375
1.719441
1.719507
1.719573
1.719638
1.719703
1.719768
1.719832
1.719896
1.719960
1.720023
1.720086
1.720149
1.720211
1.720273
1.720334
1.720395
1.720456
1.720516
1.720576
1.720636
1.720695
1.720754
1.720812
1.720870
1.720928
1.720985
1.721042
1.721099
1.721155
1.721210
1.721266
1.721321
1.721375
1.721429
1.721483
1.721537
1.721590
1.721642
1.721694
1.721746
1.721797
1.721848
1.721899
1.721949
1.721999
1.722048
1.722097
1.722146
1.722194
1.722241
1.722289
1.722335
1.722382
1.722428
1.722473
1.722519
1.722563
1.722608
1.722651
1.722695
1.722738
1.722781
1.722823
1.722865
1.722906
1.722947
1.722987
1.723027
1.723067
1.723106
1.723145
1.723183
1.723221
1.723258
1.723295
1.723332
1.723368
1.723404
1.723439
1.723474
1.723508
1.723542
1.723575
1.723608
1.723641
1.723673
1.723705
1.723736
1.723767
1.723797
1.723827
1.723857
1.723886
1.723914
1.723943
1.723970
1.723998
1.724024
1.724051
1.724077
1.724102
1.724127
1.724152
1.724176
1.724200
1.724223
1.724246
1.724268
1.724290
1.724311
1.724332
1.724353
1.724373
1.724393
1.724412
1.724431
1.724449
1.724467
1.724484
1.724501
1.724518
1.724534
1.724550
1.724565
1.724579
1.724594
1.724608
1.724621
1.724634
1.724647
1.724659
1.724670
1.724681
1.724692
1.724702
1.724712
1.724722
1.724731
1.724739
1.724747
1.724755
1.724762
1.724769
1.724775
1.724781
1.724787
1.724792
1.724796
1.724800
1.724804
1.724807
1.724810
1.724813
1.724815
1.724816
1.724817
1.724818
1.724818
1.724818
1.724818
1.724817
1.724815
1.724813
1.724811
1.724808
1.724805
1.724802
1.724798
1.724793
1.724789
1.724783
1.724778
1.724772
1.724765
1.724758
1.724751
1.724743
1.724735
1.724727
1.724718
1.724708
1.724699
1.724689
1.724678
1.724667
1.724656
1.724644
1.724632
1.724619
1.724606
1.724593
1.724579
1.724565
1.724551
1.724536
1.724521
1.724505
1.724489
1.724473
1.724456
1.724439
1.724421
1.724403
1.724385
1.724366
1.724347
1.724328
1.724308
1.724288
1.724267
1.724246
1.724225
1.724203
1.724181
1.724159
1.724136
1.724113
1.724090
1.724066
1.724042
1.724018
1.723993
1.723968
1.723942
1.723916
1.723890
1.723864
1.723837
1.723810
1.723782
1.723755
1.723726
1.723698
1.723669
1.723640
1.723611
1.723581
1.723551
1.723520
1.723490
1.723459
1.723427
1.723396
1.723364
1.723332
1.723299
1.723266
1.723233
1.723200
1.723166
1.723132
1.723098
1.723063
1.723028
1.722993
1.722958
1.722922
1.722886
1.722850
1.722813
1.722777
1.722740
1.722702
1.722665
1.722627
1.722589
1.722551
1.722512
1.722473
1.722434
1.722395
1.722355
1.722315
1.722275
1.722235
1.722195
1.722154
1.722113
1.722072
1.722030
1.721989
1.721947
1.721905
1.721863
1.721820
1.721777
1.721734
1.721691
1.721648
1.721605
1.721561
1.721517
1.721473
1.721429
1.721384
1.721339
1.721295
1.721250
1.721204
1.721159
1.721114
1.721068
1.721022
1.720976
1.720930
1.720884
1.720837
1.720790
1.720744
1.720697
1.720650
1.720602
1.720555
1.720508
1.720460
1.720412
1.720364
1.720316
1.720268
1.720220
1.720172
1.720123
1.720075
1.720026
1.719977
1.719928
1.719879
1.719830
1.719781
1.719732
1.719682
1.719633
1.719583
1.719534
1.719484
1.719434
1.719384
1.719334
1.719284
1.719234
1.719184
1.719134
1.719084
1.719034
1.718983
1.718933
1.718883
1.718832
1.718782
1.718731
1.718681
1.718630
1.718580
1.718529
1.718478
1.718428
1.718377
1.718327
1.718276
1.718225
1.718175
1.718124
1.718073
1.718023
1.717972
1.717921
1.717871
1.717820
1.717770
1.717719
1.717668
1.717618
1.717568
1.717517
1.717467
1.717416
1.717366
1.717316
1.717266
1.717216
1.717166
1.717116
1.717066
1.717016
1.716966
1.716916
1.716867
1.716817
1.716768
1.716718
1.716669
1.716620
1.716571
1.716522
1.716473
1.716424
1.716376
1.716327
1.716279
1.716230
1.716182
1.716134
1.716086
1.716038
1.715990
1.715943
1.715896
1.715848
1.715801
1.715754
1.715707
1.715661
1.715614
1.715568
1.715522
1.715476
1.715430
1.715384
1.715339
1.715293
1.715248
1.715203
1.715158
1.715114
1.715070
1.715025
1.714981
1.714938
1.714894
1.714851
1.714808
1.714765
1.714722
1.714680
1.714637
1.714595
1.714554
1.714512
1.714471
1.714430
1.714389
1.714348
1.714308
1.714268
1.714228
1.714189
1.714149
1.714110
1.714072
1.714033
1.713995
1.713957
1.713919
1.713882
1.713845
1.713808
1.713772
1.713736
1.713700
1.713664
1.713629
1.713594
1.713559
1.713525
1.713491
1.713457
1.713424
1.713391
1.713358
1.713326
1.713294
1.713262
1.713231
1.713200
1.713169
1.713139
1.713109
1.713079
1.713050
1.713021
1.712993
1.712964
1.712937
1.712909
1.712882
1.712856
1.712829
1.712803
1.712778
1.712753
1.712728
1.712704
1.712680
1.712657
1.712634
1.712611
1.712589
1.712567
1.712545
1.712524
1.712504
1.712484
1.712464
1.712445
1.712426
1.712407
1.712389
1.712372
1.712355
1.712338
1.712322
1.712306
1.712291
1.712276
1.712262
1.712248
1.712235
1.712222
1.712209
1.712197
1.712186
1.712175
1.712164
1.712154
1.712145
1.712136
1.712127
1.712119
1.712111
1.712104
1.712098
1.712092
1.712086
1.712081
1.712077
1.712073
1.712069
1.712066
1.712064
1.712062
1.712061
1.712060
1.712060
1.712060
1.712061
1.712062
1.712064
1.712066
1.712069
1.712073
1.712077
1.712082
1.712087
1.712093
1.712099
1.712106
1.712113
1.712121
1.712130
1.712139
1.712149
1.712159
1.712170
1.712182
1.712194
1.712207
1.712220
1.712234
1.712249
1.712264
1.712279
1.712296
1.712313
1.712330
1.712348
1.712367
1.712387
1.712407
1.712427
1.712448
1.712470
1.712493
1.712516
1.712540
1.712564
1.712589
1.712615
1.712641
1.712668
1.712695
1.712724
1.712752
1.712782
1.712812
1.712843
1.712874
1.712906
1.712939
1.712973
1.713007
1.713041
1.713077
1.713113
1.713150
1.713187
1.713225
1.713264
1.713303
1.713343
1.713384
1.713426
1.713468
1.713511
1.713554
1.713598
1.713643
1.713689
1.713735
1.713782
1.713829
1.713878
1.713927
1.713976
1.714027
1.714078
1.714130
1.714182
1.714235
1.714289
1.714344
1.714399
1.714455
1.714512
1.714569
1.714627
1.714686
1.714746
1.714806
1.714867
1.714929
1.714991
1.715054
1.715118
1.715183
1.715248
1.715314
1.715381
1.715448
1.715517
1.715585
1.715655
1.715725
1.715797
1.715868
1.715941
1.716014
1.716088
1.716163
1.716238
1.716315
1.716392
1.716469
1.716548
1.716627
1.716707
1.716787
1.716868
1.716950
1.717033
1.717117
1.717201
1.717286
1.717372
1.717458
1.717545
1.717633
1.717722
1.717812
1.717902
1.717993
1.718084
1.718177
1.718270
1.718363
1.718458
1.718553
1.718649
1.718746
1.718844
1.718942
1.719041
1.719141
1.719241
1.719342
1.719444
1.719547
1.719650
1.719754
1.719859
1.719965
1.720071
1.720178
1.720286
1.720394
1.720504
1.720614
1.720724
1.720836
1.720948
1.721061
1.721174
1.721289
1.721404
1.721519
1.721636
1.721753
1.721871
1.721990
1.722109
1.722229
1.722350
1.722471
1.722593
1.722716
1.722840
1.722964
1.723089
1.723215
1.723341
1.723468
1.723596
1.723725
1.723854
1.723984
1.724114
1.724246
1.724378
1.724510
1.724644
1.724778
1.724912
1.725048
1.725184
1.725320
1.725458
1.725596
1.725735
1.725874
1.726014
1.726155
1.726296
1.726438
1.726581
1.726724
1.726868
1.727013
1.727158
1.727304
1.727451
1.727598
1.727746
1.727894
1.728043
1.728193
1.728343
1.728494
1.728646
1.728798
1.728951
1.729104
1.729259
1.729413
1.729568
1.729724
1.729881
1.730038
1.730195
1.730353
1.730512
1.730671
1.730831
1.730992
1.731153
1.731314
1.731477
1.731639
1.731803
1.731966
1.732131
1.732296
1.732461
1.732627
1.732793
1.732960
1.733128
1.733296
1.733464
1.733633
1.733803
1.733973
1.734143
1.734314
1.734486
1.734658
1.734830
1.735003
1.735177
1.735350
1.735525
1.735700
1.735875
1.736050
1.736226
1.736403
1.736580
1.736757
1.736935
1.737113
1.737292
1.737471
1.737650
1.737830
1.738010
1.738191
1.738371
1.738553
1.738734
1.738916
1.739099
1.739281
1.739464
1.739648
1.739832
1.740016
1.740200
1.740385
1.740570
1.740755
1.740940
1.741126
1.741312
1.741499
1.741685
1.741872
1.742060
1.742248
1.742436
1.742625
1.742813
1.743002
1.743191
1.743380
1.743570
1.743760
1.743950
1.744140
1.744331
1.744521
1.744712
1.744902
1.745094
1.745285
1.745477
1.745668
1.745860
1.746052
1.746244
1.746436
1.746629
1.746821
1.747013
1.747206
1.747399
1.747592
1.747784
1.747977
1.748170
1.748363
1.748556
1.748749
1.748942
1.749136
1.749329
1.749522
1.749715
1.749908
1.750101
1.750294
1.750487
1.750680
1.750873
1.751066
1.751259
1.751451
1.751644
1.751836
1.752028
1.752220
1.752412
1.752604
1.752796
1.752988
1.753179
1.753370
1.753561
1.753752
1.753943
1.754134
1.754324
1.754513
1.754703
1.754893
1.755082
1.755271
1.755460
1.755648
1.755836
1.756024
1.756211
1.756398
1.756585
1.756772
1.756958
1.757144
1.757329
1.757514
1.757698
1.757883
1.758067
1.758250
1.758433
1.758616
1.758798
1.758979
1.759160
1.759341
1.759521
1.759701
1.759880
1.760059
1.760237
1.760415
1.760592
1.760768
1.760944
1.761120
1.761295
1.761469
1.761643
1.761816
1.761988
1.762159
1.762331
1.762501
1.762671
1.762840
1.763009
1.763177
1.763344
1.763510
1.763676
1.763841
1.764005
1.764168
1.764331
1.764494
1.764655
1.764815
1.764974
1.765134
1.765292
1.765449
1.765605
1.765760
1.765915
1.766070
1.766223
1.766374
1.766525
1.766675
1.766825
1.766974
1.767122
1.767268
1.767414
1.767558
1.767701
1.767845
1.767987
1.768128
1.768268
1.768407
1.768545
1.768681
1.768817
1.768951
1.769084
1.769217
1.769348
1.769478
1.769607
1.769735
1.769861
1.769987
1.770112
1.770235
1.770358
1.770479
1.770599
1.770718
1.770836
1.770953
1.771069
1.771184
1.771297
1.771410
1.771521
1.771631
1.771740
1.771847
1.771954
1.772059
1.772164
1.772267
1.772368
1.772469
1.772568
1.772666
1.772763
1.772859
1.772953
1.773046
1.773138
1.773229
1.773318
1.773406
1.773493
1.773579
1.773663
1.773746
1.773827
1.773908
1.773987
1.774064
1.774140
1.774215
1.774289
1.774361
1.774432
1.774502
1.774570
1.774637
1.774702
1.774766
1.774829
1.774890
1.774950
1.775008
1.775065
1.775121
1.775175
1.775227
1.775279
1.775329
1.775377
1.775424
1.775469
1.775513
1.775556
1.775597
1.775637
1.775675
1.775712
1.775747
1.775781
1.775813
1.775844
1.775873
1.775901
1.775927
1.775952
1.775975
1.775997
1.776017
1.776036
1.776053
1.776069
1.776083
1.776095
1.776106
1.776116
1.776124
1.776130
1.776135
1.776139
1.776141
1.776141
1.776140
1.776137
1.776132
1.776127
1.776119
1.776110
1.776100
1.776087
1.776074
1.776059
1.776042
1.776023
1.776004
1.775982
1.775959
1.775934
1.775908
1.775881
1.775851
1.775821
1.775788
1.775754
1.775719
1.775682
1.775643
1.775603
1.775561
1.775518
1.775473
1.775426
1.775378
1.775329
1.775278
1.775225
1.775171
1.775115
1.775058
1.774999
1.774939
1.774877
1.774814
1.774749
1.774682
1.774614
1.774545
1.774474
1.774401
1.774327
1.774251
1.774174
1.774095
1.774015
1.773934
1.773850
1.773766
1.773680
1.773592
1.773503
1.773412
1.773320
1.773226
1.773131
1.773035
1.772937
1.772837
1.772737
1.772634
1.772530
1.772425
1.772318
1.772210
1.772101
1.771990
1.771877
1.771764
1.771649
1.771532
1.771414
1.771295
1.771174
1.771052
1.770928
1.770803
1.770677
1.770549
1.770420
1.770290
1.770158
1.770025
1.769891
1.769756
1.769619
1.769480
1.769341
1.769200
1.769058
1.768914
1.768770
1.768624
1.768477
1.768328
1.768178
1.768028
1.767875
1.767722
1.767567
1.767411
1.767254
1.767096
1.766937
1.766776
1.766614
1.766452
1.766287
1.766122
1.765956
1.765788
1.765620
1.765450
1.765279
1.765107
1.764934
1.764760
1.764585
1.764409
1.764231
1.764053
1.763873
1.763693
1.763512
1.763329
1.763146
1.762961
1.762776
1.762589
1.762402
1.762213
1.762024
1.761834
1.761642
1.761450
1.761257
1.761063
1.760868
1.760673
1.760476
1.760278
1.760080
1.759881
1.759681
1.759480
1.759278
1.759075
1.758872
1.758668
1.758463
1.758257
1.758051
1.757844
1.757636
1.757427
1.757217
1.757007
1.756796
1.756585
1.756372
1.756159
1.755946
1.755731
1.755517
1.755301
1.755085
1.754868
1.754650
1.754432
1.754214
1.753994
1.753775
1.753554
1.753333
1.753112
1.752890
1.752667
1.752444
1.752221
1.751997
1.751772
1.751547
1.751322
1.751096
1.750869
1.750642
1.750415
1.750188
1.749959
1.749731
1.749502
1.749273
1.749043
1.748813
1.748583
1.748353
1.748122
1.747890
1.747659
1.747427
1.747195
1.746962
1.746730
1.746497
1.746263
1.746030
1.745796
1.745562
1.745328
1.745094
1.744859
1.744625
1.744390
1.744155
1.743920
1.743684
1.743449
1.743213
1.742978
1.742742
1.742506
1.742270
1.742034
1.741798
1.741561
1.741325
1.741089
1.740853
1.740616
1.740380
1.740144
1.739907
1.739671
1.739435
1.739198
1.738962
1.738726
1.738490
1.738254
1.738018
1.737782
1.737546
1.737310
1.737075
1.736839
1.736604
1.736369
1.736134
1.735899
1.735664
1.735429
1.735195
1.734961
1.734727
1.734493
1.734259
1.734026
1.733793
1.733560
1.733327
1.733095
1.732863
1.732631
1.732399
1.732168
1.731937
1.731706
1.731476
1.731246
1.731016
1.730787
1.730558
1.730329
1.730101
1.729873
1.729645
1.729418
1.729191
1.728964
1.728738
1.728513
1.728287
1.728063
1.727838
1.727614
1.727391
1.727168
1.726945
1.726723
1.726501
1.726280
1.726059
1.725839
1.725619
1.725400
1.725181
1.724963
1.724745
1.724528
1.724311
1.724095
1.723880
1.723665
1.723450
1.723237
1.723023
1.722811
1.722598
1.722387
1.722176
1.721966
1.721756
1.721547
1.721338
1.721130
1.720923
1.720717
1.720511
1.720305
1.720101
1.719897
1.719693
1.719491
1.719289
1.719087
1.718887
1.718687
1.718488
1.718289
1.718091
1.717894
1.717698
1.717502
1.717307
1.717113
1.716919
1.716726
1.716534
1.716343
1.716153
1.715963
1.715774
1.715585
1.715398
1.715211
1.715025
1.714840
1.714656
1.714472
1.714289
1.714107
1.713926
1.713746
1.713566
1.713387
1.713209
1.713032
1.712856
1.712680
1.712505
1.712332
1.712159
1.711986
1.711815
1.711645
1.711475
1.711306
1.711138
1.710971
1.710805
1.710639
1.710475
1.710311
1.710149
1.709987
1.709826
1.709666
1.709506
1.709348
1.709190
1.709034
1.708878
1.708723
1.708569
1.708416
1.708264
1.708113
1.707963
1.707813
1.707665
1.707517
1.707371
1.707225
1.707080
1.706936
1.706793
1.706651
1.706510
1.706370
1.706231
1.706092
1.705955
1.705818
1.705683
1.705548
1.705415
1.705282
1.705150
1.705019
1.704889
1.704760
1.704632
1.704505
1.704379
1.704254
1.704130
1.704006
1.703884
1.703763
1.703642
1.703523
1.703404
1.703287
1.703170
1.703055
1.702940
1.702826
1.702713
1.702602
1.702491
1.702381
1.702272
1.702164
1.702057
1.701951
1.701846
1.701742
1.701639
1.701536
1.701435
1.701335
1.701236
1.701137
1.701040
1.700943
1.700848
1.700753
1.700660
1.700567
1.700476
1.700385
1.700295
1.700207
1.700119
1.700032
1.699946
1.699861
1.699777
1.699694
1.699612
1.699531
1.699451
1.699372
1.699294
1.699217
1.699140
1.699065
1.698990
1.698917
1.698845
1.698773
1.698702
1.698633
1.698564
1.698496
1.698429
1.698364
1.698299
1.698235
1.698172
1.698109
1.698048
1.697988
1.697929
1.697870
1.697813
1.697756
1.697701
1.697646
1.697592
1.697540
1.697488
1.697437
1.697387
1.697338
1.697289
1.697242
1.697196
1.697150
1.697106
1.697062
1.697019
1.696977
1.696937
1.696896
1.696857
1.696819
1.696782
1.696745
1.696710
1.696675
1.696641
1.696608
1.696576
1.696545
1.696515
1.696486
1.696457
1.696430
1.696403
1.696377
1.696352
1.696328
1.696304
1.696282
1.696260
1.696240
1.696220
1.696201
1.696183
1.696165
1.696149
1.696133
1.696118
1.696104
1.696091
1.696079
1.696068
1.696057
1.696047
1.696038
1.696030
1.696023
1.696016
1.696010
1.696005
1.696001
1.695998
1.695995
1.695994
1.695993
1.695993
1.695993
1.695995
1.695997
1.696000
1.696004
1.696008
1.696013
1.696020
1.696026
1.696034
1.696042
1.696052
1.696061
1.696072
1.696083
1.696096
1.696108
1.696122
1.696136
1.696151
1.696167
1.696184
1.696201
1.696219
1.696238
1.696257
1.696277
1.696298
1.696320
1.696342
1.696365
1.696388
1.696413
1.696438
1.696463
1.696490
1.696517
1.696545
1.696573
1.696602
1.696632
1.696662
1.696693
1.696725
1.696757
1.696790
1.696824
1.696858
1.696893
1.696929
1.696965
1.697002
1.697039
1.697077
1.697116
1.697155
1.697195
1.697236
1.697277
1.697319
1.697361
1.697404
1.697447
1.697491
1.697536
1.697581
1.697627
1.697674
1.697721
1.697768
1.697816
1.697865
1.697914
1.697964
1.698014
1.698065
1.698116
1.698168
1.698221
1.698274
1.698327
1.698381
1.698436
1.698491
1.698546
1.698602
1.698659
1.698716
1.698774
1.698832
1.698890
1.698949
1.699009
1.699069
1.699129
1.699190
1.699251
1.699313
1.699376
1.699438
1.699502
1.699565
1.699629
1.699694
1.699759
1.699824
1.699890
1.699956
1.700023
1.700090
1.700158
1.700226
1.700294
1.700363
1.700432
1.700501
1.700571
1.700642
1.700712
1.700783
1.700855
1.700926
1.700999
1.701071
1.701144
1.701217
1.701291
1.701365
1.701439
1.701514
1.701589
1.701664
1.701740
1.701816
1.701892
1.701968
1.702045
1.702122
1.702200
1.702278
1.702356
1.702434
1.702513
1.702592
1.702671
1.702751
1.702831
1.702911
1.702991
1.703072
1.703153
1.703234
1.703315
1.703397
1.703479
1.703561
1.703643
1.703726
1.703809
1.703892
1.703975
1.704058
1.704142
1.704226
1.704310
1.704394
1.704479
1.704564
1.704649
1.704734
1.704819
1.704904
1.704990
1.705076
1.705162
1.705248
1.705334
1.705421
1.705507
1.705594
1.705681
1.705768
1.705855
1.705943
1.706030
1.706118
1.706206
1.706293
1.706381
1.706469
1.706558
1.706646
1.706734
1.706823
1.706911
1.707000
1.707089
1.707178
1.707267
1.707356
1.707445
1.707534
1.707623
1.707713
1.707802
1.707891
1.707981
1.708070
1.708160
1.708249
1.708339
1.708429
1.708518
1.708608
1.708698
1.708788
1.708877
1.708967
1.709057
1.709147
1.709237
1.709326
1.709416
1.709506
1.709596
1.709686
1.709775
1.709865
1.709955
1.710045
1.710134
1.710224
1.710314
1.710403
1.710493
1.710582
1.710671
1.710761
1.710850
1.710939
1.711028
1.711118
1.711207
1.711296
1.711384
1.711473
1.711562
1.711651
1.711739
1.711828
1.711916
1.712004
1.712092
1.712180
1.712268
1.712356
1.712444
1.712531
1.712619
1.712706
1.712793
1.712880
1.712967
1.713054
1.713141
1.713227
1.713314
1.713400
1.713486
1.713572
1.713658
1.713743
1.713829
1.713914
1.713999
1.714084
1.714169
1.714253
1.714338
1.714422
1.714506
1.714590
1.714674
1.714757
1.714840
1.714923
1.715006
1.715089
1.715171
1.715253
1.715335
1.715417
1.715499
1.715580
1.715661
1.715742
1.715823
1.715903
1.715983
1.716063
1.716143
1.716222
1.716302
1.716381
1.716459
1.716538
1.716616
1.716694
1.716772
1.716849
1.716926
1.717003
1.717080
1.717156
1.717232
1.717308
1.717383
1.717459
1.717533
1.717608
1.717683
1.717757
1.717830
1.717904
1.717977
1.718050
1.718122
1.718195
1.718267
1.718338
1.718410
1.718481
1.718551
1.718622
1.718692
1.718762
1.718831
1.718900
1.718969
1.719037
1.719105
1.719173
1.719241
1.719308
1.719375
1.719441
1.719507
1.719573
1.719638
1.719703
1.719768
1.719832
1.719896
1.719960
1.720023
1.720086
1.720148
1.720211
1.720272
1.720334
1.720395
1.720456
1.720516
1.720576
1.720636
1.720695
1.720754
1.720812
1.720870
1.720928
1.720985
1.721042
1.721098
1.721155
1.721210
1.721266
1.721321
1.721375
1.721429
1.721483
1.721537
1.721590
1.721642
1.721694
1.721746
1.721797
1.721848
1.721899
1.721949
1.721999
1.722048
1.722097
1.722145
1.722194
1.722241
1.722288
1.722335
1.722382
1.722428
1.722473
1.722518
1.722563
1.722608
1.722651
1.722695
1.722738
1.722781
1.722823
1.722864
1.722906
1.722947
1.722987
1.723027
1.723067
1.723106
1.723145
1.723183
1.723221
1.723258
1.723295
1.723332
1.723368
1.723404
1.723439
1.723474
1.723508
1.723542
1.723575
1.723608
1.723641
1.723673
1.723705
1.723736
1.723767
1.723797
1.723827
1.723857
1.723886
1.723914
1.723943
1.723970
1.723998
1.724024
1.724051
1.724077
1.724102
1.724127
1.724152
1.724176
1.724200
1.724223
1.724246
1.724268
1.724290
1.724311
1.724332
1.724353
1.724373
1.724393
1.724412
1.724431
1.724449
1.724467
1.724484
1.724501
1.724518
1.724534
1.724550
1.724565
1.724579
1.724594
1.724608
1.724621
1.724634
1.724646
1.724659
1.724670
1.724681
1.724692
1.724702
1.724712
1.724722
1.724731
1.724739
1.724747
1.724755
1.724762
1.724769
1.724775
1.724781
1.724787
1.724792
1.724796
1.724800
1.724804
1.724807
1.724810
1.724813
1.724815
1.724816
1.724817
1.724818
1.724818
1.724818
1.724818
1.724817
1.724815
1.724813
1.724811
1.724808
1.724805
1.724802
1.724798
1.724793
1.724789
1.724783
1.724778
1.724772
1.724765
1.724758
1.724751
1.724743
1.724735
1.724727
1.724718
1.724708
1.724699
1.724689
1.724678
1.724667
1.724656
1.724644
1.724632
1.724619
1.724606
1.724593
1.724579
1.724565
1.724551
1.724536
1.724521
1.724505
1.724489
1.724473
1.724456
1.724439
1.724421
1.724403
1.724385
1.724366
1.724347
1.724328
1.724308
1.724288
1.724267
1.724246
1.724225
1.724203
1.724181
1.724159
1.724136
1.724113
1.724090
1.724066
1.724042
1.724018
1.723993
1.723968
1.723942
1.723917
1.723890
1.723864
1.723837
1.723810
1.723782
1.723755
1.723726
1.723698
1.723669
1.723640
1.723611
1.723581
1.723551
1.723520
1.723490
1.723459
1.723427
1.723396
1.723364
1.723332
1.723299
1.723266
1.723233
1.723200
1.723166
1.723132
1.723098
1.723063
1.723028
1.722993
1.722958
1.722922
1.722886
1.722850
1.722814
1.722777
1.722740
1.722702
1.722665
1.722627
1.722589
1.722551
1.722512
1.722473
1.722434
1.722395
1.722355
1.722316
1.722276
1.722235
1.722195
1.722154
1.722113
1.722072
1.722030
1.721989
1.721947
1.721905
1.721863
1.721820
1.721777
1.721735
1.721691
1.721648
1.721605
1.721561
1.721517
1.721473
1.721429
1.721384
1.721340
1.721295
1.721250
1.721205
1.721159
1.721114
1.721068
1.721022
1.720976
1.720930
1.720884
1.720837
1.720791
1.720744
1.720697
1.720650
1.720603
1.720555
1.720508
1.720460
1.720412
1.720364
1.720316
1.720268
1.720220
1.720172
1.720123
1.720075
1.720026
1.719977
1.719928
1.719879
1.719830
1.719781
1.719732
1.719682
1.719633
1.719583
1.719534
1.719484
1.719434
1.719384
1.719335
1.719285
1.719235
1.719184
1.719134
1.719084
1.719034
1.718984
1.718933
1.718883
1.718832
1.718782
1.718731
1.718681
1.718630
1.718580
1.718529
1.718479
1.718428
1.718377
1.718327
1.718276
1.718225
1.718175
1.718124
1.718073
1.718023
1.717972
1.717921
1.717871
1.717820
1.717770
1.717719
1.717669
1.717618
1.717568
1.717517
1.717467
1.717417
1.717366
1.717316
1.717266
1.717216
1.717166
1.717116
1.717066
1.717016
1.716966
1.716917
1.716867
1.716817
1.716768
1.716719
1.716669
1.716620
1.716571
1.716522
1.716473
1.716424
1.716376
1.716327
1.716279
1.716230
1.716182
1.716134
1.716086
1.716038
1.715991
1.715943
1.715896
1.715848
1.715801
1.715754
1.715707
1.715661
1.715614
1.715568
1.715522
1.715476
1.715430
1.715384
1.715339
1.715293
1.715248
1.715203
1.715159
1.715114
1.715070
1.715025
1.714982
1.714938
1.714894
1.714851
1.714808
1.714765
1.714722
1.714680
1.714637
1.714595
1.714554
1.714512
1.714471
1.714430
1.714389
1.714348
1.714308
1.714268
1.714228
1.714189
1.714149
1.714110
1.714072
1.714033
1.713995
1.713957
1.713919
1.713882
1.713845
1.713808
1.713772
1.713736
1.713700
1.713664
1.713629
1.713594
1.713559
1.713525
1.713491
1.713457
1.713424
1.713391
1.713358
1.713326
1.713294
1.713262
1.713231
1.713200
1.713169
1.713139
1.713109
1.713079
1.713050
1.713021
1.712993
1.712964
1.712937
1.712909
1.712882
1.712856
1.712829
1.712804
1.712778
1.712753
1.712728
1.712704
1.712680
1.712657
1.712634
1.712611
1.712589
1.712567
1.712545
1.712524
1.712504
1.712484
1.712464
1.712445
1.712426
1.712407
1.712389
1.712372
1.712355
1.712338
1.712322
1.712306
1.712291
1.712276
1.712262
1.712248
1.712235
1.712222
1.712209
1.712197
1.712186
1.712175
1.712164
1.712154
1.712145
1.712136
1.712127
1.712119
1.712111
1.712104
1.712098
1.712092
1.712086
1.712081
1.712077
1.712073
1.712069
1.712066
1.712064
1.712062
1.712061
1.712060
1.712060
1.712060
1.712061
1.712062
1.712064
1.712066
1.712069
1.712073
1.712077
1.712082
1.712087
1.712093
1.712099
1.712106
1.712113
1.712121
1.712130
1.712139
1.712149
1.712159
1.712170
1.712182
1.712194
1.712207
1.712220
1.712234
1.712249
1.712264
1.712279
1.712296
1.712313
1.712330
1.712348
1.712367
1.712386
1.712406
1.712427
1.712448
1.712470
1.712493
1.712516
1.712540
1.712564
1.712589
1.712615
1.712641
1.712668
1.712695
1.712724
1.712752
1.712782
1.712812
1.712843
1.712874
1.712906
1.712939
1.712973
1.713007
1.713041
1.713077
1.713113
1.713150
1.713187
1.713225
1.713264
1.713303
1.713343
1.713384
1.713426
1.713468
1.713510
1.713554
1.713598
1.713643
1.713689
1.713735
1.713782
1.713829
1.713878
1.713927
1.713976
1.714027
1.714078
1.714130
1.714182
1.714235
1.714289
1.714344
1.714399
1.714455
1.714512
1.714569
1.714627
1.714686
1.714746
1.714806
1.714867
1.714929
1.714991
1.715054
1.715118
1.715183
1.715248
1.715314
1.715381
1.715448
1.715516
1.715585
1.715655
1.715725
1.715796
1.715868
1.715941
1.716014
1.716088
1.716163
1.716238
1.716314
1.716391
1.716469
1.716547
1.716627
1.716706
1.716787
1.716868
1.716950
1.717033
1.717117
1.717201
1.717286
1.717372
1.717458
1.717545
1.717633
1.717722
1.717811
1.717902
1.717992
1.718084
1.718176
1.718269
1.718363
1.718458
1.718553
1.718649
1.718746
1.718844
1.718942
1.719041
1.719140
1.719241
1.719342
1.719444
1.719547
1.719650
1.719754
1.719859
1.719965
1.720071
1.720178
1.720286
1.720394
1.720503
1.720613
1.720724
1.720836
1.720948
1.721061
1.721174
1.721288
1.721403
1.721519
1.721636
1.721753
1.721871
1.721989
1.722109
1.722229
1.722349
1.722471
1.722593
1.722716
1.722840
1.722964
1.723089
1.723215
1.723341
1.723468
1.723596
1.723724
1.723854
1.723984
1.724114
1.724245
1.724377
1.724510
1.724643
1.724777
1.724912
1.725047
1.725183
1.725320
1.725458
1.725596
1.725734
1.725874
1.726014
1.726155
1.726296
1.726438
1.726581
1.726724
1.726868
1.727013
1.727158
1.727304
1.727451
1.727598
1.727746
1.727894
1.728043
1.728193
1.728343
1.728494
1.728646
1.728798
1.728951
1.729104
1.729258
1.729413
1.729568
1.729724
1.729880
1.730037
1.730195
1.730353
1.730512
1.730671
1.730831
1.730992
1.731153
1.731314
1.731476
1.731639
1.731802
1.731966
1.732130
1.732295
1.732461
1.732627
1.732793
1.732960
1.733128
1.733296
1.733464
1.733633
1.733803
1.733973
1.734143
1.734314
1.734486
1.734658
1.734830
1.735003
1.735176
1.735350
1.735524
1.735699
1.735874
1.736050
1.736226
1.736403
1.736580
1.736757
1.736935
1.737113
1.737291
1.737470
1.737650
1.737830
1.738010
1.738190
1.738371
1.738552
1.738734
1.738916
1.739098
1.739281
1.739464
1.739648
1.739831
1.740015
1.740200
1.740384
1.740569
1.740754
1.740940
1.741126
1.741312
1.741498
1.741685
1.741872
1.742060
1.742248
1.742436
1.742625
1.742813
1.743002
1.743191
1.743380
1.743569
1.743759
1.743950
1.744140
1.744330
1.744521
1.744711
1.744902
1.745094
1.745285
1.745477
1.745668
1.745860
1.746051
1.746244
1.746436
1.746628
1.746821
1.747013
1.747206
1.747399
1.747591
1.747784
1.747977
1.748170
1.748363
1.748556
1.748749
1.748942
1.749135
1.749328
1.749521
1.749715
1.749908
1.750101
1.750294
1.750487
1.750680
1.750873
1.751065
1.751258
1.751451
1.751643
1.751835
1.752028
1.752220
1.752412
1.752604
1.752796
1.752987
1.753178
1.753370
1.753561
1.753752
1.753943
1.754133
1.754323
1.754513
1.754703
1.754892
1.755081
1.755271
1.755460
1.755648
1.755835
1.756023
1.756211
1.756398
1.756585
1.756771
1.756957
1.757144
1.757329
1.757514
1.757698
1.757883
1.758066
1.758250
1.758433
1.758616
1.758797
1.758979
1.759160
1.759341
1.759521
1.759701
1.759880
1.760059
1.760236
1.760414
1.760591
1.760768
1.760944
1.761120
1.761294
1.761468
1.761642
1.761815
1.761988
1.762159
1.762331
1.762501
1.762671
1.762840
1.763008
1.763176
1.763343
1.763509
1.763675
1.763841
1.764005
1.764168
1.764331
1.764493
1.764655
1.764815
1.764974
1.765133
1.765292
1.765449
1.765605
1.765760
1.765915
1.766069
1.766222
1.766374
1.766525
1.766675
1.766825
1.766974
1.767121
1.767268
1.767413
1.767558
1.767701
1.767845
1.767987
1.768128
1.768268
1.768407
1.768544
1.768681
1.768816
1.768951
1.769084
1.769216
1.769347
1.769477
1.769606
1.769734
1.769861
1.769987
1.770111
1.770235
1.770357
1.770479
1.770599
1.770718
1.770836
1.770953
1.771069
1.771184
1.771297
1.771409
1.771521
1.771631
1.771740
1.771847
1.771954
1.772059
1.772163
1.772266
1.772368
1.772469
1.772568
1.772666
1.772763
1.772859
1.772953
1.773046
1.773138
1.773229
1.773318
1.773406
1.773493
1.773578
1.773663
1.773746
1.773827
1.773907
1.773986
1.774064
1.774140
1.774215
1.774289
1.774361
1.774432
1.774502
1.774570
1.774636
1.774702
1.774766
1.774828
1.774890
1.774949
1.775008
1.775065
1.775120
1.775175
1.775227
1.775279
1.775328
1.775377
1.775424
1.775469
1.775513
1.775556
1.775597
1.775637
1.775675
1.775712
1.775747
1.775781
1.775813
1.775844
1.775873
1.775901
1.775927
1.775952
1.775975
1.775997
1.776017
1.776036
1.776053
1.776068
1.776083
1.776095
1.776106
1.776116
1.776124
1.776130
1.776135
1.776139
1.776141
1.776141
1.776140
1.776137
1.776132
1.776127
1.776119
1.776110
1.776100
1.776087
1.776074
1.776059
1.776042
1.776023
1.776004
1.775982
1.775959
1.775935
1.775908
1.775881
1.775851
1.775821
1.775788
1.775754
1.775719
1.775682
1.775643
1.775603
1.775561
1.775518
1.775473
1.775427
1.775379
1.775329
1.775278
1.775225
1.775171
1.775115
1.775058
1.774999
1.774939
1.774877
1.774814
1.774749
1.774682
1.774614
1.774545
1.774474
1.774401
1.774327
1.774251
1.774174
1.774096
1.774015
1.773934
1.773851
1.773766
1.773680
1.773592
1.773503
1.773412
1.773320
1.773227
1.773132
1.773035
1.772937
1.772838
1.772737
1.772634
1.772531
1.772425
1.772319
1.772211
1.772101
1.771990
1.771878
1.771764
1.771649
1.771532
1.771414
1.771295
1.771174
1.771052
1.770928
1.770803
1.770677
1.770550
1.770421
1.770290
1.770159
1.770026
1.769891
1.769756
1.769619
1.769481
1.769341
1.769200
1.769058
1.768915
1.768770
1.768624
1.768477
1.768328
1.768179
1.768028
1.767876
1.767722
1.767568
1.767412
1.767255
1.767097
1.766937
1.766777
1.766615
1.766452
1.766288
1.766123
1.765956
1.765789
1.765620
1.765450
1.765279
1.765108
1.764934
1.764760
1.764585
1.764409
1.764232
1.764053
1.763874
1.763693
1.763512
1.763329
1.763146
1.762961
1.762776
1.762589
1.762402
1.762214
1.762024
1.761834
1.761643
1.761451
1.761258
1.761064
1.760869
1.760673
1.760476
1.760279
1.760080
1.759881
1.759681
1.759480
1.759278
1.759076
1.758872
1.758668
1.758463
1.758258
1.758051
1.757844
1.757636
1.757427
1.757218
1.757008
1.756797
1.756585
1.756373
1.756160
1.755946
1.755732
1.755517
1.755301
1.755085
1.754868
1.754651
1.754433
1.754214
1.753995
1.753775
1.753555
1.753334
1.753112
1.752890
1.752668
1.752445
1.752221
1.751997
1.751772
1.751547
1.751322
1.751096
1.750870
1.750643
1.750416
1.750188
1.749960
1.749731
1.749503
1.749273
1.749044
1.748814
1.748584
1.748353
1.748122
1.747891
1.747659
1.747427
1.747195
1.746963
1.746730
1.746497
1.746264
1.746030
1.745797
1.745563
1.745329
1.745094
1.744860
1.744625
1.744390
1.744155
1.743920
1.743685
1.743449
1.743214
1.742978
1.742742
1.742506
1.742270
1.742034
1.741798
1.741562
1.741326
1.741089
1.740853
1.740617
1.740380
1.740144
1.739908
1.739671
1.739435
1.739199
1.738962
1.738726
1.738490
1.738254
1.738018
1.737782
1.737546
1.737311
1.737075
1.736840
1.736604
1.736369
1.736134
1.735899
1.735664
1.735430
1.735195
1.734961
1.734727
1.734493
1.734260
1.734027
1.733793
1.733560
1.733328
1.733095
1.732863
1.732631
1.732400
1.732169
1.731938
1.731707
1.731476
1.731246
1.731017
1.730787
1.730558
1.730329
1.730101
1.729873
1.729645
1.729418
1.729191
1.728965
1.728739
1.728513
1.728288
1.728063
1.727838
1.727615
1.727391
1.727168
1.726945
1.726723
1.726501
1.726280
1.726059
1.725839
1.725619
1.725400
1.725181
1.724963
1.724746
1.724528
1.724312
1.724096
1.723880
1.723665
1.723451
1.723237
1.723024
1.722811
1.722599
1.722387
1.722176
1.721966
1.721756
1.721547
1.721339
1.721131
1.720924
1.720717
1.720511
1.720306
1.720101
1.719897
1.719694
1.719491
1.719289
1.719088
1.718887
1.718687
1.718488
1.718289
1.718092
1.717894
1.717698
1.717502
1.717307
1.717113
1.716920
1.716727
1.716535
1.716343
1.716153
1.715963
1.715774
1.715586
1.715398
1.715212
1.715026
1.714840
1.714656
1.714472
1.714290
1.714108
1.713926
1.713746
1.713566
1.713388
1.713210
1.713032
1.712856
1.712680
1.712506
1.712332
1.712159
1.711987
1.711815
1.711645
1.711475
1.711306
1.711138
1.710971
1.710805
1.710640
1.710475
1.710312
1.710149
1.709987
1.709826
1.709666
1.709507
1.709348
1.709191
1.709034
1.708878
1.708724
1.708570
1.708417
1.708265
1.708113
1.707963
1.707814
1.707665
1.707518
1.707371
1.707225
1.707080
1.706937
1.706794
1.706651
1.706510
1.706370
1.706231
1.706093
1.705955
1.705819
1.705683
1.705548
1.705415
1.705282
1.705150
1.705019
1.704890
1.704761
1.704633
1.704505
1.704379
1.704254
1.704130
1.704007
1.703884
1.703763
1.703643
1.703523
1.703405
1.703287
1.703170
1.703055
1.702940
1.702826
1.702714
1.702602
1.702491
1.702381
1.702272
1.702164
1.702057
1.701951
1.701846
1.701742
1.701639
1.701537
1.701435
1.701335
1.701236
1.701137
1.701040
1.700944
1.700848
1.700754
1.700660
1.700567
1.700476
1.700385
1.700296
1.700207
1.700119
1.700032
1.699946
1.699861
1.699777
1.699695
1.699612
1.699531
1.699451
1.699372
1.699294
1.699217
1.699140
1.699065
1.698991
1.698917
1.698845
1.698773
1.698703
1.698633
1.698564
1.698496
1.698430
1.698364
1.698299
1.698235
1.698172
1.698110
1.698048
1.697988
1.697929
1.697870
1.697813
1.697757
1.697701
1.697646
1.697593
1.697540
1.697488
1.697437
1.697387
1.697338
1.697289
1.697242
1.697196
1.697150
1.697106
1.697062
1.697019
1.696978
1.696937
1.696897
1.696857
1.696819
1.696782
1.696745
1.696710
1.696675
1.696641
1.696608
1.696576
1.696545
1.696515
1.696486
1.696457
1.696430
1.696403
1.696377
1.696352
1.696328
1.696304
1.696282
1.696260
1.696240
1.696220
1.696201
1.696183
1.696165
1.696149
1.696133
1.696118
1.696104
1.696091
1.696079
1.696068
1.696057
1.696047
1.696038
1.696030
1.696023
1.696016
1.696010
1.696005
1.696001
1.695998
1.695995
1.695994
1.695993
1.695993
1.695993
1.695995
1.695997
1.696000
1.696004
1.696008
1.696013
1.696020
1.696026
1.696034
1.696042
1.696052
1.696061
1.696072
1.696083
1.696096
1.696108
1.696122
1.696136
1.696151
1.696167
1.696184
1.696201
1.696219
1.696238
1.696257
1.696277
1.696298
1.696320
1.696342
1.696365
1.696388
1.696413
1.696438
1.696463
1.696490
1.696517
1.696545
1.696573
1.696602
1.696632
1.696662
1.696693
1.696725
1.696757
1.696790
1.696824
1.696858
1.696893
1.696929
1.696965
1.697002
1.697039
1.697077
1.697116
1.697155
1.697195
1.697236
1.697277
1.697319
1.697361
1.697404
1.697447
1.697491
1.697536
1.697581
1.697627
1.697673
1.697720
1.697768
1.697816
1.697865
1.697914
1.697964
1.698014
1.698065
1.698116
1.698168
1.698221
1.698274
1.698327
1.698381
1.698436
1.698491
1.698546
1.698602
1.698659
1.698716
1.698773
1.698832
1.698890
1.698949
1.699009
1.699069
1.699129
1.699190
1.699251
1.699313
1.699376
1.699438
1.699502
1.699565
1.699629
1.699694
1.699759
1.699824
1.699890
1.699956
1.700023
1.700090
1.700158
1.700226
1.700294
1.700363
1.700432
1.700501
1.700571
1.700641
1.700712
1.700783
1.700855
1.700926
1.700998
1.701071
1.701144
1.701217
1.701291
1.701365
1.701439
1.701514
1.701589
1.701664
1.701739
1.701815
1.701892
1.701968
1.702045
1.702122
1.702200
1.702278
1.702356
1.702434
1.702513
1.702592
1.702671
1.702751
1.702830
1.702911
1.702991
1.703072
1.703152
1.703234
1.703315
1.703397
1.703478
1.703561
1.703643
1.703726
1.703808
1.703891
1.703975
1.704058
1.704142
1.704226
1.704310
1.704394
1.704479
1.704564
1.704648
1.704734
1.704819
1.704904
1.704990
1.705076
1.705162
1.705248
1.705334
1.705421
1.705507
1.705594
1.705681
1.705768
1.705855
1.705943
1.706030
1.706118
1.706205
1.706293
1.706381
1.706469
1.706558
1.706646
1.706734
1.706823
1.706911
1.707000
1.707089
1.707178
1.707267
