148.741951
140.503881
132.661897
125.172704
118.001136
111.118694
104.502350
98.133558
91.997438
86.082088
80.378001
74.877583
69.574738
64.464523
59.542853
54.806263
50.251703
45.876374
41.677602
37.652728
33.799033
30.113679
26.593672
23.235834
20.036791
16.992977
14.100633
11.355827
8.754464
6.292317
3.965040
1.768200
-0.302704
-2.252213
-4.084885
-5.805277
-7.417920
-8.927301
-10.337849
-11.653918
-12.879775
-14.019588
-15.077417
-16.057208
-16.962785
-17.797847
-18.565964
-19.270575
-19.914988
-21.724090
-22.185286
-22.598806
-22.967304
-23.293316
-23.579253
-23.827414
-24.039984
-24.219042
-24.366561
-24.484417
-24.574389
-24.638165
-24.677347
-24.693452
-24.687919
-24.662113
-24.617324
-24.554776
-24.475629
-24.380980
-24.271868
-24.149277
-24.014140
-23.867338
-23.709705
-23.542034
-23.365072
-23.179528
-22.986072
-22.785339
-22.577932
-22.364418
-22.145336
-21.921197
-20.493924
-20.327655
-20.154817
-19.975940
-19.791528
-19.602059
-19.407986
-19.209738
-19.007721
-18.802323
-18.593909
-18.382826
-18.169403
-17.953949
-17.736761
-17.518117
-17.298282
-17.077504
-16.856020
-16.634055
-16.411817
-16.189508
-15.967314
-15.745414
-15.523975
-15.303153
-15.083098
-14.863949
-14.645836
-14.428883
-14.213204
-13.998908
-13.786096
-13.574861
-13.365292
-13.157469
-12.951469
-12.747362
-12.545213
-12.345081
-12.147021
-11.951084
-11.757315
-11.565757
-11.376445
-11.189416
-11.004697
-10.822317
-10.642297
-10.464658
-10.289418
-10.116589
-9.946184
-9.778211
-9.612676
-9.449583
-9.288934
-9.130729
-8.974964
-8.821635
-8.670736
-8.522260
-8.376196
-8.232533
-8.091259
-7.952360
-7.815821
-7.681625
-7.549756
-7.420193
-7.292918
-7.167911
-7.045149
-6.924612
-6.806275
-6.690116
-6.576111
-6.464235
-6.354462
-6.246768
-6.141125
-6.037508
-5.935889
-5.836242
-5.738539
-5.642752
-5.548855
-5.456818
-5.366614
-5.278215
-5.191592
-5.106717
-5.023562
-4.942099
-4.862300
-4.784135
-4.707578
-4.632601
-4.559174
-4.487272
-4.416866
-4.347928
-4.280433
-4.214351
-4.149658
-4.086326
-4.024329
-3.963641
-3.904237
-3.846090
-3.789175
-3.733467
-3.678943
-3.625576
-3.573344
-3.522222
-3.472187
-3.423216
-3.375286
-3.328374
-3.282458
-3.237517
-3.193529
-3.150472
-3.108326
-3.067071
-3.026686
-2.987151
-2.948446
-2.910554
-2.873454
-2.837128
-2.801559
-2.766727
-2.732617
-2.699210
-2.666489
-2.634439
-2.603043
-2.572284
-2.542148
-2.512619
-2.483683
-2.455324
-2.427528
-2.400281
-2.373569
-2.347380
-2.321699
-2.296514
-2.271813
-2.247582
-2.223810
-2.200485
-2.177596
-2.155131
-2.133080
-2.111431
-2.090174
-2.069300
-2.048797
-2.028656
-2.008868
-1.989423
-1.970312
-1.951527
-1.933058
-1.914898
-1.897038
-1.879470
-1.862187
-1.845180
-1.828443
-1.811968
-1.795748
-1.779777
-1.764047
-1.748552
-1.733286
-1.718243
-1.703417
-1.688802
-1.674392
-1.660181
-1.646165
-1.632338
-1.618696
-1.605232
-1.591943
-1.578824
-1.565870
-1.553077
-1.540440
-1.527956
-1.515621
-1.503429
-1.491379
-1.479465
-1.467685
-1.456034
-1.444511
-1.433110
-1.421830
-1.410666
-1.399617
-1.388678
-1.377848
-1.367123
-1.356502
-1.345980
-1.335556
-1.325228
-1.314992
-1.304847
-1.294791
-1.284821
-1.274936
-1.265132
-1.255409
-1.245764
-1.236196
-1.226703
-1.217282
-1.207933
-1.198654
-1.189443
-1.180299
-1.171220
-1.162204
-1.153251
-1.144359
-1.135527
-1.126753
-1.118036
-1.109375
-1.100769
-1.092217
-1.083718
-1.075270
-1.066872
-1.058524
-1.050225
-1.041974
-1.033769
-1.025610
-1.017496
-1.009426
-1.001400
-0.993416
-0.985475
-0.977574
-0.969713
-0.961892
-0.954111
-0.946367
-0.938661
-0.930993
-0.923360
-0.915764
-0.908202
-0.900676
-0.893183
-0.885724
-0.878298
-0.870905
-0.863544
-0.856214
-0.848915
-0.841647
-0.834409
-0.827200
-0.820021
-0.812871
-0.805749
-0.798655
-0.791588
-0.784549
-0.777536
-0.770550
-0.763589
-0.756655
-0.749745
-0.742861
-0.736001
-0.729165
-0.722353
-0.715565
-0.708799
-0.702057
-0.695337
-0.688639
-0.681963
-0.675309
-0.668676
-0.662064
-0.655473
-0.648902
-0.642351
-0.635820
-0.629308
-0.622815
-0.616342
-0.609887
-0.603450
-0.597032
-0.590631
-0.584248
-0.577882
-0.571534
-0.565202
-0.558886
-0.552587
-0.546304
-0.540036
-0.533784
-0.527547
-0.521325
-0.515118
-0.508926
-0.502747
-0.496583
-0.490433
-0.484296
-0.478172
-0.472061
-0.465964
-0.459878
-0.453806
-0.447745
-0.441697
-0.435660
-0.429634
-0.423620
-0.417617
-0.411625
-0.405643
-0.399672
-0.393711
-0.387761
-0.381820
-0.375888
-0.369966
-0.364053
-0.358149
-0.352254
-0.346368
-0.340490
-0.334620
-0.328758
-0.322904
-0.317058
-0.311219
-0.305388
-0.299563
-0.293746
-0.287935
-0.282131
-0.276333
-0.270542
-0.264757
-0.258977
-0.253204
-0.247436
-0.241673
-0.235916
-0.230163
-0.224416
-0.218674
-0.212936
-0.207203
-0.201474
-0.195749
-0.190028
-0.184312
-0.178599
-0.172890
-0.167184
-0.161482
-0.155783
-0.150088
-0.144395
-0.138705
-0.133018
-0.127334
-0.121653
-0.115974
-0.110297
-0.104622
-0.098950
-0.093280
-0.087611
-0.081945
-0.076280
-0.070617
-0.064956
-0.059296
-0.053637
-0.047980
-0.042324
-0.036669
-0.031015
-0.025363
-0.019711
-0.014060
-0.008410
-0.002760
0.002889
0.008537
0.014184
0.019832
0.025478
0.031124
0.036770
0.042416
0.048062
0.053707
0.059352
0.064997
0.070642
0.076287
0.081932
0.087576
0.093221
0.098866
0.104511
0.110157
0.115802
0.121448
0.127093
0.132739
0.138385
0.144032
0.149678
0.155325
0.160972
0.166620
0.172267
0.177915
0.183563
0.189212
0.194860
0.200509
0.206158
0.211808
0.217457
0.223107
0.228757
0.234407
0.240057
0.245707
0.251358
0.257008
0.262659
0.268310
0.273960
0.279611
0.285261
0.290912
0.296562
0.302212
0.307862
0.313512
0.319162
0.324811
0.330460
0.336108
0.341756
0.347404
0.353051
0.358698
0.364343
0.369989
0.375633
0.381277
0.386920
0.392562
0.398203
0.403843
0.409482
0.415120
0.420757
0.426393
0.432027
0.437660
0.443292
0.448922
0.454551
0.460178
0.465804
0.471427
0.477049
0.482670
0.488288
0.493904
0.499518
0.505130
0.510740
0.516348
0.521953
0.527556
0.533157
0.538754
0.544350
0.549942
0.555532
0.561119
0.566703
0.572284
0.577862
0.583437
0.589009
0.594577
0.600142
0.605703
0.611261
0.616815
0.622366
0.627913
0.633456
0.638995
0.644530
0.650061
0.655588
0.661110
0.666628
0.672142
0.677651
0.683156
0.688656
0.694152
0.699642
0.705128
0.710608
0.716084
0.721554
0.727019
0.732479
0.737934
0.743383
0.748826
0.754264
0.759696
0.765123
0.770543
0.775958
0.781366
0.786769
0.792165
0.797555
0.802938
0.808315
0.813686
0.819050
0.824407
0.829757
0.835101
0.840438
0.845768
0.851090
0.856406
0.861714
0.867015
0.872308
0.877595
0.882873
0.888144
0.893407
0.898662
0.903910
0.909150
0.914381
0.919605
0.924820
0.930027
0.935226
0.940416
0.945598
0.950771
0.955936
0.961092
0.966239
0.971377
0.976507
0.981627
0.986738
0.991841
0.996934
1.002017
1.007092
1.012157
1.017212
1.022258
1.027294
1.032321
1.037338
1.042345
1.047342
1.052329
1.057306
1.062272
1.067229
1.072175
1.077112
1.082037
1.086952
1.091857
1.096751
1.101635
1.106507
1.111369
1.116221
1.121061
1.125890
1.130708
1.135515
1.140311
1.145096
1.149869
1.154631
1.159382
1.164121
1.168849
1.173565
1.178269
1.182962
1.187643
1.192312
1.196969
1.201614
1.206247
1.210868
1.215477
1.220074
1.224659
1.229231
1.233791
1.238339
1.242874
1.247396
1.251906
1.256404
1.260888
1.265360
1.269819
1.274266
1.278699
1.283120
1.287527
1.291922
1.296303
1.300671
1.305026
1.309368
1.313696
1.318011
1.322313
1.326601
1.330875
1.335136
1.339384
1.343618
1.347838
1.352044
1.356237
1.360415
1.364580
1.368731
1.372868
1.376991
1.381099
1.385194
1.389274
1.393341
1.397393
1.401430
1.405453
1.409462
1.413457
1.417437
1.421402
1.425353
1.429289
1.433210
1.437117
1.441009
1.444887
1.448749
1.452596
1.456429
1.460247
1.464049
1.467837
1.471609
1.475367
1.479109
1.482836
1.486548
1.490244
1.493925
1.497591
1.501241
1.504876
1.508495
1.512099
1.515687
1.519260
1.522817
1.526358
1.529884
1.533394
1.536888
1.540366
1.543829
1.547275
1.550705
1.554120
1.557518
1.560901
1.564267
1.567617
1.570951
1.574269
1.577571
1.580856
1.584125
1.587378
1.590614
1.593834
1.597037
1.600224
1.603395
1.606549
1.609686
1.612806
1.615910
1.618998
1.622068
1.625122
1.628159
1.631180
1.634183
1.637169
1.640139
1.643092
1.646027
1.648946
1.651847
1.654732
1.657599
1.660450
1.663283
1.666098
1.668897
1.671678
1.674443
1.677189
1.679919
1.682631
1.685325
1.688002
1.690662
1.693304
1.695929
1.698536
1.701125
1.703697
1.706251
1.708787
1.711306
1.713807
1.716290
1.718756
1.721203
1.723633
1.726045
1.728439
1.730815
1.733173
1.735513
1.737835
1.740139
1.742425
1.744692
1.746942
1.749173
1.751387
1.753582
1.755759
1.757917
1.760058
1.762180
1.764283
1.766369
1.768436
1.770484
1.772514
1.774526
1.776519
1.778494
1.780450
1.782387
1.784306
1.786206
1.788088
1.789951
1.791796
1.793621
1.795428
1.797217
1.798986
1.800737
1.802469
1.804182
1.805876
1.807551
1.809208
1.810845
1.812464
1.814063
1.815644
1.817206
1.818748
1.820272
1.821776
1.823262
1.824728
1.826175
1.827603
1.829012
1.830402
1.831773
1.833124
1.834456
1.835769
1.837063
1.838337
1.839592
1.840828
1.842044
1.843241
1.844419
1.845577
1.846716
1.847836
1.848936
1.850016
1.851078
1.852119
1.853142
1.854144
1.855127
1.856091
1.857035
1.857960
1.858865
1.859750
1.860616
1.861462
1.862289
1.863096
1.863883
1.864651
1.865399
1.866127
1.866836
1.867524
1.868194
1.868843
1.869473
1.870083
1.870673
1.871244
1.871794
1.872325
1.872837
1.873328
1.873799
1.874251
1.874683
1.875095
1.875488
1.875860
1.876213
1.876546
1.876859
1.877152
1.877425
1.877678
1.877912
1.878125
1.878319
1.878493
1.878647
1.878781
1.878895
1.878990
1.879064
1.879118
1.879153
1.879168
1.879163
1.879138
1.879093
1.879028
1.878943
1.878838
1.878714
1.878569
1.878405
1.878221
1.878017
1.877793
1.877549
1.877285
1.877001
1.876698
1.876374
1.876031
1.875668
1.875285
1.874882
1.874459
1.874017
1.873555
1.873073
1.872571
1.872049
1.871507
1.870946
1.870365
1.869764
1.869143
1.868503
1.867843
1.867163
1.866463
1.865744
1.865005
1.864246
1.863468
1.862670
1.861852
1.861015
1.860158
1.859281
1.858385
1.857469
1.856534
1.855579
1.854605
1.853611
1.852598
1.851565
1.850513
1.849441
1.848350
1.847239
1.846109
1.844960
1.843791
1.842603
1.841396
1.840169
1.838923
1.837658
1.836374
1.835070
1.833748
1.832406
1.831045
1.829665
1.828265
1.826847
1.825410
1.823953
1.822478
1.820984
1.819471
1.817939
1.816388
1.814818
1.813229
1.811622
1.809996
1.808351
1.806687
1.805005
1.803304
1.801584
1.799846
1.798089
1.796314
1.794521
1.792708
1.790878
1.789029
1.787162
1.785276
1.783372
1.781450
1.779509
1.777551
1.775574
1.773579
1.771566
1.769536
1.767487
1.765420
1.763335
1.761232
1.759112
1.756974
1.754818
1.752644
1.750452
1.748243
1.746016
1.743772
1.741510
1.739231
1.736935
1.734621
1.732289
1.729940
1.727574
1.725191
1.722791
1.720374
1.717939
1.715487
1.713019
1.710533
1.708031
1.705512
1.702976
1.700423
1.697854
1.695268
1.692665
1.690046
1.687410
1.684758
1.682089
1.679404
1.676703
1.673985
1.671252
1.668502
1.665736
1.662954
1.660156
1.657342
1.654512
1.651667
1.648805
1.645928
1.643035
1.640127
1.637203
1.634263
1.631308
1.628338
1.625352
1.622351
1.619335
1.616304
1.613257
1.610196
1.607119
1.604028
1.600921
1.597800
1.594664
1.591514
1.588348
1.585168
1.581974
1.578765
1.575542
1.572304
1.569052
1.565786
1.562505
1.559211
1.555902
1.552580
1.549243
1.545893
1.542529
1.539151
1.535759
1.532354
1.528935
1.525503
1.522057
1.518598
1.515126
1.511640
1.508141
1.504629
1.501104
1.497566
1.494015
1.490451
1.486874
1.483285
1.479682
1.476068
1.472440
1.468800
1.465148
1.461483
1.457806
1.454117
1.450416
1.446702
1.442976
1.439239
1.435489
1.431728
1.427955
1.424170
1.420373
1.416565
1.412745
1.408914
1.405071
1.401217
1.397352
1.393475
1.389587
1.385688
1.381778
1.377857
1.373926
1.369983
1.366029
1.362065
1.358090
1.354105
1.350109
1.346102
1.342085
1.338058
1.334020
1.329973
1.325915
1.321847
1.317768
1.313680
1.309582
1.305474
1.301356
1.297229
1.293092
1.288945
1.284789
1.280623
1.276447
1.272263
1.268069
1.263865
1.259653
1.255431
1.251200
1.246960
1.242712
1.238454
1.234187
1.229912
1.225628
1.221335
1.217034
1.212723
1.208405
1.204078
1.199742
1.195399
1.191047
1.186686
1.182318
1.177941
1.173556
1.169163
1.164762
1.160354
1.155937
1.151513
1.147080
1.142640
1.138193
1.133738
1.129275
1.124804
1.120327
1.115841
1.111349
1.106849
1.102342
1.097827
1.093306
1.088777
1.084241
1.079698
1.075148
1.070591
1.066028
1.061457
1.056880
1.052296
1.047705
1.043107
1.038503
1.033892
1.029275
1.024651
1.020021
1.015384
1.010741
1.006091
1.001435
0.996773
0.992105
0.987431
0.982750
0.978063
0.973370
0.968672
0.963967
0.959256
0.954539
0.949817
0.945088
0.940354
0.935614
0.930868
0.926116
0.921359
0.916596
0.911828
0.907054
0.902274
0.897489
0.892698
0.887902
0.883100
0.878294
0.873481
0.868664
0.863841
0.859012
0.854179
0.849340
0.844496
0.839647
0.834793
0.829934
0.825069
0.820200
0.815325
0.810446
0.805561
0.800672
0.795777
0.790878
0.785974
0.781065
0.776151
0.771232
0.766308
0.761380
0.756447
0.751509
0.746566
0.741619
0.736667
0.731711
0.726749
0.721784
0.716813
0.711838
0.706858
0.701874
0.696886
0.691892
0.686895
0.681893
0.676886
0.671875
0.666860
0.661840
0.656816
0.651787
0.646754
0.641717
0.636675
0.631629
0.626579
0.621524
0.616466
0.611403
0.606335
0.601264
0.596188
0.591108
0.586024
0.580936
0.575844
0.570747
0.565646
0.560542
0.555433
0.550320
0.545203
0.540081
0.534956
0.529827
0.524694
0.519556
0.514415
0.509270
0.504121
0.498967
0.493810
0.488649
0.483484
0.478315
0.473142
0.467965
0.462784
0.457600
0.452411
0.447219
0.442023
0.436823
0.431619
0.426411
0.421200
0.415985
0.410766
0.405543
0.400317
0.395086
0.389852
0.384615
0.379373
0.374128
0.368879
0.363627
0.358371
0.353111
0.347848
0.342581
0.337310
0.332036
0.326758
0.321477
0.316192
0.310904
0.305612
0.300316
0.295017
0.289715
0.284409
0.279100
0.273787
0.268471
0.263151
0.257828
0.252501
0.247172
0.241839
0.236502
0.231162
0.225819
0.220473
0.215123
0.209770
0.204414
0.199055
0.193692
0.188327
0.182958
0.177586
0.172211
0.166833
0.161451
0.156067
0.150680
0.145289
0.139896
0.134499
0.129100
0.123698
0.118292
0.112884
0.107473
0.102060
0.096643
0.091223
0.085801
0.080376
0.074948
0.069518
0.064085
0.058649
0.053211
0.047770
0.042326
0.036880
0.031432
0.025980
0.020527
0.015071
0.009612
0.004152
-0.001312
-0.006777
-0.012245
-0.017715
-0.023187
-0.028662
-0.034138
-0.039617
-0.045098
-0.050581
-0.056066
-0.061553
-0.067042
-0.072533
-0.078026
-0.083520
-0.089017
-0.094515
-0.100015
-0.105517
-0.111021
-0.116526
-0.122032
-0.127541
-0.133051
-0.138562
-0.144075
-0.149589
-0.155105
-0.160622
-0.166140
-0.171659
-0.177180
-0.182702
-0.188225
-0.193749
-0.199274
-0.204800
-0.210328
-0.215856
-0.221384
-0.226914
-0.232445
-0.237976
-0.243508
-0.249041
-0.254574
-0.260108
-0.265642
-0.271177
-0.276712
-0.282247
-0.287783
-0.293319
-0.298855
-0.304392
-0.309928
-0.315465
-0.321001
-0.326538
-0.332075
-0.337611
-0.343147
-0.348683
-0.354219
-0.359754
-0.365289
-0.370823
-0.376357
-0.381890
-0.387423
-0.392955
-0.398486
-0.404017
-0.409546
-0.415075
-0.420603
-0.426129
-0.431655
-0.437180
-0.442703
-0.448225
-0.453746
-0.459265
-0.464783
-0.470300
-0.475815
-0.481328
-0.486840
-0.492350
-0.497858
-0.503365
-0.508869
-0.514372
-0.519872
-0.525370
-0.530867
-0.536361
-0.541852
-0.547342
-0.552829
-0.558314
-0.563796
-0.569275
-0.574752
-0.580226
-0.585697
-0.591166
-0.596631
-0.602094
-0.607553
-0.613010
-0.618463
-0.623913
-0.629360
-0.634803
-0.640243
-0.645679
-0.651112
-0.656541
-0.661967
-0.667389
-0.672807
-0.678221
-0.683631
-0.689037
-0.694439
-0.699836
-0.705230
-0.710619
-0.716004
-0.721384
-0.726760
-0.732132
-0.737498
-0.742860
-0.748218
-0.753570
-0.758917
-0.764260
-0.769597
-0.774929
-0.780257
-0.785578
-0.790895
-0.796206
-0.801511
-0.806812
-0.812106
-0.817395
-0.822678
-0.827955
-0.833226
-0.838492
-0.843751
-0.849004
-0.854252
-0.859492
-0.864727
-0.869955
-0.875177
-0.880392
-0.885601
-0.890803
-0.895998
-0.901187
-0.906368
-0.911543
-0.916711
-0.921871
-0.927025
-0.932171
-0.937310
-0.942442
-0.947566
-0.952683
-0.957792
-0.962894
-0.967988
-0.973074
-0.978152
-0.983223
-0.988285
-0.993340
-0.998386
-1.003424
-1.008454
-1.013476
-1.018489
-1.023494
-1.028490
-1.033478
-1.038457
-1.043427
-1.048389
-1.053341
-1.058285
-1.063220
-1.068145
-1.073062
-1.077969
-1.082867
-1.087756
-1.092636
-1.097506
-1.102366
-1.107217
-1.112058
-1.116889
-1.121711
-1.126522
-1.131324
-1.136116
-1.140898
-1.145669
-1.150431
-1.155182
-1.159923
-1.164653
-1.169373
-1.174083
-1.178782
-1.183470
-1.188148
-1.192814
-1.197470
-1.202115
-1.206749
-1.211372
-1.215984
-1.220585
-1.225175
-1.229753
-1.234320
-1.238876
-1.243420
-1.247952
-1.252473
-1.256982
-1.261480
-1.265966
-1.270440
-1.274902
-1.279352
-1.283790
-1.288216
-1.292630
-1.297032
-1.301421
-1.305798
-1.310163
-1.314515
-1.318855
-1.323182
-1.327497
-1.331799
-1.336088
-1.340364
-1.344628
-1.348878
-1.353116
-1.357341
-1.361552
-1.365751
-1.369936
-1.374108
-1.378267
-1.382412
-1.386544
-1.390662
-1.394767
-1.398859
-1.402936
-1.407000
-1.411051
-1.415087
-1.419110
-1.423118
-1.427113
-1.431094
-1.435061
-1.439013
-1.442952
-1.446876
-1.450786
-1.454681
-1.458562
-1.462429
-1.466281
-1.470119
-1.473942
-1.477751
-1.481545
-1.485324
-1.489088
-1.492838
-1.496572
-1.500292
-1.503997
-1.507687
-1.511361
-1.515021
-1.518665
-1.522294
-1.525908
-1.529506
-1.533090
-1.536657
-1.540210
-1.543746
-1.547268
-1.550773
-1.554263
-1.557738
-1.561196
-1.564639
-1.568066
-1.571477
-1.574873
-1.578252
-1.581615
-1.584963
-1.588294
-1.591609
-1.594908
-1.598191
-1.601457
-1.604708
-1.607942
-1.611159
-1.614360
-1.617545
-1.620713
-1.623865
-1.627000
-1.630118
-1.633220
-1.636305
-1.639374
-1.642425
-1.645460
-1.648478
-1.651479
-1.654463
-1.657431
-1.660381
-1.663314
-1.666230
-1.669129
-1.672011
-1.674876
-1.677723
-1.680554
-1.683367
-1.686162
-1.688941
-1.691702
-1.694445
-1.697171
-1.699880
-1.702571
-1.705244
-1.707900
-1.710539
-1.713159
-1.715762
-1.718348
-1.720915
-1.723465
-1.725997
-1.728511
-1.731007
-1.733485
-1.735946
-1.738388
-1.740813
-1.743219
-1.745608
-1.747978
-1.750330
-1.752664
-1.754980
-1.757278
-1.759557
-1.761818
-1.764061
-1.766286
-1.768493
-1.770681
-1.772850
-1.775001
-1.777134
-1.779249
-1.781344
-1.783422
-1.785481
-1.787521
-1.789543
-1.791546
-1.793530
-1.795496
-1.797443
-1.799372
-1.801282
-1.803173
-1.805045
-1.806898
-1.808733
-1.810549
-1.812346
-1.814124
-1.815883
-1.817624
-1.819345
-1.821048
-1.822731
-1.824396
-1.826041
-1.827668
-1.829275
-1.830864
-1.832433
-1.833983
-1.835515
-1.837027
-1.838519
-1.839993
-1.841448
-1.842883
-1.844299
-1.845696
-1.847074
-1.848432
-1.849771
-1.851091
-1.852391
-1.853672
-1.854934
-1.856177
-1.857400
-1.858604
-1.859788
-1.860953
-1.862099
-1.863225
-1.864332
-1.865419
-1.866487
-1.867535
-1.868564
-1.869573
-1.870563
-1.871533
-1.872484
-1.873416
-1.874327
-1.875219
-1.876092
-1.876945
-1.877779
-1.878593
-1.879387
-1.880161
-1.880917
-1.881652
-1.882368
-1.883064
-1.883741
-1.884397
-1.885035
-1.885652
-1.886250
-1.886828
-1.887387
-1.887926
-1.888445
-1.888944
-1.889424
-1.889884
-1.890325
-1.890745
-1.891146
-1.891528
-1.891889
-1.892231
-1.892553
-1.892855
-1.893138
-1.893401
-1.893644
-1.893868
-1.894071
-1.894255
-1.894420
-1.894564
-1.894689
-1.894794
-1.894879
-1.894945
-1.894991
-1.895017
-1.895023
-1.895010
-1.894977
-1.894924
-1.894851
-1.894759
-1.894647
-1.894515
-1.894364
-1.894193
-1.894002
-1.893791
-1.893561
-1.893311
-1.893041
-1.892752
-1.892443
-1.892114
-1.891766
-1.891398
-1.891010
-1.890603
-1.890176
-1.889729
-1.889263
-1.888777
-1.888272
-1.887747
-1.887202
-1.886638
-1.886054
-1.885450
-1.884827
-1.884184
-1.883522
-1.882841
-1.882139
-1.881418
-1.880678
-1.879918
-1.879139
-1.878340
-1.877522
-1.876684
-1.875827
-1.874950
-1.874054
-1.873139
-1.872204
-1.871250
-1.870276
-1.869283
-1.868270
-1.867239
-1.866188
-1.865117
-1.864028
-1.862919
-1.861790
-1.860643
-1.859476
-1.858290
-1.857085
-1.855860
-1.854617
-1.853354
-1.852072
-1.850771
-1.849451
-1.848111
-1.846753
-1.845376
-1.843979
-1.842563
-1.841129
-1.839675
-1.838203
-1.836711
-1.835201
-1.833671
-1.832123
-1.830556
-1.828970
-1.827365
-1.825741
-1.824098
-1.822437
-1.820757
-1.819058
-1.817340
-1.815604
-1.813849
-1.812075
-1.810283
-1.808472
-1.806642
-1.804794
-1.802927
-1.801042
-1.799138
-1.797216
-1.795275
-1.793316
-1.791338
-1.789342
-1.787328
-1.785295
-1.783244
-1.781174
-1.779087
-1.776981
-1.774857
-1.772714
-1.770554
-1.768375
-1.766178
-1.763963
-1.761730
-1.759479
-1.757210
-1.754923
-1.752618
-1.750295
-1.747954
-1.745595
-1.743218
-1.740824
-1.738411
-1.735981
-1.733533
-1.731068
-1.728584
-1.726084
-1.723565
-1.721029
-1.718475
-1.715904
-1.713315
-1.710708
-1.708085
-1.705443
-1.702785
-1.700109
-1.697415
-1.694705
-1.691977
-1.689232
-1.686469
-1.683690
-1.680893
-1.678079
-1.675248
-1.672400
-1.669536
-1.666654
-1.663755
-1.660839
-1.657906
-1.654956
-1.651990
-1.649007
-1.646007
-1.642990
-1.639957
-1.636907
-1.633840
-1.630757
-1.627657
-1.624541
-1.621408
-1.618259
-1.615093
-1.611911
-1.608713
-1.605498
-1.602268
-1.599020
-1.595757
-1.592478
-1.589182
-1.585870
-1.582543
-1.579199
-1.575839
-1.572464
-1.569072
-1.565665
-1.562242
-1.558803
-1.555348
-1.551877
-1.548391
-1.544890
-1.541372
-1.537839
-1.534291
-1.530727
-1.527148
-1.523553
-1.519943
-1.516318
-1.512677
-1.509021
-1.505350
-1.501664
-1.497963
-1.494246
-1.490515
-1.486768
-1.483007
-1.479231
-1.475439
-1.471633
-1.467813
-1.463977
-1.460127
-1.456262
-1.452383
-1.448489
-1.444580
-1.440657
-1.436719
-1.432767
-1.428801
-1.424821
-1.420826
-1.416816
-1.412793
-1.408756
-1.404704
-1.400639
-1.396559
-1.392465
-1.388358
-1.384236
-1.380101
-1.375952
-1.371789
-1.367613
-1.363423
-1.359219
-1.355002
-1.350771
-1.346526
-1.342269
-1.337998
-1.333713
-1.329415
-1.325104
-1.320780
-1.316443
-1.312092
-1.307729
-1.303352
-1.298963
-1.294560
-1.290145
-1.285717
-1.281276
-1.276822
-1.272356
-1.267877
-1.263385
-1.258881
-1.254364
-1.249835
-1.245294
-1.240740
-1.236174
-1.231595
-1.227005
-1.222402
-1.217787
-1.213160
-1.208521
-1.203870
-1.199208
-1.194533
-1.189846
-1.185148
-1.180438
-1.175716
-1.170983
-1.166238
-1.161482
-1.156714
-1.151935
-1.147144
-1.142342
-1.137529
-1.132705
-1.127869
-1.123022
-1.118164
-1.113296
-1.108416
-1.103525
-1.098623
-1.093711
-1.088788
-1.083854
-1.078909
-1.073954
-1.068989
-1.064012
-1.059026
-1.054029
-1.049021
-1.044004
-1.038976
-1.033937
-1.028889
-1.023831
-1.018762
-1.013684
-1.008596
-1.003497
-0.998389
-0.993271
-0.988144
-0.983007
-0.977860
-0.972703
-0.967537
-0.962362
-0.957177
-0.951983
-0.946779
-0.941567
-0.936345
-0.931114
-0.925874
-0.920624
-0.915366
-0.910099
-0.904823
-0.899539
-0.894245
-0.888943
-0.883632
-0.878312
-0.872984
-0.867648
-0.862303
-0.856949
-0.851588
-0.846218
-0.840839
-0.835453
-0.830059
-0.824656
-0.819246
-0.813827
-0.808401
-0.802966
-0.797524
-0.792075
-0.786617
-0.781152
-0.775680
-0.770199
-0.764712
-0.759217
-0.753715
-0.748205
-0.742688
-0.737164
-0.731633
-0.726095
-0.720550
-0.714997
-0.709438
-0.703873
-0.698300
-0.692720
-0.687134
-0.681542
-0.675942
-0.670337
-0.664724
-0.659106
-0.653481
-0.647850
-0.642212
-0.636568
-0.630919
-0.625263
-0.619601
-0.613933
-0.608260
-0.602580
-0.596895
-0.591204
-0.585507
-0.579805
-0.574097
-0.568384
-0.562665
-0.556941
-0.551212
-0.545477
-0.539737
-0.533992
-0.528242
-0.522487
-0.516727
-0.510962
-0.505192
-0.499417
-0.493638
-0.487854
-0.482065
-0.476272
-0.470474
-0.464671
-0.458865
-0.453053
-0.447238
-0.441418
-0.435595
-0.429767
-0.423935
-0.418099
-0.412259
-0.406415
-0.400567
-0.394716
-0.388860
-0.383002
-0.377139
-0.371273
-0.365404
-0.359531
-0.353655
-0.347775
-0.341892
-0.336006
-0.330117
-0.324225
-0.318329
-0.312431
-0.306530
-0.300626
-0.294719
-0.288810
-0.282897
-0.276983
-0.271065
-0.265145
-0.259223
-0.253298
-0.247371
-0.241442
-0.235510
-0.229576
-0.223641
-0.217703
-0.211763
-0.205821
-0.199877
-0.193932
-0.187985
-0.182036
-0.176085
-0.170133
-0.164179
-0.158224
-0.152268
-0.146310
-0.140351
-0.134390
-0.128429
-0.122466
-0.116502
-0.110538
-0.104572
-0.098606
-0.092638
-0.086670
-0.080701
-0.074732
-0.068762
-0.062791
-0.056820
-0.050848
-0.044877
-0.038904
-0.032932
-0.026959
-0.020987
-0.015014
-0.009041
-0.003068
0.002905
0.008877
0.014849
0.020821
0.026793
0.032764
0.038735
0.044706
0.050675
0.056644
0.062613
0.068581
0.074548
0.080514
0.086479
0.092443
0.098406
0.104368
0.110329
0.116289
0.122248
0.128205
0.134160
0.140115
0.146068
0.152019
0.157969
0.163917
0.169863
0.175808
0.181750
0.187691
0.193630
0.199567
0.205502
0.211435
0.217365
0.223293
0.229219
0.235143
0.241064
0.246983
0.252899
0.258813
0.264724
0.270632
0.276538
0.282441
0.288340
0.294237
0.300131
0.306022
0.311910
0.317795
0.323676
0.329555
0.335430
0.341301
0.347169
0.353034
0.358895
0.364752
0.370606
0.376456
0.382303
0.388145
0.393984
0.399818
0.405649
0.411476
0.417298
0.423116
0.428930
0.434740
0.440546
0.446347
0.452143
0.457935
0.463723
0.469506
0.475284
0.481057
0.486826
0.492590
0.498349
0.504103
0.509852
0.515596
0.521334
0.527068
0.532796
0.538519
0.544237
0.549949
0.555656
0.561358
0.567053
0.572744
0.578428
0.584107
0.589780
0.595447
0.601108
0.606763
0.612412
0.618055
0.623692
0.629323
0.634948
0.640566
0.646178
0.651784
0.657383
0.662975
0.668561
0.674141
0.679714
0.685280
0.690839
0.696391
0.701937
0.707475
0.713007
0.718532
0.724049
0.729559
0.735062
0.740558
0.746046
0.751528
0.757001
0.762467
0.767926
0.773377
0.778820
0.784256
0.789684
0.795104
0.800516
0.805921
0.811317
0.816705
0.822086
0.827458
0.832822
0.838178
0.843525
0.848864
0.854195
0.859517
0.864831
0.870136
0.875433
0.880721
0.886000
0.891270
0.896532
0.901785
0.907029
0.912264
0.917490
0.922707
0.927914
0.933113
0.938302
0.943482
0.948653
0.953814
0.958966
0.964108
0.969241
0.974364
0.979478
0.984582
0.989676
0.994760
0.999835
1.004899
1.009954
1.014999
1.020033
1.025058
1.030072
1.035076
1.040070
1.045054
1.050027
1.054990
1.059942
1.064884
1.069815
1.074736
1.079646
1.084545
1.089434
1.094312
1.099179
1.104035
1.108880
1.113714
1.118537
1.123348
1.128149
1.132939
1.137717
1.142484
1.147240
1.151984
1.156717
1.161438
1.166148
1.170846
1.175532
1.180207
1.184870
1.189521
1.194161
1.198788
1.203404
1.208008
1.212599
1.217179
1.221746
1.226302
1.230845
1.235375
1.239894
1.244400
1.248894
1.253375
1.257844
1.262300
1.266744
1.271175
1.275593
1.279998
1.284391
1.288771
1.293138
1.297492
1.301834
1.306162
1.310477
1.314779
1.319068
1.323344
1.327606
1.331855
1.336091
1.340314
1.344523
1.348718
1.352900
1.357069
1.361224
1.365365
1.369493
1.373607
1.377707
1.381793
1.385866
1.389924
1.393969
1.397999
1.402016
1.406018
1.410007
1.413981
1.417941
1.421886
1.425818
1.429735
1.433637
1.437526
1.441399
1.445259
1.449103
1.452934
1.456749
1.460550
1.464336
1.468107
1.471864
1.475605
1.479332
1.483044
1.486741
1.490423
1.494089
1.497741
1.501378
1.504999
1.508605
1.512196
1.515772
1.519332
1.522877
1.526406
1.529920
1.533419
1.536902
1.540369
1.543821
1.547257
1.550678
1.554082
1.557471
1.560844
1.564202
1.567543
1.570869
1.574178
1.577472
1.580749
1.584010
1.587256
1.590485
1.593698
1.596894
1.600075
1.603239
1.606387
1.609518
1.612633
1.615732
1.618814
1.621879
1.624928
1.627961
1.630976
1.633975
1.636958
1.639923
1.642872
1.645804
1.648719
1.651618
1.654499
1.657364
1.660211
1.663042
1.665855
1.668652
1.671431
1.674193
1.676938
1.679666
1.682376
1.685069
1.687745
1.690404
1.693045
1.695668
1.698275
1.700863
1.703435
1.705988
1.708525
1.711043
1.713544
1.716027
1.718493
1.720941
1.723371
1.725783
1.728178
1.730554
1.732913
1.735254
1.737577
1.739882
1.742169
1.744437
1.746688
1.748921
1.751136
1.753332
1.755511
1.757671
1.759813
1.761936
1.764042
1.766129
1.768198
1.770248
1.772280
1.774294
1.776289
1.778266
1.780224
1.782164
1.784085
1.785987
1.787871
1.789737
1.791583
1.793411
1.795221
1.797011
1.798783
1.800537
1.802271
1.803986
1.805683
1.807361
1.809020
1.810660
1.812281
1.813884
1.815467
1.817031
1.818576
1.820102
1.821610
1.823098
1.824567
1.826017
1.827447
1.828859
1.830251
1.831625
1.832979
1.834313
1.835629
1.836925
1.838202
1.839460
1.840698
1.841917
1.843117
1.844297
1.845458
1.846599
1.847721
1.848824
1.849907
1.850971
1.852015
1.853040
1.854045
1.855030
1.855996
1.856943
1.857870
1.858777
1.859665
1.860533
1.861381
1.862210
1.863019
1.863809
1.864579
1.865329
1.866059
1.866770
1.867461
1.868132
1.868784
1.869416
1.870028
1.870620
1.871192
1.871745
1.872278
1.872791
1.873284
1.873757
1.874211
1.874645
1.875058
1.875452
1.875827
1.876181
1.876515
1.876830
1.877125
1.877399
1.877654
1.877889
1.878104
1.878299
1.878475
1.878630
1.878766
1.878881
1.878977
1.879052
1.879108
1.879144
1.879160
1.879156
1.879132
1.879088
1.879024
1.878941
1.878837
1.878713
1.878570
1.878407
1.878223
1.878020
1.877797
1.877554
1.877291
1.877008
1.876706
1.876383
1.876040
1.875678
1.875296
1.874894
1.874472
1.874030
1.873568
1.873087
1.872585
1.872064
1.871523
1.870962
1.870382
1.869781
1.869161
1.868521
1.867861
1.867182
1.866483
1.865764
1.865025
1.864267
1.863489
1.862691
1.861874
1.861037
1.860180
1.859304
1.858408
1.857492
1.856557
1.855603
1.854629
1.853635
1.852622
1.851589
1.850537
1.849465
1.848374
1.847264
1.846134
1.844985
1.843816
1.842628
1.841421
1.840194
1.838948
1.837683
1.836399
1.835095
1.833772
1.832431
1.831069
1.829689
1.828290
1.826872
1.825434
1.823978
1.822503
1.821008
1.819495
1.817963
1.816412
1.814842
1.813253
1.811646
1.810019
1.808374
1.806710
1.805028
1.803327
1.801607
1.799869
1.798112
1.796337
1.794543
1.792730
1.790900
1.789051
1.787183
1.785297
1.783393
1.781471
1.779530
1.777571
1.775595
1.773600
1.771586
1.769555
1.767506
1.765439
1.763354
1.761251
1.759131
1.756992
1.754836
1.752662
1.750470
1.748261
1.746034
1.743790
1.741528
1.739248
1.736951
1.734637
1.732305
1.729957
1.727590
1.725207
1.722807
1.720389
1.717954
1.715502
1.713034
1.710548
1.708046
1.705526
1.702990
1.700437
1.697867
1.695281
1.692678
1.690059
1.687423
1.684770
1.682102
1.679417
1.676715
1.673997
1.671264
1.668514
1.665747
1.662965
1.660167
1.657353
1.654523
1.651677
1.648816
1.645938
1.643045
1.640137
1.637213
1.634273
1.631318
1.628348
1.625362
1.622361
1.619344
1.616313
1.613266
1.610205
1.607128
1.604036
1.600930
1.597809
1.594673
1.591522
1.588356
1.585176
1.581982
1.578773
1.575549
1.572312
1.569060
1.565793
1.562513
1.559218
1.555910
1.552587
1.549250
1.545900
1.542536
1.539158
1.535766
1.532361
1.528942
1.525510
1.522064
1.518605
1.515132
1.511646
1.508147
1.504635
1.501110
1.497572
1.494021
1.490457
1.486880
1.483291
1.479688
1.476074
1.472446
1.468806
1.465154
1.461489
1.457812
1.454123
1.450421
1.446708
1.442982
1.439245
1.435495
1.431734
1.427960
1.424175
1.420379
1.416570
1.412751
1.408919
1.405077
1.401223
1.397357
1.393481
1.389593
1.385694
1.381784
1.377863
1.373931
1.369989
1.366035
1.362071
1.358096
1.354110
1.350114
1.346108
1.342091
1.338064
1.334026
1.329978
1.325920
1.321852
1.317774
1.313686
1.309588
1.305480
1.301362
1.297235
1.293098
1.288951
1.284794
1.280629
1.276453
1.272268
1.268074
1.263871
1.259659
1.255437
1.251206
1.246966
1.242718
1.238460
1.234193
1.229918
1.225634
1.221341
1.217040
1.212730
1.208411
1.204084
1.199749
1.195405
1.191053
1.186692
1.182324
1.177947
1.173562
1.169170
1.164769
1.160360
1.155943
1.151519
1.147087
1.142647
1.138199
1.133744
1.129281
1.124811
1.120333
1.115848
1.111355
1.106855
1.102348
1.097834
1.093312
1.088784
1.084248
1.079705
1.075155
1.070598
1.066034
1.061464
1.056887
1.052302
1.047712
1.043114
1.038510
1.033899
1.029282
1.024658
1.020028
1.015391
1.010748
1.006098
1.001442
0.996780
0.992112
0.987438
0.982757
0.978070
0.973377
0.968679
0.963974
0.959263
0.954546
0.949824
0.945095
0.940361
0.935621
0.930875
0.926123
0.921366
0.916603
0.911835
0.907061
0.902281
0.897496
0.892705
0.887909
0.883108
0.878301
0.873488
0.868671
0.863848
0.859020
0.854186
0.849348
0.844504
0.839655
0.834800
0.829941
0.825077
0.820207
0.815333
0.810453
0.805569
0.800679
0.795785
0.790885
0.785981
0.781072
0.776158
0.771239
0.766316
0.761387
0.756454
0.751516
0.746574
0.741627
0.736675
0.731718
0.726757
0.721791
0.716820
0.711845
0.706866
0.701882
0.696893
0.691900
0.686902
0.681900
0.676894
0.671883
0.666867
0.661847
0.656823
0.651794
0.646761
0.641724
0.636683
0.631637
0.626586
0.621532
0.616473
0.611410
0.606343
0.601271
0.596196
0.591116
0.586032
0.580943
0.575851
0.570755
0.565654
0.560549
0.555440
0.550327
0.545210
0.540089
0.534964
0.529835
0.524701
0.519564
0.514423
0.509278
0.504128
0.498975
0.493818
0.488657
0.483492
0.478323
0.473150
0.467973
0.462792
0.457608
0.452419
0.447227
0.442031
0.436831
0.431627
0.426419
0.421208
0.415993
0.410774
0.405551
0.400324
0.395094
0.389860
0.384623
0.379381
0.374136
0.368887
0.363635
0.358379
0.353119
0.347856
0.342589
0.337318
0.332044
0.326766
0.321485
0.316200
0.310912
0.305620
0.300324
0.295025
0.289723
0.284417
0.279108
0.273795
0.268479
0.263159
0.257836
0.252510
0.247180
0.241847
0.236510
0.231171
0.225828
0.220481
0.215132
0.209779
0.204423
0.199063
0.193701
0.188335
0.182966
0.177594
0.172219
0.166841
0.161460
0.156076
0.150688
0.145298
0.139904
0.134508
0.129109
0.123706
0.118301
0.112893
0.107482
0.102068
0.096652
0.091232
0.085810
0.080385
0.074957
0.069527
0.064094
0.058658
0.053220
0.047779
0.042335
0.036889
0.031440
0.025989
0.020536
0.015080
0.009621
0.004161
-0.001303
-0.006768
-0.012236
-0.017706
-0.023178
-0.028653
-0.034129
-0.039608
-0.045089
-0.050572
-0.056057
-0.061544
-0.067033
-0.072524
-0.078016
-0.083511
-0.089008
-0.094506
-0.100006
-0.105508
-0.111011
-0.116516
-0.122023
-0.127531
-0.133041
-0.138553
-0.144065
-0.149580
-0.155095
-0.160612
-0.166130
-0.171650
-0.177171
-0.182692
-0.188215
-0.193740
-0.199265
-0.204791
-0.210318
-0.215846
-0.221375
-0.226905
-0.232435
-0.237966
-0.243498
-0.249031
-0.254564
-0.260098
-0.265632
-0.271167
-0.276702
-0.282237
-0.287773
-0.293309
-0.298846
-0.304382
-0.309919
-0.315455
-0.320992
-0.326528
-0.332065
-0.337601
-0.343137
-0.348673
-0.354209
-0.359744
-0.365279
-0.370813
-0.376347
-0.381880
-0.387413
-0.392945
-0.398476
-0.404007
-0.409536
-0.415065
-0.420593
-0.426120
-0.431645
-0.437170
-0.442693
-0.448215
-0.453736
-0.459256
-0.464774
-0.470290
-0.475805
-0.481318
-0.486830
-0.492340
-0.497848
-0.503355
-0.508859
-0.514362
-0.519862
-0.525361
-0.530857
-0.536351
-0.541843
-0.547332
-0.552819
-0.558304
-0.563786
-0.569265
-0.574742
-0.580216
-0.585687
-0.591156
-0.596621
-0.602084
-0.607544
-0.613000
-0.618453
-0.623903
-0.629350
-0.634793
-0.640233
-0.645670
-0.651103
-0.656532
-0.661957
-0.667379
-0.672797
-0.678211
-0.683621
-0.689027
-0.694429
-0.699827
-0.705220
-0.710610
-0.715995
-0.721375
-0.726751
-0.732122
-0.737489
-0.742851
-0.748208
-0.753560
-0.758908
-0.764250
-0.769588
-0.774920
-0.780247
-0.785569
-0.790885
-0.796197
-0.801502
-0.806802
-0.812097
-0.817386
-0.822669
-0.827946
-0.833217
-0.838483
-0.843742
-0.848995
-0.854242
-0.859483
-0.864718
-0.869946
-0.875168
-0.880383
-0.885592
-0.890794
-0.895989
-0.901178
-0.906359
-0.911534
-0.916702
-0.921863
-0.927016
-0.932162
-0.937301
-0.942433
-0.947557
-0.952674
-0.957784
-0.962885
-0.967979
-0.973065
-0.978144
-0.983214
-0.988277
-0.993331
-0.998377
-1.003416
-1.008446
-1.013467
-1.018480
-1.023485
-1.028482
-1.033469
-1.038448
-1.043419
-1.048380
-1.053333
-1.058277
-1.063211
-1.068137
-1.073054
-1.077961
-1.082859
-1.087748
-1.092627
-1.097497
-1.102358
-1.107208
-1.112050
-1.116881
-1.121703
-1.126514
-1.131316
-1.136108
-1.140890
-1.145661
-1.150423
-1.155174
-1.159915
-1.164645
-1.169365
-1.174075
-1.178774
-1.183462
-1.188140
-1.192806
-1.197462
-1.202107
-1.206742
-1.211365
-1.215977
-1.220577
-1.225167
-1.229745
-1.234312
-1.238868
-1.243412
-1.247945
-1.252466
-1.256975
-1.261472
-1.265958
-1.270432
-1.274894
-1.279345
-1.283783
-1.288209
-1.292623
-1.297024
-1.301414
-1.305791
-1.310155
-1.314508
-1.318848
-1.323175
-1.327489
-1.331791
-1.336081
-1.340357
-1.344621
-1.348871
-1.353109
-1.357334
-1.361545
-1.365744
-1.369929
-1.374101
-1.378260
-1.382405
-1.386537
-1.390655
-1.394760
-1.398852
-1.402929
-1.406994
-1.411044
-1.415080
-1.419103
-1.423112
-1.427107
-1.431087
-1.435054
-1.439007
-1.442945
-1.446869
-1.450779
-1.454675
-1.458556
-1.462423
-1.466275
-1.470113
-1.473936
-1.477745
-1.481538
-1.485318
-1.489082
-1.492832
-1.496566
-1.500286
-1.503991
-1.507680
-1.511355
-1.515015
-1.518659
-1.522288
-1.525902
-1.529500
-1.533084
-1.536651
-1.540204
-1.543741
-1.547262
-1.550768
-1.554258
-1.557732
-1.561191
-1.564634
-1.568061
-1.571472
-1.574867
-1.578247
-1.581610
-1.584957
-1.588289
-1.591604
-1.594903
-1.598185
-1.601452
-1.604702
-1.607936
-1.611154
-1.614355
-1.617540
-1.620708
-1.623859
-1.626995
-1.630113
-1.633215
-1.636300
-1.639368
-1.642420
-1.645455
-1.648473
-1.651474
-1.654458
-1.657426
-1.660376
-1.663309
-1.666225
-1.669124
-1.672006
-1.674871
-1.677719
-1.680549
-1.683362
-1.686158
-1.688936
-1.691697
-1.694441
-1.697167
-1.699875
-1.702566
-1.705240
-1.707896
-1.710534
-1.713155
-1.715758
-1.718343
-1.720911
-1.723461
-1.725993
-1.728507
-1.731003
-1.733481
-1.735942
-1.738384
-1.740809
-1.743215
-1.745604
-1.747974
-1.750326
-1.752660
-1.754976
-1.757274
-1.759553
-1.761815
-1.764058
-1.766282
-1.768489
-1.770677
-1.772847
-1.774998
-1.777131
-1.779245
-1.781341
-1.783418
-1.785477
-1.787518
-1.789539
-1.791542
-1.793527
-1.795493
-1.797440
-1.799369
-1.801278
-1.803169
-1.805042
-1.806895
-1.808730
-1.810546
-1.812343
-1.814121
-1.815880
-1.817621
-1.819342
-1.821045
-1.822728
-1.824393
-1.826039
-1.827665
-1.829273
-1.830861
-1.832431
-1.833981
-1.835512
-1.837024
-1.838517
-1.839991
-1.841445
-1.842881
-1.844297
-1.845694
-1.847071
-1.848430
-1.849769
-1.851089
-1.852389
-1.853670
-1.854932
-1.856175
-1.857398
-1.858602
-1.859786
-1.860951
-1.862097
-1.863223
-1.864330
-1.865417
-1.866485
-1.867533
-1.868562
-1.869572
-1.870561
-1.871532
-1.872483
-1.873414
-1.874326
-1.875218
-1.876091
-1.876944
-1.877777
-1.878591
-1.879385
-1.880160
-1.880915
-1.881651
-1.882367
-1.883063
-1.883739
-1.884396
-1.885034
-1.885651
-1.886249
-1.886827
-1.887386
-1.887925
-1.888444
-1.888944
-1.889423
-1.889884
-1.890324
-1.890745
-1.891146
-1.891527
-1.891889
-1.892230
-1.892553
-1.892855
-1.893138
-1.893401
-1.893644
-1.893867
-1.894071
-1.894255
-1.894419
-1.894564
-1.894689
-1.894794
-1.894879
-1.894945
-1.894990
-1.895017
-2.315542
-2.142228
-1.989967
-1.856611
-1.740228
-1.639075
-1.551581
-1.476332
-1.412055
-1.357602
-1.311938
-1.274133
-1.243347
-1.218826
-1.199888
-1.185922
-1.176376
-1.170753
-1.168606
-1.169533
-1.173172
-1.179198
-1.187317
-1.197265
-1.208806
-1.221727
-1.235837
-1.250962
-1.266950
-1.283661
-1.300972
-1.318769
-1.336955
-1.355438
-1.374140
-1.392988
-1.411918
-1.430874
-1.449804
-1.468664
-1.487412
-1.506013
-1.524436
-1.542652
-1.560637
-1.578370
-1.595831
-1.613004
-1.629875
-1.646431
-1.662662
-1.678558
-1.694113
-1.709320
-1.724174
-1.738672
-1.752809
-1.766584
-1.779995
-1.793043
-1.805725
-1.818044
-1.830000
-1.841593
-1.852827
-1.863703
-1.874223
-1.884391
-1.894209
-1.903680
-1.912809
-1.921597
-1.930050
-1.938171
-1.945964
-1.953433
-1.960582
-1.967416
-1.973938
-1.980154
-1.986068
-1.991684
-1.997006
-2.002040
-2.006789
-2.011258
-2.015453
-2.019377
-2.023034
-2.026431
-2.029570
-2.032457
-2.035096
-2.037492
-2.039649
-2.041571
-2.043263
-2.044730
-2.045975
-2.047004
-2.047819
-2.048426
-2.048829
-2.049033
-2.049040
-2.048855
-2.048483
-2.047927
-2.047192
-2.046281
-2.045198
-2.043947
-2.042533
-2.040958
-2.039226
-2.037341
-2.035308
-2.033128
-2.030807
-2.028347
-2.025752
-2.023025
-2.020170
-2.017190
-2.014089
-2.010868
-2.007533
-2.004085
-2.000529
-1.996866
-1.993101
-1.989235
-1.985272
-1.981215
-1.977067
-1.972830
-1.968507
-1.964101
-1.959614
-1.955049
-1.950409
-1.945696
-1.940912
-1.936060
-1.931143
-1.926162
-1.921120
-1.916019
-1.910861
-1.905649
-1.900385
-1.895070
-1.889707
-1.884298
-1.878844
-1.873348
-1.867811
-1.862236
-1.856624
-1.850976
-1.845295
-1.839582
-1.833839
-1.828068
-1.822269
-1.816445
-1.810597
-1.804726
-1.798834
-1.792923
-1.786993
-1.781045
-1.775082
-1.769105
-1.763114
-1.757111
-1.751096
-1.745072
-1.739039
-1.732998
-1.726950
-1.720897
-1.714838
-1.708776
-1.702710
-1.696643
-1.690574
-1.684504
-1.678435
-1.672367
-1.666300
-1.660236
-1.654175
-1.648118
-1.642066
-1.636018
-1.629976
-1.623940
-1.617911
-1.611889
-1.605875
-1.599869
-1.593872
-1.587884
-1.581905
-1.575936
-1.569978
-1.564029
-1.558092
-1.552166
-1.546252
-1.540349
-1.534459
-1.528580
-1.522714
-1.516861
-1.511021
-1.505193
-1.499379
-1.493579
-1.487792
-1.482018
-1.476258
-1.470512
-1.464780
-1.459061
-1.453357
-1.447667
-1.441990
-1.436328
-1.430680
-1.425046
-1.419426
-1.413819
-1.408227
-1.402649
-1.397084
-1.391534
-1.385997
-1.380473
-1.374964
-1.369467
-1.363984
-1.358514
-1.353057
-1.347613
-1.342182
-1.336764
-1.331358
-1.325965
-1.320583
-1.315214
-1.309857
-1.304511
-1.299177
-1.293854
-1.288542
-1.283241
-1.277951
-1.272672
-1.267403
-1.262144
-1.256895
-1.251656
-1.246426
-1.241205
-1.235994
-1.230792
-1.225598
-1.220412
-1.215235
-1.210065
-1.204904
-1.199750
-1.194603
-1.189463
-1.184330
-1.179203
-1.174083
-1.168969
-1.163861
-1.158758
-1.153661
-1.148569
-1.143482
-1.138399
-1.133321
-1.128248
-1.123178
-1.118112
-1.113049
-1.107990
-1.102934
-1.097881
-1.092830
-1.087782
-1.082736
-1.077692
-1.072650
-1.067609
-1.062570
-1.057531
-1.052494
-1.047457
-1.042421
-1.037385
-1.032349
-1.027313
-1.022277
-1.017240
-1.012202
-1.007164
-1.002124
-0.997084
-0.992041
-0.986997
-0.981951
-0.976904
-0.971854
-0.966801
-0.961747
-0.956689
-0.951629
-0.946566
-0.941499
-0.936429
-0.931356
-0.926279
-0.921199
-0.916114
-0.911026
-0.905933
-0.900836
-0.895734
-0.890628
-0.885518
-0.880402
-0.875282
-0.870156
-0.865025
-0.859889
-0.854748
-0.849601
-0.844449
-0.839291
-0.834127
-0.828957
-0.823781
-0.818600
-0.813412
-0.808217
-0.803017
-0.797810
-0.792597
-0.787377
-0.782150
-0.776917
-0.771677
-0.766431
-0.761177
-0.755917
-0.750649
-0.745375
-0.740093
-0.734805
-0.729509
-0.724206
-0.718896
-0.713579
-0.708254
-0.702922
-0.697583
-0.692236
-0.686882
-0.681520
-0.676151
-0.670775
-0.665391
-0.660000
-0.654601
-0.649194
-0.643780
-0.638359
-0.632930
-0.627494
-0.622050
-0.616598
-0.611139
-0.605673
-0.600199
-0.594718
-0.589229
-0.583732
-0.578229
-0.572717
-0.567199
-0.561673
-0.556140
-0.550599
-0.545051
-0.539496
-0.533934
-0.528364
-0.522788
-0.517204
-0.511613
-0.506015
-0.500410
-0.494798
-0.489179
-0.483553
-0.477921
-0.472281
-0.466635
-0.460982
-0.455323
-0.449656
-0.443984
-0.438304
-0.432619
-0.426927
-0.421228
-0.415523
-0.409812
-0.404095
-0.398372
-0.392643
-0.386907
-0.381166
-0.375419
-0.369666
-0.363907
-0.358143
-0.352373
-0.346598
-0.340817
-0.335030
-0.329239
-0.323442
-0.317639
-0.311832
-0.306020
-0.300202
-0.294380
-0.288553
-0.282721
-0.276884
-0.271043
-0.265197
-0.259347
-0.253492
-0.247633
-0.241770
-0.235902
-0.230031
-0.224155
-0.218276
-0.212392
-0.206505
-0.200614
-0.194719
-0.188821
-0.182920
-0.177015
-0.171106
-0.165195
-0.159280
-0.153362
-0.147441
-0.141518
-0.135591
-0.129661
-0.123729
-0.117795
-0.111857
-0.105918
-0.099976
-0.094031
-0.088085
-0.082136
-0.076185
-0.070233
-0.064278
-0.058322
-0.052364
-0.046404
-0.040442
-0.034480
-0.028515
-0.022550
-0.016583
-0.010615
-0.004646
0.001324
0.007295
0.013267
0.019240
0.025213
0.031187
0.037162
0.043137
0.049112
0.055088
0.061064
0.067040
0.073016
0.078992
0.084968
0.090944
0.096920
0.102895
0.108870
0.114844
0.120818
0.126792
0.132764
0.138736
0.144707
0.150677
0.156646
0.162614
0.168581
0.174547
0.180511
0.186474
0.192435
0.198395
0.204354
0.210311
0.216266
0.222219
0.228170
0.234119
0.240067
0.246012
0.251955
0.257896
0.263835
0.269771
0.275704
0.281636
0.287564
0.293490
0.299413
0.305334
0.311251
0.317166
0.323077
0.328986
0.334891
0.340793
0.346692
0.352588
0.358480
0.364369
0.370254
0.376135
0.382013
0.387887
0.393757
0.399624
0.405486
0.411344
0.417199
0.423049
0.428895
0.434737
0.440574
0.446407
0.452235
0.458059
0.463879
0.469694
0.475504
0.481309
0.487109
0.492905
0.498695
0.504481
0.510261
0.516037
0.521807
0.527572
0.533331
0.539085
0.544834
0.550577
0.556314
0.562046
0.567773
0.573493
0.579208
0.584916
0.590619
0.596316
0.602007
0.607692
0.613370
0.619042
0.624708
0.630368
0.636021
0.641668
0.647308
0.652942
0.658569
0.664190
0.669803
0.675410
0.681010
0.686603
0.692189
0.697768
0.703340
0.708905
0.714463
0.720013
0.725556
0.731092
0.736620
0.742141
0.747654
0.753160
0.758658
0.764148
0.769631
0.775106
0.780573
0.786032
0.791483
0.796926
0.802361
0.807788
0.813207
0.818617
0.824019
0.829413
0.834798
0.840175
0.845544
0.850904
0.856255
0.861598
0.866932
0.872257
0.877573
0.882881
0.888179
0.893469
0.898749
0.904021
0.909283
0.914536
0.919780
0.925015
0.930240
0.935456
0.940662
0.945859
0.951047
0.956225
0.961393
0.966551
0.971700
0.976839
0.981968
0.987087
0.992197
0.997296
1.002385
1.007464
1.012533
1.017592
1.022640
1.027679
1.032706
1.037724
1.042731
1.047727
1.052713
1.057689
1.062653
1.067607
1.072551
1.077483
1.082405
1.087316
1.092215
1.097104
1.101982
1.106849
1.111704
1.116549
1.121382
1.126204
1.131014
1.135813
1.140601
1.145377
1.150142
1.154895
1.159637
1.164367
1.169085
1.173791
1.178486
1.183168
1.187839
1.192498
1.197145
1.201780
1.206403
1.211013
1.215612
1.220198
1.224772
1.229333
1.233883
1.238420
1.242944
1.247456
1.251955
1.256442
1.260916
1.265377
1.269826
1.274262
1.278685
1.283095
1.287492
1.291876
1.296247
1.300606
1.304951
1.309283
1.313601
1.317907
1.322199
1.326478
1.330743
1.334996
1.339234
1.343459
1.347671
1.351869
1.356053
1.360224
1.364381
1.368524
1.372653
1.376769
1.380871
1.384958
1.389032
1.393092
1.397137
1.401169
1.405186
1.409189
1.413178
1.417153
1.421113
1.425059
1.428990
1.432907
1.436810
1.440698
1.444571
1.448430
1.452274
1.456104
1.459918
1.463718
1.467503
1.471274
1.475029
1.478769
1.482494
1.486205
1.489900
1.493580
1.497245
1.500895
1.504530
1.508149
1.511753
1.515341
1.518915
1.522472
1.526015
1.529542
1.533053
1.536548
1.540028
1.543493
1.546942
1.550374
1.553792
1.557193
1.560578
1.563948
1.567302
1.570639
1.573961
1.577267
1.580556
1.583830
1.587087
1.590328
1.593553
1.596761
1.599954
1.603130
1.606289
1.609432
1.612559
1.615669
1.618763
1.621840
1.624901
1.627944
1.630972
1.633982
1.636976
1.639953
1.642914
1.645857
1.648784
1.651693
1.654586
1.657462
1.660321
1.663162
1.665987
1.668795
1.671585
1.674358
1.677114
1.679853
1.682575
1.685279
1.687966
1.690636
1.693288
1.695923
1.698540
1.701140
1.703722
1.706287
1.708834
1.711364
1.713876
1.716370
1.718847
1.721305
1.723747
1.726170
1.728575
1.730963
1.733333
1.735685
1.738019
1.740335
1.742633
1.744913
1.747175
1.749418
1.751644
1.753852
1.756041
1.758213
1.760366
1.762501
1.764617
1.766716
1.768796
1.770857
1.772901
1.774925
1.776932
1.778920
1.780890
1.782841
1.784773
1.786687
1.788583
1.790460
1.792318
1.794158
1.795979
1.797781
1.799565
1.801330
1.803076
1.804804
1.806512
1.808202
1.809873
1.811525
1.813158
1.814773
1.816368
1.817945
1.819502
1.821041
1.822561
1.824061
1.825543
1.827005
1.828449
1.829873
1.831278
1.832664
1.834031
1.835379
1.836708
1.838017
1.839307
1.840578
1.841830
1.843063
1.844276
1.845470
1.846644
1.847799
1.848935
1.850052
1.851149
1.852227
1.853285
1.854324
1.855344
1.856344
1.857325
1.858286
1.859228
1.860150
1.861052
1.861936
1.862799
1.863644
1.864468
1.865273
1.866059
1.866825
1.867571
1.868298
1.869005
1.869692
1.870360
1.871008
1.871637
1.872246
1.872835
1.873404
1.873954
1.874485
1.874995
1.875486
1.875957
1.876409
1.876840
1.877252
1.877645
1.878017
1.878370
1.878703
1.879016
1.879310
1.879584
1.879838
1.880072
1.880287
1.880482
1.880657
1.880812
1.880948
1.881063
1.881159
1.881236
1.881292
1.881329
1.881346
1.881343
1.881321
1.881278
1.881216
1.881134
-0.983615
2.232734
2.194868
2.160941
2.130541
2.103295
2.078872
2.056975
2.037338
-0.845502
2.355877
2.303937
2.257404
2.215711
2.178350
2.144865
-0.750809
2.440009
2.378108
2.322657
2.272977
2.228463
-0.677450
2.504981
2.435150
2.372598
2.316561
-0.599963
2.573606
2.495498
2.425537
2.362869
-0.559882
2.608737
2.525862
2.451634
-0.481692
2.677955
2.586784
2.505131
-0.435065
2.718920
2.622418
2.535998
-0.408688
2.741757
2.641832
2.552348
-0.395297
2.752971
2.650844
2.559390
-0.390231
2.756730
2.653185
-0.307415
2.830062
2.717846
2.617364
-0.340701
2.799493
2.689468
-0.277291
2.855454
2.738584
2.633941
-0.328202
2.809106
2.696090
-0.273694
2.857095
2.738072
2.631503
-0.332702
2.803493
2.689086
-0.282277
2.847819
2.727788
-0.248747
2.877020
2.752953
2.641871
-0.326834
2.806326
2.688667
-0.286056
2.842003
2.719623
2.610051
-0.357608
2.777140
2.660548
-0.313519
2.815762
2.694129
2.585224
-0.382125
2.753509
2.637376
-0.336558
2.793431
2.672109
2.563477
-0.403895
2.732284
2.616327
2.512493
-0.450729
2.689464
2.576931
2.476158
-0.484461
2.658344
2.547989
2.449161
-0.509847
2.634665
2.525686
2.428085
-0.529945
2.615688
2.507571
2.410737
2.323999
-0.624449
2.530037
2.429680
2.339784
2.259246
-0.683777
2.475806
2.379866
2.293913
2.216895
2.147871
-0.784975
2.383957
2.296232
2.217618
2.147156
2.083986
2.027340
-0.894546
2.284402
2.205500
2.134765
2.071337
2.014446
1.963401
1.917586
1.876447
1.839490
1.806273
1.776398
1.749511
1.725294
1.703463
1.683764
1.665968
1.649873
1.635294
1.622069
1.610053
1.599113
1.589134
1.580009
1.571647
1.563962
1.556879
1.550333
1.544262
1.538613
1.533338
1.528393
1.523742
1.519348
1.515182
1.511216
1.507426
1.503789
1.500286
1.496900
1.493615
1.490417
1.487294
1.484235
1.481229
1.478268
1.475344
1.472450
1.469580
1.466728
1.463890
1.461061
1.458237
1.455415
1.452592
1.449764
1.446931
1.444089
1.441236
1.438372
1.435495
1.432603
1.429695
1.426772
1.423830
1.420871
1.417893
1.414897
1.411880
1.408844
1.405788
1.402712
1.399615
1.396497
1.393359
1.390199
1.387019
1.383819
1.380597
1.377355
1.374092
1.370809
1.367505
1.364180
1.360836
1.357471
1.354087
1.350682
1.347258
1.343815
1.340352
1.336870
1.333368
1.329848
1.326310
1.322753
1.319177
1.315584
1.311972
1.308343
1.304695
1.301031
1.297349
1.293650
1.289935
1.286202
1.282453
1.278687
1.274905
1.271107
1.267293
1.263464
1.259618
1.255758
1.251882
1.247991
1.244084
1.240163
1.236228
1.232278
1.228313
1.224334
1.220341
1.216334
1.212314
1.208279
1.204231
1.200170
1.196096
1.192008
1.187907
1.183793
1.179667
1.175528
1.171376
1.167212
1.163036
1.158848
1.154647
1.150435
1.146211
1.141975
1.137727
1.133469
1.129198
1.124917
1.120624
1.116320
1.112005
1.107680
1.103344
1.098997
1.094639
1.090271
1.085893
1.081504
1.077105
1.072697
1.068278
1.063849
1.059410
1.054962
1.050504
1.046036
1.041559
1.037073
1.032577
1.028072
1.023558
1.019035
1.014502
1.009961
1.005411
1.000852
0.996285
0.991709
0.987124
0.982531
0.977929
0.973319
0.968700
0.964074
0.959439
0.954796
0.950145
0.945486
0.940819
0.936145
0.931462
0.926772
0.922074
0.917369
0.912655
0.907935
0.903207
0.898471
0.893729
0.888978
0.884221
0.879457
0.874685
0.869906
0.865120
0.860327
0.855528
0.850721
0.845908
0.841087
0.836260
0.831426
0.826586
0.821739
0.816885
0.812025
0.807158
0.802285
0.797406
0.792520
0.787627
0.782729
0.777824
0.772913
0.767995
0.763072
0.758143
0.753207
0.748265
0.743318
0.738364
0.733405
0.728439
0.723468
0.718491
0.713508
0.708519
0.703524
0.698524
0.693518
0.688507
0.683490
0.678467
0.673439
0.668405
0.663366
0.658321
0.653271
0.648215
0.643154
0.638088
0.633016
0.627939
0.622857
0.617770
0.612677
0.607579
0.602476
0.597368
0.592254
0.587136
0.582012
0.576884
0.571750
0.566612
0.561468
0.556319
0.551166
0.546008
0.540844
0.535676
0.530503
0.525326
0.520143
0.514956
0.509764
0.504567
0.499365
0.494159
0.488948
0.483733
0.478513
0.473288
0.468059
0.462825
0.457587
0.452344
0.447097
0.441845
0.436589
0.431328
0.426063
0.420794
0.415520
0.410242
0.404960
0.399673
0.394382
0.389087
0.383788
0.378484
0.373176
0.367864
0.362548
0.357228
0.351904
0.346576
0.341243
0.335907
0.330567
0.325222
0.319874
0.314522
0.309166
0.303806
0.298442
0.293074
0.287703
0.282328
0.276949
0.271566
0.266180
0.260789
0.255396
0.249998
0.244597
0.239192
0.233784
0.228373
0.222957
0.217539
0.212116
0.206691
0.201262
0.195829
0.190393
0.184954
0.179512
0.174066
0.168617
0.163165
0.157710
0.152252
0.146790
0.141325
0.135858
0.130387
0.124913
0.119436
0.113957
0.108474
0.102989
0.097500
0.092009
0.086515
0.081018
0.075519
0.070017
0.064512
0.059005
0.053495
0.047982
0.042467
0.036950
0.031429
0.025907
0.020382
0.014855
0.009326
0.003794
-0.001740
-0.007276
-0.012815
-0.018355
-0.023898
-0.029442
-0.034989
-0.040538
-0.046088
-0.051641
-0.057195
-0.062751
-0.068309
-0.073869
-0.079430
-0.084993
-0.090558
-0.096124
-0.101691
-0.107261
-0.112831
-0.118403
-0.123977
-0.129551
-0.135127
-0.140704
-0.146283
-0.151862
-0.157443
-0.163024
-0.168607
-0.174190
-0.179775
-0.185360
-0.190946
-0.196533
-0.202121
-0.207709
-0.213298
-0.218888
-0.224478
-0.230068
-0.235659
-0.241250
-0.246842
-0.252433
-0.258026
-0.263618
-0.269210
-0.274803
-0.280395
-0.285987
-0.291580
-0.297172
-0.302764
-0.308356
-0.313947
-0.319538
-0.325129
-0.330719
-0.336309
-0.341898
-0.347486
-0.353074
-0.358661
-0.364247
-0.369833
-0.375417
-0.381001
-0.386583
-0.392165
-0.397745
-0.403324
-0.408902
-0.414479
-0.420054
-0.425628
-0.431200
-0.436771
-0.442340
-0.447907
-0.453473
-0.459037
-0.464599
-0.470160
-0.475718
-0.481274
-0.486828
-0.492380
-0.497930
-0.503478
-0.509023
-0.514566
-0.520106
-0.525644
-0.531180
-0.536712
-0.542243
-0.547770
-0.553294
-0.558816
-0.564334
-0.569850
-0.575362
-0.580872
-0.586378
-0.591881
-0.597380
-0.602877
-0.608369
-0.613859
-0.619344
-0.624826
-0.630304
-0.635779
-0.641249
-0.646716
-0.652179
-0.657638
-0.663092
-0.668543
-0.673989
-0.679431
-0.684868
-0.690301
-0.695730
-0.701154
-0.706573
-0.711988
-0.717398
-0.722803
-0.728203
-0.733598
-0.738988
-0.744373
-0.749753
-0.755128
-0.760497
-0.765861
-0.771220
-0.776573
-0.781920
-0.787262
-0.792598
-0.797929
-0.803253
-0.808572
-0.813885
-0.819191
-0.824492
-0.829786
-0.835074
-0.840356
-0.845632
-0.850901
-0.856163
-0.861419
-0.866669
-0.871911
-0.877147
-0.882376
-0.887599
-0.892814
-0.898022
-0.903223
-0.908417
-0.913603
-0.918783
-0.923955
-0.929119
-0.934276
-0.939426
-0.944567
-0.949702
-0.954828
-0.959946
-0.965057
-0.970160
-0.975254
-0.980341
-0.985419
-0.990489
-0.995551
-1.000604
-1.005649
-1.010686
-1.015714
-1.020733
-1.025744
-1.030746
-1.035739
-1.040723
-1.045698
-1.050664
-1.055621
-1.060569
-1.065508
-1.070438
-1.075358
-1.080268
-1.085170
-1.090061
-1.094944
-1.099816
-1.104679
-1.109532
-1.114375
-1.119208
-1.124031
-1.128844
-1.133648
-1.138440
-1.143223
-1.147995
-1.152757
-1.157509
-1.162250
-1.166981
-1.171701
-1.176410
-1.181109
-1.185796
-1.190473
-1.195139
-1.199794
-1.204438
-1.209071
-1.213693
-1.218304
-1.222903
-1.227491
-1.232068
-1.236633
-1.241186
-1.245728
-1.250259
-1.254777
-1.259284
-1.263779
-1.268263
-1.272734
-1.277193
-1.281641
-1.286076
-1.290499
-1.294910
-1.299308
-1.303694
-1.308068
-1.312430
-1.316779
-1.321115
-1.325439
-1.329750
-1.334048
-1.338333
-1.342606
-1.346866
-1.351113
-1.355347
-1.359567
-1.363775
-1.367970
-1.372151
-1.376319
-1.380473
-1.384615
-1.388743
-1.392857
-1.396958
-1.401045
-1.405119
-1.409179
-1.413225
-1.417257
-1.421275
-1.425280
-1.429271
-1.433247
-1.437210
-1.441158
-1.445092
-1.449012
-1.452918
-1.456810
-1.460687
-1.464549
-1.468398
-1.472231
-1.476051
-1.479855
-1.483645
-1.487420
-1.491181
-1.494926
-1.498657
-1.502373
-1.506074
-1.509760
-1.513431
-1.517087
-1.520727
-1.524353
-1.527963
-1.531558
-1.535138
-1.538703
-1.542252
-1.545785
-1.549303
-1.552806
-1.556293
-1.559764
-1.563220
-1.566660
-1.570084
-1.573492
-1.576885
-1.580262
-1.583622
-1.586967
-1.590296
-1.593609
-1.596905
-1.600186
-1.603450
-1.606698
-1.609930
-1.613146
-1.616345
-1.619528
-1.622695
-1.625845
-1.628978
-1.632096
-1.635196
-1.638280
-1.641347
-1.644398
-1.647432
-1.650449
-1.653449
-1.656433
-1.659399
-1.662349
-1.665282
-1.668198
-1.671096
-1.673978
-1.676843
-1.679691
-1.682521
-1.685334
-1.688130
-1.690909
-1.693671
-1.696415
-1.699142
-1.701851
-1.704543
-1.707218
-1.709875
-1.712515
-1.715137
-1.717741
-1.720328
-1.722897
-1.725449
-1.727983
-1.730499
-1.732998
-1.735478
-1.737941
-1.740386
-1.742813
-1.745222
-1.747613
-1.749987
-1.752342
-1.754679
-1.756998
-1.759300
-1.761583
-1.763847
-1.766094
-1.768323
-1.770533
-1.772725
-1.774899
-1.777055
-1.779192
-1.781311
-1.783411
-1.785494
-1.787557
-1.789603
-1.791630
-1.793638
-1.795628
-1.797599
-1.799552
-1.801486
-1.803402
-1.805299
-1.807177
-1.809037
-1.810878
-1.812700
-1.814504
-1.816289
-1.818055
-1.819802
-1.821531
-1.823240
-1.824931
-1.826603
-1.828256
-1.829890
-1.831505
-1.833102
-1.834679
-1.836237
-1.837777
-1.839297
-1.840798
-1.842281
-1.843744
-1.845188
-1.846613
-1.848019
-1.849406
-1.850773
-1.852122
-1.853451
-1.854761
-1.856052
-1.857324
-1.858576
-1.859810
-1.861024
-1.862218
-1.863394
-1.864550
-1.865687
-1.866804
-1.867902
-1.868981
-1.870040
-1.871080
-1.872101
-1.873102
-1.874084
-1.875047
-1.875990
-1.876913
-1.877818
-1.878702
-1.879567
-1.880413
-1.881240
-1.882046
-1.882834
-1.883601
-1.884350
-1.885078
-1.885788
-1.886477
-1.887148
-1.887798
-1.888429
-1.889041
-1.889633
-1.890205
-1.890758
-1.891291
-1.891804
-1.892298
-1.892773
-1.893227
-1.893663
-1.894078
-1.894474
-1.894850
-1.895207
-1.895544
-1.895862
-1.896159
-1.896437
-1.896696
-1.896935
-1.897154
-1.897354
-1.897534
-1.897694
-1.897835
-1.897956
-1.898057
-1.898139
-1.898201
-1.898243
-1.898266
-1.898269
-1.898253
-1.898216
-1.898161
-1.898085
-1.897990
-1.897875
-1.897741
-1.897587
-1.897413
-1.897220
-1.897007
-1.896775
-1.896523
-1.896251
-1.895960
-1.895649
-1.895319
-1.894968
-1.894599
-1.894210
-1.893801
-1.893372
-1.892924
-1.892457
-1.891970
-1.891463
-1.890937
-1.890391
-1.889826
-1.889241
-1.888637
-1.888013
-1.887370
-1.886708
-1.886025
-1.885324
-1.884603
-1.883862
-1.883102
-1.882323
-1.881524
-1.880706
-1.879868
-1.879011
-1.878134
-1.877239
-1.876324
-1.875389
-1.874435
-1.873462
-1.872470
-1.871458
-1.870427
-1.869377
-1.868307
-1.867218
-1.866110
-1.864983
-1.863836
-1.862671
-1.861486
-1.860282
-1.859059
-1.857817
-1.856555
-1.855275
-1.853975
-1.852656
-1.851319
-1.849962
-1.848586
-1.847191
-1.845778
-1.844345
-1.842893
-1.841423
-1.839933
-1.838425
-1.836897
-1.835351
-1.833786
-1.832202
-1.830599
-1.828978
-1.827337
-1.825678
-1.824001
-1.822304
-1.820589
-1.818855
-1.817102
-1.815331
-1.813541
-1.811733
-1.809906
-1.808061
-1.806196
-1.804314
-1.802413
-1.800493
-1.798555
-1.796599
-1.794624
-1.792631
-1.790619
-1.788590
-1.786541
-1.784475
-1.782390
-1.780287
-1.778166
-1.776027
-1.773869
-1.771694
-1.769500
-1.767288
-1.765058
-1.762810
-1.760544
-1.758260
-1.755958
-1.753639
-1.751301
-1.748945
-1.746572
-1.744180
-1.741771
-1.739344
-1.736900
-1.734437
-1.731957
-1.729460
-1.726944
-1.724411
-1.721861
-1.719293
-1.716707
-1.714104
-1.711483
-1.708845
-1.706190
-1.703517
-1.700827
-1.698120
-1.695395
-1.692653
-1.689894
-1.687117
-1.684324
-1.681513
-1.678685
-1.675840
-1.672979
-1.670100
-1.667204
-1.664291
-1.661361
-1.658415
-1.655451
-1.652471
-1.649474
-1.646460
-1.643430
-1.640383
-1.637319
-1.634239
-1.631142
-1.628028
-1.624898
-1.621752
-1.618589
-1.615410
-1.612214
-1.609002
-1.605774
-1.602529
-1.599268
-1.595992
-1.592698
-1.589389
-1.586064
-1.582722
-1.579365
-1.575992
-1.572602
-1.569197
-1.565776
-1.562339
-1.558887
-1.555418
-1.551934
-1.548435
-1.544919
-1.541388
-1.537842
-1.534279
-1.530702
-1.527109
-1.523500
-1.519877
-1.516238
-1.512583
-1.508914
-1.505229
-1.501529
-1.497814
-1.494083
-1.490338
-1.486578
-1.482803
-1.479013
-1.475208
-1.471388
-1.467553
-1.463704
-1.459839
-1.455961
-1.452067
-1.448159
-1.444237
-1.440299
-1.436348
-1.432382
-1.428401
-1.424407
-1.420398
-1.416374
-1.412337
-1.408285
-1.404219
-1.400140
-1.396046
-1.391938
-1.387816
-1.383680
-1.379531
-1.375367
-1.371190
-1.366999
-1.362794
-1.358576
-1.354344
-1.350099
-1.345840
-1.341567
-1.337282
-1.332983
-1.328670
-1.324344
-1.320005
-1.315653
-1.311288
-1.306909
-1.302518
-1.298113
-1.293696
-1.289266
-1.284822
-1.280366
-1.275898
-1.271416
-1.266922
-1.262415
-1.257896
-1.253364
-1.248819
-1.244262
-1.239693
-1.235112
-1.230518
-1.225912
-1.221293
-1.216663
-1.212020
-1.207366
-1.202699
-1.198020
-1.193330
-1.188627
-1.183913
-1.179187
-1.174450
-1.169700
-1.164940
-1.160167
-1.155383
-1.150588
-1.145781
-1.140963
-1.136133
-1.131292
-1.126440
-1.121577
-1.116703
-1.111818
-1.106921
-1.102014
-1.097096
-1.092167
-1.087227
-1.082276
-1.077315
-1.072343
-1.067360
-1.062367
-1.057363
-1.052349
-1.047325
-1.042290
-1.037245
-1.032189
-1.027124
-1.022048
-1.016962
-1.011867
-1.006761
-1.001645
-0.996520
-0.991384
-0.986239
-0.981084
-0.975920
-0.970745
-0.965562
-0.960368
-0.955166
-0.949954
-0.944732
-0.939502
-0.934262
-0.929012
-0.923754
-0.918487
-0.913211
-0.907925
-0.902631
-0.897328
-0.892016
-0.886695
-0.881366
-0.876028
-0.870681
-0.865326
-0.859962
-0.854590
-0.849210
-0.843821
-0.838424
-0.833019
-0.827606
-0.822184
-0.816755
-0.811317
-0.805872
-0.800418
-0.794957
-0.789488
-0.784012
-0.778527
-0.773035
-0.767536
-0.762029
-0.756515
-0.750993
-0.745464
-0.739927
-0.734384
-0.728833
-0.723275
-0.717710
-0.712139
-0.706560
-0.700974
-0.695382
-0.689782
-0.684176
-0.678564
-0.672945
-0.667319
-0.661687
-0.656048
-0.650403
-0.644752
-0.639094
-0.633430
-0.627760
-0.622084
-0.616402
-0.610714
-0.605020
-0.599320
-0.593615
-0.587903
-0.582186
-0.576464
-0.570736
-0.565002
-0.559263
-0.553518
-0.547768
-0.542013
-0.536252
-0.530487
-0.524716
-0.518940
-0.513159
-0.507373
-0.501583
-0.495787
-0.489987
-0.484182
-0.478372
-0.472558
-0.466739
-0.460916
-0.455089
-0.449256
-0.443420
-0.437580
-0.431735
-0.425886
-0.420033
-0.414176
-0.408315
-0.402450
-0.396581
-0.390709
-0.384833
-0.378953
-0.373069
-0.367182
-0.361292
-0.355398
-0.349500
-0.343600
-0.337696
-0.331789
-0.325878
-0.319965
-0.314049
-0.308129
-0.302207
-0.296282
-0.290354
-0.284423
-0.278490
-0.272554
-0.266616
-0.260675
-0.254731
-0.248785
-0.242837
-0.236887
-0.230934
-0.224979
-0.219022
-0.213063
-0.207103
-0.201140
-0.195175
-0.189209
-0.183241
-0.177271
-0.171299
-0.165326
-0.159352
-0.153376
-0.147398
-0.141420
-0.135440
-0.129458
-0.123476
-0.117493
-0.111508
-0.105523
-0.099536
-0.093549
-0.087561
-0.081572
-0.075583
-0.069593
-0.063602
-0.057611
-0.051619
-0.045627
-0.039635
-0.033643
-0.027650
-0.021657
-0.015664
-0.009671
-0.003678
0.002315
0.008308
0.014301
0.020293
0.026285
0.032277
0.038268
0.044259
0.050249
0.056238
0.062227
0.068215
0.074203
0.080189
0.086175
0.092160
0.098143
0.104126
0.110107
0.116088
0.122067
0.128044
0.134021
0.139996
0.145969
0.151941
0.157911
0.163880
0.169846
0.175812
0.181775
0.187736
0.193695
0.199653
0.205608
0.211561
0.217512
0.223461
0.229407
0.235352
0.241293
0.247232
0.253169
0.259103
0.265034
0.270963
0.276889
0.282812
0.288732
0.294649
0.300564
0.306475
0.312383
0.318288
0.324189
0.330088
0.335983
0.341874
0.347763
0.353647
0.359528
0.365406
0.371279
0.377149
0.383016
0.388878
0.394736
0.400591
0.406441
0.412287
0.418129
0.423967
0.429801
0.435630
0.441455
0.447276
0.453092
0.458903
0.464710
0.470512
0.476309
0.482102
0.487890
0.493673
0.499451
0.505224
0.510992
0.516754
0.522512
0.528264
0.534011
0.539753
0.545489
0.551220
0.556946
0.562665
0.568379
0.574088
0.579791
0.585487
0.591179
0.596864
0.602543
0.608216
0.613883
0.619544
0.625199
0.630847
0.636489
0.642125
0.647755
0.653378
0.658994
0.664604
0.670207
0.675804
0.681394
0.686977
0.692553
0.698122
0.703684
0.709239
0.714788
0.720329
0.725862
0.731389
0.736908
0.742420
0.747925
0.753422
0.758911
0.764393
0.769868
0.775335
0.780794
0.786245
0.791688
0.797124
0.802551
0.807971
0.813382
0.818785
0.824181
0.829567
0.834946
0.840317
0.845678
0.851032
0.856377
0.861714
0.867042
0.872361
0.877671
0.882973
0.888266
0.893550
0.898826
0.904092
0.909349
0.914597
0.919837
0.925066
0.930287
0.935499
0.940701
0.945893
0.951077
0.956250
0.961414
0.966569
0.971714
0.976849
0.981975
0.987091
0.992196
0.997292
1.002378
1.007454
1.012520
1.017576
1.022622
1.027657
1.032683
1.037698
1.042702
1.047696
1.052680
1.057653
1.062615
1.067567
1.072509
1.077439
1.082359
1.087268
1.092166
1.097053
1.101929
1.106795
1.111649
1.116492
1.121324
1.126144
1.130953
1.135752
1.140538
1.145313
1.150077
1.154829
1.159570
1.164299
1.169017
1.173722
1.178416
1.183098
1.187769
1.192427
1.197074
1.201708
1.206330
1.210941
1.215539
1.220125
1.224699
1.229260
1.233809
1.238346
1.242870
1.247382
1.251881
1.256368
1.260842
1.265304
1.269752
1.274188
1.278612
1.283022
1.287419
1.291804
1.296175
1.300534
1.304879
1.309212
1.313531
1.317837
1.322129
1.326408
1.330674
1.334927
1.339166
1.343392
1.347604
1.351802
1.355987
1.360158
1.364316
1.368460
1.372590
1.376706
1.380808
1.384896
1.388971
1.393031
1.397077
1.401109
1.405127
1.409131
1.413121
1.417096
1.421057
1.425003
1.428936
1.432853
1.436757
1.440645
1.444519
1.448379
1.452224
1.456054
1.459869
1.463670
1.467456
1.471226
1.474982
1.478723
1.482450
1.486161
1.489856
1.493537
1.497203
1.500853
1.504489
1.508109
1.511713
1.515303
1.518876
1.522435
1.525978
1.529505
1.533017
1.536514
1.539994
1.543459
1.546909
1.550342
1.553760
1.557162
1.560548
1.563918
1.567272
1.570611
1.573933
1.577239
1.580529
1.583803
1.587061
1.590303
1.593528
1.596737
1.599930
1.603106
1.606267
1.609410
1.612537
1.615648
1.618742
1.621820
1.624881
1.627925
1.630953
1.633964
1.636959
1.639936
1.642897
1.645841
1.648768
1.651678
1.654571
1.657447
1.660306
1.663148
1.665973
1.668781
1.671572
1.674346
1.677102
1.679842
1.682563
1.685268
1.687955
1.690625
1.693278
1.695913
1.698531
1.701131
1.703713
1.706278
1.708826
1.711356
1.713868
1.716363
1.718839
1.721299
1.723740
1.726163
1.728569
1.730957
1.733327
1.735679
1.738013
1.740330
1.742628
1.744908
1.747170
1.749414
1.751640
1.753848
1.756038
1.758209
1.760362
1.762497
1.764614
1.766713
1.768793
1.770855
1.772898
1.774923
1.776930
1.778918
1.780888
1.782839
1.784772
1.786686
1.788581
1.790458
1.792317
1.794157
1.795978
1.797780
1.799564
1.801329
1.803075
1.804803
1.806512
1.808202
1.809873
1.811525
1.813158
1.814773
1.816368
1.817945
1.819502
1.821041
1.822561
1.824061
1.825543
1.827005
1.828449
1.829873
1.831279
1.832665
1.834032
1.835380
1.836708
1.838018
1.839308
1.840579
1.841831
1.843063
1.844276
1.845470
1.846645
1.847800
1.848936
1.850053
1.851150
1.852228
1.853286
1.854325
1.855345
1.856345
1.857325
1.858287
1.859228
1.860151
1.861053
1.861937
1.862800
1.863644
1.864469
1.865274
1.866060
1.866826
1.867572
1.868299
1.869006
1.869693
1.870361
1.871009
1.871638
1.872247
1.872836
1.873405
1.873955
1.874486
1.874996
1.875487
1.875958
1.876410
1.876841
1.877253
1.877646
1.878018
1.878371
1.878704
1.879017
1.879311
1.879585
1.879839
1.880073
1.880288
1.880483
1.880658
1.880813
1.880949
1.881065
1.881161
1.881237
1.881293
1.881330
1.881347
1.881344
1.881322
1.881280
1.881217
1.881136
-0.983614
2.232735
2.194869
2.160943
2.130542
2.103296
2.078874
2.056977
2.037339
-0.845501
2.355878
2.303938
2.257405
2.215713
2.178352
2.144867
-0.750807
2.440010
2.378110
2.322658
2.272978
2.228464
-0.677448
2.504982
2.435151
2.372600
2.316563
-0.599961
2.573608
2.495500
2.425539
2.362870
-0.559881
2.608739
2.525863
2.451636
-0.481691
2.677957
2.586785
2.505133
-0.435064
2.718921
2.622420
2.535999
-0.408686
2.741759
2.641834
2.552350
-0.395295
2.752972
2.650845
2.559392
-0.390229
2.756732
2.653187
-0.307413
2.830064
2.717848
2.617366
-0.340699
2.799495
2.689470
-0.277289
2.855456
2.738586
2.633943
-0.328200
2.809109
2.696092
-0.273691
2.857097
2.738074
2.631505
-0.332700
2.803495
2.689088
-0.282274
2.847822
2.727790
-0.248744
2.877023
2.752956
2.641874
-0.326832
2.806329
2.688670
-0.286053
2.842005
2.719626
2.610054
-0.357605
2.777143
2.660551
-0.313516
2.815765
2.694133
2.585227
-0.382122
2.753513
2.637380
-0.336555
2.793435
2.672112
2.563480
-0.403891
2.732288
2.616330
2.512496
-0.450725
2.689468
2.576934
2.476162
-0.484457
2.658348
2.547992
2.449164
-0.509843
2.634668
2.525690
2.428089
-0.529941
2.615692
2.507575
2.410741
2.324003
-0.624445
2.530041
2.429685
2.339788
2.259250
-0.683772
2.475811
2.379870
2.293917
2.216899
2.147875
-0.784971
2.383961
2.296236
2.217623
2.147160
2.083991
2.027344
-0.894542
2.284406
2.205505
2.134770
2.071342
2.014450
1.963406
1.917590
1.876452
1.839495
1.806277
1.776403
1.749516
1.725299
1.703468
1.683769
1.665973
1.649878
1.635299
1.622074
1.610058
1.599118
1.589139
1.580014
1.571652
1.563967
1.556885
1.550338
1.544267
1.538618
1.533343
1.528399
1.523747
1.519353
1.515187
1.511221
1.507431
1.503794
1.500292
1.496906
1.493621
1.490423
1.487300
1.484240
1.481234
1.478273
1.475350
1.472456
1.469586
1.466734
1.463896
1.461067
1.458243
1.455421
1.452598
1.449770
1.446937
1.444095
1.441242
1.438378
1.435501
1.432609
1.429702
1.426778
1.423836
1.420877
1.417900
1.414903
1.411887
1.408851
1.405794
1.402718
1.399621
1.396503
1.393365
1.390206
1.387026
1.383825
1.380604
1.377361
1.374099
1.370815
1.367511
1.364187
1.360842
1.357478
1.354093
1.350689
1.347265
1.343821
1.340358
1.336876
1.333375
1.329855
1.326317
1.322759
1.319184
1.315590
1.311979
1.308349
1.304702
1.301038
1.297356
1.293657
1.289941
1.286209
1.282460
1.278694
1.274912
1.271114
1.267300
1.263471
1.259626
1.255765
1.251889
1.247998
1.244092
1.240171
1.236235
1.232285
1.228320
1.224341
1.220349
1.216342
1.212321
1.208287
1.204239
1.200177
1.196103
1.192015
1.187914
1.183801
1.179674
1.175535
1.171384
1.167220
1.163043
1.158855
1.154655
1.150442
1.146218
1.141982
1.137735
1.133476
1.129206
1.124924
1.120632
1.116328
1.112013
1.107688
1.103351
1.099004
1.094647
1.090279
1.085900
1.081512
1.077113
1.072704
1.068285
1.063857
1.059418
1.054970
1.050512
1.046044
1.041567
1.037081
1.032585
1.028080
1.023566
1.019043
1.014510
1.009969
1.005419
1.000860
0.996293
0.991716
0.987132
0.982538
0.977937
0.973327
0.968708
0.964082
0.959447
0.954804
0.950153
0.945494
0.940827
0.936153
0.931470
0.926780
0.922082
0.917377
0.912664
0.907943
0.903215
0.898479
0.893737
0.888987
0.884229
0.879465
0.874693
0.869914
0.865128
0.860336
0.855536
0.850729
0.845916
0.841095
0.836268
0.831435
0.826594
0.821747
0.816893
0.812033
0.807167
0.802293
0.797414
0.792528
0.787636
0.782737
0.777832
0.772921
0.768004
0.763080
0.758151
0.753215
0.748274
0.743326
0.738372
0.733413
0.728448
0.723476
0.718499
0.713516
0.708527
0.703533
0.698533
0.693527
0.688516
0.683498
0.678476
0.673447
0.668414
0.663374
0.658330
0.653280
0.648224
0.643163
0.638097
0.633025
0.627948
0.622866
0.617778
0.612686
0.607588
0.602485
0.597376
0.592263
0.587145
0.582021
0.576893
0.571759
0.566620
0.561477
0.556328
0.551175
0.546016
0.540853
0.535685
0.530512
0.525334
0.520152
0.514964
0.509772
0.504576
0.499374
0.494168
0.488957
0.483742
0.478522
0.473297
0.468068
0.462834
0.457596
0.452353
0.447106
0.441854
0.436598
0.431337
0.426072
0.420803
0.415529
0.410251
0.404969
0.399682
0.394391
0.389096
0.383797
0.378493
0.373185
0.367873
0.362557
0.357237
0.351913
0.346585
0.341252
0.335916
0.330576
0.325232
0.319883
0.314531
0.309175
0.303815
0.298451
0.293084
0.287712
0.282337
0.276958
0.271575
0.266189
0.260799
0.255405
0.250007
0.244606
0.239202
0.233793
0.228382
0.222966
0.217548
0.212126
0.206700
0.201271
0.195838
0.190403
0.184964
0.179521
0.174076
0.168627
0.163175
0.157719
0.152261
0.146799
0.141335
0.135867
0.130396
0.124922
0.119446
0.113966
0.108483
0.102998
0.097510
0.092018
0.086524
0.081028
0.075528
0.070026
0.064521
0.059014
0.053504
0.047991
0.042476
0.036959
0.031439
0.025916
0.020392
0.014864
0.009335
0.003803
-0.001731
-0.007267
-0.012805
-0.018346
-0.023888
-0.029433
-0.034980
-0.040528
-0.046079
-0.051631
-0.057186
-0.062742
-0.068300
-0.073859
-0.079421
-0.084984
-0.090548
-0.096114
-0.101682
-0.107251
-0.112822
-0.118394
-0.123967
-0.129542
-0.135118
-0.140695
-0.146273
-0.151853
-0.157433
-0.163015
-0.168598
-0.174181
-0.179766
-0.185351
-0.190937
-0.196524
-0.202111
-0.207700
-0.213289
-0.218878
-0.224468
-0.230059
-0.235649
-0.241241
-0.246832
-0.252424
-0.258016
-0.263608
-0.269201
-0.274793
-0.280386
-0.285978
-0.291570
-0.297162
-0.302754
-0.308346
-0.313938
-0.319529
-0.325119
-0.330709
-0.336299
-0.341888
-0.347477
-0.353065
-0.358652
-0.364238
-0.369823
-0.375408
-0.380991
-0.386574
-0.392155
-0.397736
-0.403315
-0.408893
-0.414469
-0.420044
-0.425618
-0.431191
-0.436761
-0.442330
-0.447898
-0.453464
-0.459028
-0.464590
-0.470150
-0.475709
-0.481265
-0.486819
-0.492371
-0.497921
-0.503469
-0.509014
-0.514557
-0.520097
-0.525635
-0.531170
-0.536703
-0.542233
-0.547760
-0.553285
-0.558806
-0.564325
-0.569841
-0.575353
-0.580863
-0.586369
-0.591872
-0.597371
-0.602867
-0.608360
-0.613849
-0.619335
-0.624817
-0.630295
-0.635770
-0.641240
-0.646707
-0.652170
-0.657628
-0.663083
-0.668533
-0.673980
-0.679421
-0.684859
-0.690292
-0.695720
-0.701144
-0.706564
-0.711978
-0.717388
-0.722793
-0.728194
-0.733589
-0.738979
-0.744364
-0.749744
-0.755119
-0.760488
-0.765852
-0.771211
-0.776564
-0.781911
-0.787253
-0.792589
-0.797920
-0.803244
-0.808563
-0.813876
-0.819182
-0.824483
-0.829777
-0.835065
-0.840347
-0.845623
-0.850892
-0.856155
-0.861411
-0.866660
-0.871903
-0.877138
-0.882368
-0.887590
-0.892805
-0.898013
-0.903214
-0.908408
-0.913595
-0.918774
-0.923946
-0.929111
-0.934268
-0.939417
-0.944559
-0.949693
-0.954819
-0.959938
-0.965048
-0.970151
-0.975246
-0.980332
-0.985411
-0.990481
-0.995542
-1.000596
-1.005641
-1.010677
-1.015705
-1.020725
-1.025735
-1.030737
-1.035730
-1.040715
-1.045690
-1.050656
-1.055613
-1.060561
-1.065500
-1.070429
-1.075349
-1.080260
-1.085161
-1.090053
-1.094935
-1.099808
-1.104671
-1.109524
-1.114367
-1.119200
-1.124023
-1.128836
-1.133639
-1.138432
-1.143215
-1.147987
-1.152749
-1.157501
-1.162242
-1.166973
-1.171693
-1.176402
-1.181101
-1.185789
-1.190465
-1.195132
-1.199787
-1.204431
-1.209064
-1.213685
-1.218296
-1.222895
-1.227483
-1.232060
-1.236625
-1.241179
-1.245721
-1.250251
-1.254770
-1.259277
-1.263772
-1.268255
-1.272726
-1.277186
-1.281633
-1.286068
-1.290491
-1.294902
-1.299301
-1.303687
-1.308061
-1.312422
-1.316771
-1.321108
-1.325431
-1.329742
-1.334041
-1.338326
-1.342599
-1.346859
-1.351106
-1.355339
-1.359560
-1.363768
-1.367962
-1.372144
-1.376312
-1.380466
-1.384608
-1.388736
-1.392850
-1.396951
-1.401038
-1.405112
-1.409172
-1.413218
-1.417250
-1.421269
-1.425273
-1.429264
-1.433240
-1.437203
-1.441151
-1.445086
-1.449006
-1.452912
-1.456803
-1.460680
-1.464543
-1.468391
-1.472225
-1.476044
-1.479849
-1.483639
-1.487414
-1.491174
-1.494920
-1.498651
-1.502367
-1.506068
-1.509754
-1.513425
-1.517081
-1.520721
-1.524347
-1.527957
-1.531552
-1.535132
-1.538697
-1.542246
-1.545779
-1.549297
-1.552800
-1.556287
-1.559758
-1.563214
-1.566654
-1.570078
-1.573487
-1.576879
-1.580256
-1.583617
-1.586961
-1.590290
-1.593603
-1.596900
-1.600180
-1.603445
-1.606693
-1.609925
-1.613141
-1.616340
-1.619523
-1.622689
-1.625840
-1.628973
-1.632090
-1.635191
-1.638275
-1.641342
-1.644393
-1.647427
-1.650444
-1.653444
-1.656428
-1.659394
-1.662344
-1.665277
-1.668193
-1.671092
-1.673973
-1.676838
-1.679686
-1.682516
-1.685330
-1.688126
-1.690905
-1.693666
-1.696410
-1.699137
-1.701847
-1.704539
-1.707213
-1.709871
-1.712510
-1.715132
-1.717737
-1.720324
-1.722893
-1.725445
-1.727979
-1.730495
-1.732993
-1.735474
-1.737937
-1.740382
-1.742809
-1.745218
-1.747609
-1.749983
-1.752338
-1.754675
-1.756994
-1.759296
-1.761579
-1.763844
-1.766090
-1.768319
-1.770529
-1.772722
-1.774895
-1.777051
-1.779188
-1.781307
-1.783408
-1.785490
-1.787554
-1.789599
-1.791626
-1.793635
-1.795624
-1.797596
-1.799549
-1.801483
-1.803399
-1.805296
-1.807174
-1.809034
-1.810875
-1.812697
-1.814501
-1.816286
-1.818052
-1.819799
-1.821528
-1.823237
-1.824928
-1.826600
-1.828253
-1.829887
-1.831503
-1.833099
-1.834676
-1.836235
-1.837774
-1.839295
-1.840796
-1.842278
-1.843741
-1.845186
-1.846611
-1.848017
-1.849403
-1.850771
-1.852120
-1.853449
-1.854759
-1.856050
-1.857322
-1.858574
-1.859808
-1.861022
-1.862216
-1.863392
-1.864548
-1.865685
-1.866802
-1.867900
-1.868979
-1.870039
-1.871079
-1.872099
-1.873101
-1.874083
-1.875045
-1.875988
-1.876912
-1.877816
-1.878701
-1.879566
-1.880412
-1.881238
-1.882045
-1.882832
-1.883600
-1.884348
-1.885077
-1.885787
-1.886476
-1.887146
-1.887797
-1.888428
-1.889040
-1.889632
-1.890204
-1.890757
-1.891290
-1.891803
-1.892297
-1.892772
-1.893227
-1.893662
-1.894077
-1.894473
-1.894850
-1.895206
-1.895544
-1.895861
-1.896159
-1.896437
-1.896696
-1.896934
-1.897154
-1.897353
-1.897533
-1.897694
-1.897834
-1.897955
-1.898057
-1.898139
-1.898201
-1.898243
-1.898266
-1.898269
-1.898253
-1.898216
-1.898161
-1.898085
-1.897990
-1.897876
-1.897741
-1.897587
-1.897414
-1.897221
-1.897008
-1.896775
-1.896523
-1.896252
-1.895960
-1.895650
-1.895319
-1.894969
-1.894599
-1.894210
-1.893801
-1.893373
-1.892925
-1.892458
-1.891971
-1.891464
-1.890938
-1.890392
-1.889827
-1.889242
-1.888638
-1.888015
-1.887371
-1.886709
-1.886027
-1.885325
-1.884604
-1.883863
-1.883103
-1.882324
-1.881525
-1.880707
-1.879869
-1.879012
-1.878136
-1.877240
-1.876325
-1.875391
-1.874437
-1.873464
-1.872471
-1.871460
-1.870429
-1.869378
-1.868309
-1.867220
-1.866112
-1.864985
-1.863838
-1.862673
-1.861488
-1.860284
-1.859061
-1.857819
-1.856557
-1.855277
-1.853977
-1.852659
-1.851321
-1.849964
-1.848589
-1.847194
-1.845780
-1.844347
-1.842896
-1.841425
-1.839936
-1.838427
-1.836900
-1.835354
-1.833789
-1.832205
-1.830602
-1.828980
-1.827340
-1.825681
-1.824003
-1.822307
-1.820592
-1.818858
-1.817105
-1.815334
-1.813544
-1.811736
-1.809909
-1.808064
-1.806200
-1.804317
-1.802416
-1.800497
-1.798559
-1.796602
-1.794628
-1.792634
-1.790623
-1.788593
-1.786545
-1.784479
-1.782394
-1.780291
-1.778170
-1.776030
-1.773873
-1.771697
-1.769504
-1.767292
-1.765062
-1.762814
-1.760548
-1.758264
-1.755962
-1.753642
-1.751305
-1.748949
-1.746576
-1.744184
-1.741775
-1.739348
-1.736904
-1.734441
-1.731961
-1.729464
-1.726948
-1.724415
-1.721865
-1.719297
-1.716711
-1.714108
-1.711488
-1.708850
-1.706194
-1.703522
-1.700832
-1.698124
-1.695399
-1.692658
-1.689898
-1.687122
-1.684328
-1.681518
-1.678690
-1.675845
-1.672983
-1.670105
-1.667209
-1.664296
-1.661366
-1.658420
-1.655456
-1.652476
-1.649479
-1.646466
-1.643435
-1.640388
-1.637324
-1.634244
-1.631147
-1.628034
-1.624904
-1.621757
-1.618594
-1.615415
-1.612219
-1.609008
-1.605779
-1.602535
-1.599274
-1.595997
-1.592704
-1.589395
-1.586069
-1.582728
-1.579371
-1.575997
-1.572608
-1.569203
-1.565782
-1.562345
-1.558893
-1.555424
-1.551940
-1.548440
-1.544925
-1.541394
-1.537848
-1.534285
-1.530708
-1.527115
-1.523507
-1.519883
-1.516244
-1.512589
-1.508920
-1.505235
-1.501535
-1.497820
-1.494090
-1.490345
-1.486584
-1.482809
-1.479019
-1.475214
-1.471394
-1.467560
-1.463710
-1.459846
-1.455967
-1.452074
-1.448166
-1.444243
-1.440306
-1.436354
-1.432389
-1.428408
-1.424413
-1.420404
-1.416381
-1.412344
-1.408292
-1.404226
-1.400146
-1.396053
-1.391945
-1.387823
-1.383687
-1.379538
-1.375374
-1.371197
-1.367006
-1.362801
-1.358583
-1.354351
-1.350106
-1.345847
-1.341575
-1.337289
-1.332990
-1.328677
-1.324352
-1.320013
-1.315660
-1.311295
-1.306917
-1.302525
-1.298121
-1.293703
-1.289273
-1.284830
-1.280374
-1.275905
-1.271424
-1.266929
-1.262423
-1.257903
-1.253371
-1.248827
-1.244270
-1.239701
-1.235119
-1.230525
-1.225919
-1.221301
-1.216671
-1.212028
-1.207373
-1.202707
-1.198028
-1.193338
-1.188635
-1.183921
-1.179195
-1.174458
-1.169709
-1.164948
-1.160175
-1.155391
-1.150596
-1.145789
-1.140971
-1.136141
-1.131300
-1.126449
-1.121585
-1.116711
-1.111826
-1.106929
-1.102022
-1.097104
-1.092175
-1.087235
-1.082284
-1.077323
-1.072351
-1.067369
-1.062375
-1.057372
-1.052358
-1.047333
-1.042298
-1.037253
-1.032198
-1.027132
-1.022057
-1.016971
-1.011875
-1.006770
-1.001654
-0.996528
-0.991393
-0.986248
-0.981093
-0.975928
-0.970754
-0.965570
-0.960377
-0.955175
-0.949963
-0.944741
-0.939510
-0.934270
-0.929021
-0.923763
-0.918496
-0.913219
-0.907934
-0.902640
-0.897337
-0.892025
-0.886704
-0.881375
-0.876037
-0.870690
-0.865335
-0.859971
-0.854599
-0.849219
-0.843830
-0.838433
-0.833028
-0.827615
-0.822193
-0.816764
-0.811326
-0.805881
-0.800427
-0.794966
-0.789497
-0.784021
-0.778537
-0.773045
-0.767545
-0.762038
-0.756524
-0.751002
-0.745473
-0.739937
-0.734393
-0.728843
-0.723285
-0.717720
-0.712148
-0.706569
-0.700984
-0.695391
-0.689792
-0.684186
-0.678573
-0.672954
-0.667328
-0.661696
-0.656058
-0.650413
-0.644761
-0.639104
-0.633440
-0.627770
-0.622094
-0.616412
-0.610724
-0.605030
-0.599330
-0.593624
-0.587913
-0.582196
-0.576473
-0.570745
-0.565011
-0.559272
-0.553528
-0.547778
-0.542022
-0.536262
-0.530496
-0.524726
-0.518950
-0.513169
-0.507383
-0.501592
-0.495797
-0.489997
-0.484192
-0.478382
-0.472568
-0.466749
-0.460926
-0.455098
-0.449266
-0.443430
-0.437589
-0.431745
-0.425896
-0.420043
-0.414186
-0.408325
-0.402460
-0.396591
-0.390719
-0.384843
-0.378963
-0.373079
-0.367192
-0.361302
-0.355408
-0.349510
-0.343610
-0.337706
-0.331799
-0.325888
-0.319975
-0.314059
-0.308139
-0.302217
-0.296292
-0.290364
-0.284433
-0.278500
-0.272564
-0.266626
-0.260685
-0.254741
-0.248795
-0.242847
-0.236897
-0.230944
-0.224989
-0.219032
-0.213074
-0.207113
-0.201150
-0.195185
-0.189219
-0.183251
-0.177281
-0.171309
-0.165336
-0.159362
-0.153386
-0.147408
-0.141430
-0.135450
-0.129468
-0.123486
-0.117503
-0.111518
-0.105533
-0.099546
-0.093559
-0.087571
-0.081582
-0.075593
-0.069603
-0.063612
-0.057621
-0.051630
-0.045638
-0.039645
-0.033653
-0.027660
-0.021667
-0.015674
-0.009681
-0.003688
0.002305
0.008298
0.014290
0.020283
0.026275
0.032267
0.038258
0.044248
0.050239
0.056228
0.062217
0.068205
0.074193
0.080179
0.086165
0.092150
0.098133
0.104116
0.110097
0.116078
0.122057
0.128034
0.134011
0.139985
0.145959
0.151931
0.157901
0.163869
0.169836
0.175801
0.181765
0.187726
0.193685
0.199643
0.205598
0.211551
0.217502
0.223451
0.229397
0.235341
0.241283
0.247222
0.253159
0.259093
0.265024
0.270953
0.276879
0.282802
0.288722
0.294639
0.300554
0.306465
0.312373
0.318278
0.324180
0.330078
0.335973
0.341865
0.347753
0.353637
0.359518
0.365396
0.371270
0.377140
0.383006
0.388868
0.394726
0.400581
0.406431
0.412277
0.418119
0.423957
0.429791
0.435620
0.441445
0.447266
0.453082
0.458893
0.464700
0.470502
0.476300
0.482092
0.487880
0.493663
0.499441
0.505214
0.510982
0.516745
0.522502
0.528255
0.534002
0.539743
0.545480
0.551211
0.556936
0.562656
0.568370
0.574078
0.579781
0.585478
0.591169
0.596854
0.602533
0.608206
0.613873
0.619534
0.625189
0.630838
0.636480
0.642116
0.647745
0.653368
0.658985
0.664595
0.670198
0.675794
0.681384
0.686967
0.692543
0.698112
0.703675
0.709230
0.714778
0.720319
0.725853
0.731380
0.736899
0.742411
0.747916
0.753413
0.758902
0.764384
0.769859
0.775325
0.780784
0.786236
0.791679
0.797114
0.802542
0.807961
0.813373
0.818776
0.824171
0.829558
0.834937
0.840307
0.845669
0.851023
0.856368
0.861705
0.867033
0.872352
0.877662
0.882964
0.888257
0.893542
0.898817
0.904083
0.909340
0.914589
0.919828
0.925058
0.930278
0.935490
0.940692
0.945884
0.951068
0.956242
0.961406
0.966560
0.971705
0.976841
0.981966
0.987082
0.992188
0.997284
1.002370
1.007446
1.012512
1.017568
1.022613
1.027649
1.032674
1.037689
1.042694
1.047688
1.052671
1.057645
1.062607
1.067559
1.072500
1.077431
1.082351
1.087260
1.092158
1.097045
1.101921
1.106786
1.111641
1.116484
1.121315
1.126136
1.130945
1.135743
1.140530
1.145305
1.150069
1.154821
1.159562
1.164291
1.169009
1.173714
1.178408
1.183091
1.187761
1.192419
1.197066
1.201700
1.206323
1.210933
1.215531
1.220117
1.224691
1.229252
1.233801
1.238338
1.242863
1.247374
1.251874
1.256361
1.260835
1.265296
1.269745
1.274181
1.278604
1.283014
1.287412
1.291796
1.296168
1.300526
1.304872
1.309204
1.313523
1.317829
1.322122
1.326401
1.330667
1.334920
1.339159
1.343385
1.347597
1.351795
1.355980
1.360151
1.364309
1.368453
1.372583
1.376699
1.380801
1.384889
1.388964
1.393024
1.397070
1.401103
1.405121
1.409124
1.413114
1.417089
1.421050
1.424997
1.428929
1.432847
1.436750
1.440639
1.444513
1.448372
1.452217
1.456047
1.459863
1.463663
1.467449
1.471220
1.474976
1.478717
1.482443
1.486154
1.489850
1.493531
1.497197
1.500847
1.504483
1.508103
1.511707
1.515297
1.518870
1.522429
1.525972
1.529499
1.533011
1.536508
1.539988
1.543453
1.546903
1.550336
1.553754
1.557156
1.560542
1.563912
1.567267
1.570605
1.573927
1.577234
1.580524
1.583798
1.587056
1.590297
1.593523
1.596732
1.599925
1.603101
1.606261
1.609405
1.612532
1.615643
1.618737
1.621815
1.624876
1.627920
1.630948
1.633959
1.636953
1.639931
1.642892
1.645836
1.648763
1.651673
1.654566
1.657442
1.660301
1.663144
1.665969
1.668777
1.671568
1.674341
1.677098
1.679837
1.682559
1.685264
1.687951
1.690621
1.693273
1.695908
1.698526
1.701126
1.703709
1.706274
1.708822
1.711352
1.713864
1.716358
1.718835
1.721294
1.723736
1.726159
1.728565
1.730953
1.733323
1.735675
1.738009
1.740326
1.742624
1.744904
1.747166
1.749410
1.751636
1.753844
1.756034
1.758205
1.760359
1.762494
1.764611
1.766709
1.768789
1.770851
1.772895
1.774920
1.776926
1.778915
1.780884
1.782836
1.784768
1.786683
1.788578
1.790455
1.792314
1.794154
1.795975
1.797777
1.799561
1.801326
1.803072
1.804800
1.806509
1.808199
1.809870
1.811522
1.813155
1.814770
1.816365
1.817942
1.819500
1.821038
1.822558
1.824059
1.825540
1.827003
1.828447
1.829871
1.831276
1.832662
1.834029
1.835377
1.836706
1.838015
1.839306
1.840577
1.841829
1.843061
1.844274
1.845468
1.846643
1.847798
1.848934
1.850051
1.851148
1.852226
1.853284
1.854323
1.855343
1.856343
1.857324
1.858285
1.859227
1.860149
1.861052
1.861935
1.862799
1.863643
1.864468
1.865273
1.866058
1.866824
1.867571
1.868297
1.869004
1.869692
1.870360
1.871008
1.871637
1.872246
1.872835
1.873405
1.873954
1.874485
1.874995
1.875486
1.875957
1.876409
1.876841
1.877253
1.877645
1.878018
1.878370
1.878704
1.879017
1.879311
1.879584
1.879839
1.880073
1.880288
1.880482
1.880658
1.880813
1.880949
1.881064
1.881160
1.881237
1.881293
1.881330
1.881347
1.881344
1.881322
1.881280
1.881218
1.881136
-0.983614
2.232735
2.194869
2.160943
2.130542
2.103297
2.078874
2.056977
2.037339
-0.845500
2.355879
2.303938
2.257406
2.215713
2.178352
2.144867
-0.750806
2.440011
2.378111
2.322659
2.272979
2.228465
-0.677447
2.504983
2.435152
2.372601
2.316564
-0.599960
2.573609
2.495501
2.425540
2.362872
-0.559880
2.608740
2.525865
2.451637
-0.481689
2.677958
2.586787
2.505134
-0.435062
2.718923
2.622422
2.536001
-0.408685
2.741761
2.641836
2.552351
-0.395293
2.752974
2.650847
2.559394
-0.390227
2.756734
2.653189
-0.307411
2.830066
2.717850
2.617368
-0.340697
2.799497
2.689472
-0.277287
2.855458
2.738588
2.633945
-0.328197
2.809111
2.696095
-0.273689
2.857100
2.738077
2.631508
-0.332697
2.803498
2.689091
-0.282271
2.847824
2.727793
-0.248741
2.877026
2.752958
2.641876
-0.326829
2.806332
2.688673
-0.286050
2.842008
2.719629
2.610057
-0.357602
2.777146
2.660554
-0.313512
2.815768
2.694136
2.585230
-0.382118
2.753516
2.637383
-0.336551
2.793438
2.672116
2.563484
-0.403888
2.732291
2.616334
2.512500
-0.450721
2.689471
2.576938
2.476166
-0.484453
2.658351
2.547996
2.449168
-0.509839
2.634672
2.525693
2.428093
-0.529937
2.615696
2.507579
2.410745
2.324007
-0.624440
2.530045
2.429689
2.339792
2.259254
-0.683768
2.475815
2.379875
2.293921
2.216903
2.147879
-0.784966
2.383966
2.296241
2.217627
2.147165
2.083995
2.027349
-0.894537
2.284411
2.205509
2.134775
2.071347
2.014455
1.963410
1.917595
1.876456
1.839500
1.806282
1.776408
1.749521
1.725304
1.703473
1.683774
1.665978
1.649883
1.635304
1.622080
1.610063
1.599123
1.589144
1.580020
1.571657
1.563972
1.556890
1.550343
1.544273
1.538624
1.533348
1.528404
1.523752
1.519359
1.515193
1.511227
1.507437
1.503800
1.500297
1.496911
1.493626
1.490429
1.487305
1.484246
1.481240
1.478279
1.475355
1.472462
1.469592
1.466740
1.463902
1.461073
1.458249
1.455427
1.452604
1.449776
1.446943
1.444101
1.441248
1.438384
1.435507
1.432615
1.429708
1.426784
1.423843
1.420884
1.417906
1.414909
1.411893
1.408857
1.405801
1.402724
1.399627
1.396510
1.393371
1.390212
1.387032
1.383832
1.380610
1.377368
1.374105
1.370822
1.367518
1.364193
1.360849
1.357484
1.354100
1.350696
1.347271
1.343828
1.340365
1.336883
1.333382
1.329862
1.326323
1.322766
1.319191
1.315597
1.311986
1.308356
1.304709
1.301045
1.297363
1.293664
1.289948
1.286216
1.282467
1.278701
1.274919
1.271121
1.267307
1.263478
1.259633
1.255772
1.251896
1.248005
1.244099
1.240178
1.236242
1.232292
1.228327
1.224349
1.220356
1.216349
1.212328
1.208294
1.204246
1.200185
1.196110
1.192022
1.187922
1.183808
1.179682
1.175543
1.171391
1.167227
1.163051
1.158863
1.154662
1.150450
1.146226
1.141990
1.137742
1.133484
1.129213
1.124932
1.120639
1.116335
1.112021
1.107695
1.103359
1.099012
1.094654
1.090286
1.085908
1.081520
1.077121
1.072712
1.068293
1.063864
1.059426
1.054977
1.050519
1.046052
1.041575
1.037088
1.032593
1.028088
1.023574
1.019050
1.014518
1.009977
1.005427
1.000868
0.996301
0.991724
0.987140
0.982546
0.977945
0.973335
0.968716
0.964090
0.959455
0.954812
0.950161
0.945502
0.940835
0.936161
0.931478
0.926788
0.922090
0.917385
0.912672
0.907951
0.903223
0.898488
0.893745
0.888995
0.884237
0.879473
0.874701
0.869922
0.865137
0.860344
0.855544
0.850737
0.845924
0.841104
0.836277
0.831443
0.826602
0.821755
0.816902
0.812042
0.807175
0.802302
0.797422
0.792536
0.787644
0.782745
0.777841
0.772929
0.768012
0.763089
0.758159
0.753224
0.748282
0.743335
0.738381
0.733421
0.728456
0.723485
0.718508
0.713525
0.708536
0.703541
0.698541
0.693535
0.688524
0.683507
0.678484
0.673456
0.668422
0.663383
0.658338
0.653288
0.648233
0.643172
0.638105
0.633034
0.627957
0.622874
0.617787
0.612694
0.607596
0.602493
0.597385
0.592272
0.587153
0.582030
0.576901
0.571768
0.566629
0.561485
0.556337
0.551183
0.546025
0.540862
0.535694
0.530521
0.525343
0.520161
0.514973
0.509781
0.504584
0.499383
0.494177
0.488966
0.483751
0.478530
0.473306
0.468077
0.462843
0.457605
0.452362
0.447114
0.441863
0.436607
0.431346
0.426081
0.420812
0.415538
0.410260
0.404978
0.399691
0.394400
0.389105
0.383806
0.378502
0.373194
0.367882
0.362566
0.357246
0.351922
0.346594
0.341261
0.335925
0.330585
0.325241
0.319892
0.314540
0.309184
0.303824
0.298460
0.293093
0.287721
0.282346
0.276967
0.271584
0.266198
0.260808
0.255414
0.250016
0.244615
0.239211
0.233803
0.228391
0.222976
0.217557
0.212135
0.206709
0.201280
0.195848
0.190412
0.184973
0.179530
0.174085
0.168636
0.163184
0.157729
0.152270
0.146809
0.141344
0.135876
0.130405
0.124932
0.119455
0.113975
0.108493
0.103007
0.097519
0.092028
0.086534
0.081037
0.075538
0.070036
0.064531
0.059023
0.053513
0.048001
0.042486
0.036968
0.031448
0.025926
0.020401
0.014874
0.009344
0.003813
-0.001721
-0.007258
-0.012796
-0.018337
-0.023879
-0.029424
-0.034970
-0.040519
-0.046069
-0.051622
-0.057176
-0.062732
-0.068290
-0.073850
-0.079411
-0.084974
-0.090539
-0.096105
-0.101673
-0.107242
-0.112812
-0.118384
-0.123958
-0.129532
-0.135108
-0.140685
-0.146264
-0.151843
-0.157424
-0.163005
-0.168588
-0.174172
-0.179756
-0.185341
-0.190928
-0.196514
-0.202102
-0.207690
-0.213279
-0.218869
-0.224459
-0.230049
-0.235640
-0.241231
-0.246823
-0.252415
-0.258007
-0.263599
-0.269191
-0.274784
-0.280376
-0.285969
-0.291561
-0.297153
-0.302745
-0.308337
-0.313928
-0.319519
-0.325110
-0.330700
-0.336290
-0.341879
-0.347467
-0.353055
-0.358642
-0.364228
-0.369814
-0.375398
-0.380982
-0.386564
-0.392146
-0.397726
-0.403305
-0.408883
-0.414460
-0.420035
-0.425609
-0.431181
-0.436752
-0.442321
-0.447889
-0.453454
-0.459018
-0.464581
-0.470141
-0.475699
-0.481255
-0.486810
-0.492362
-0.497912
-0.503459
-0.509004
-0.514547
-0.520088
-0.525626
-0.531161
-0.536694
-0.542224
-0.547751
-0.553276
-0.558797
-0.564316
-0.569831
-0.575344
-0.580853
-0.586359
-0.591862
-0.597362
-0.602858
-0.608351
-0.613840
-0.619326
-0.624808
-0.630286
-0.635760
-0.641231
-0.646698
-0.652160
-0.657619
-0.663074
-0.668524
-0.673970
-0.679412
-0.684850
-0.690283
-0.695711
-0.701135
-0.706555
-0.711969
-0.717379
-0.722784
-0.728184
-0.733580
-0.738970
-0.744355
-0.749735
-0.755109
-0.760479
-0.765843
-0.771201
-0.776555
-0.781902
-0.787244
-0.792580
-0.797911
-0.803235
-0.808554
-0.813867
-0.819173
-0.824474
-0.829768
-0.835057
-0.840338
-0.845614
-0.850883
-0.856146
-0.861402
-0.866651
-0.871894
-0.877130
-0.882359
-0.887581
-0.892796
-0.898004
-0.903205
-0.908399
-0.913586
-0.918765
-0.923937
-0.929102
-0.934259
-0.939408
-0.944550
-0.949684
-0.954811
-0.959929
-0.965040
-0.970142
-0.975237
-0.980324
-0.985402
-0.990472
-0.995534
-1.000587
-1.005632
-1.010669
-1.015697
-1.020716
-1.025727
-1.030729
-1.035722
-1.040706
-1.045681
-1.050648
-1.055605
-1.060553
-1.065491
-1.070421
-1.075341
-1.080252
-1.085153
-1.090045
-1.094927
-1.099800
-1.104662
-1.109515
-1.114359
-1.119192
-1.124015
-1.128828
-1.133631
-1.138424
-1.143207
-1.147979
-1.152741
-1.157493
-1.162234
-1.166965
-1.171685
-1.176394
-1.181093
-1.185781
-1.190458
-1.195124
-1.199779
-1.204423
-1.209056
-1.213678
-1.218288
-1.222888
-1.227476
-1.232052
-1.236617
-1.241171
-1.245713
-1.250243
-1.254762
-1.259269
-1.263764
-1.268248
-1.272719
-1.277178
-1.281626
-1.286061
-1.290484
-1.294895
-1.299293
-1.303680
-1.308053
-1.312415
-1.316764
-1.321100
-1.325424
-1.329735
-1.334033
-1.338319
-1.342592
-1.346852
-1.351098
-1.355332
-1.359553
-1.363761
-1.367955
-1.372137
-1.376305
-1.380459
-1.384601
-1.388729
-1.392843
-1.396944
-1.401031
-1.405105
-1.409165
-1.413211
-1.417243
-1.421262
-1.425266
-1.429257
-1.433234
-1.437196
-1.441145
-1.445079
-1.448999
-1.452905
-1.456797
-1.460674
-1.464536
-1.468385
-1.472219
-1.476038
-1.479842
-1.483632
-1.487408
-1.491168
-1.494914
-1.498645
-1.502360
-1.506061
-1.509748
-1.513419
-1.517074
-1.520715
-1.524341
-1.527951
-1.531546
-1.535126
-1.538691
-1.542240
-1.545773
-1.549291
-1.552794
-1.556281
-1.559752
-1.563208
-1.566648
-1.570072
-1.573481
-1.576873
-1.580250
-1.583611
-1.586956
-1.590285
-1.593598
-1.596894
-1.600175
-1.603439
-1.606688
-1.609920
-1.613135
-1.616335
-1.619518
-1.622684
-1.625834
-1.628968
-1.632085
-1.635186
-1.638270
-1.641337
-1.644388
-1.647421
-1.650439
-1.653439
-1.656423
-1.659389
-1.662339
-1.665272
-1.668188
-1.671087
-1.673969
-1.676833
-1.679681
-1.682512
-1.685325
-1.688121
-1.690900
-1.693661
-1.696406
-1.699133
-1.701842
-1.704534
-1.707209
-1.709866
-1.712506
-1.715128
-1.717733
-1.720319
-1.722889
-1.725440
-1.727974
-1.730491
-1.732989
-1.735470
-1.737933
-1.740378
-1.742805
-1.745214
-1.747605
-1.749979
-1.752334
-1.754671
-1.756991
-1.759292
-1.761575
-1.763840
-1.766087
-1.768315
-1.770526
-1.772718
-1.774892
-1.777047
-1.779185
-1.781304
-1.783404
-1.785487
-1.787550
-1.789596
-1.791623
-1.793631
-1.795621
-1.797593
-1.799545
-1.801480
-1.803395
-1.805293
-1.807171
-1.809031
-1.810872
-1.812694
-1.814498
-1.816283
-1.818049
-1.819796
-1.821525
-1.823235
-1.824925
-1.826597
-1.828251
-1.829885
-1.831500
-1.833096
-1.834674
-1.836232
-1.837772
-1.839292
-1.840793
-1.842276
-1.843739
-1.845183
-1.846608
-1.848014
-1.849401
-1.850769
-1.852117
-1.853447
-1.854757
-1.856048
-1.857320
-1.858572
-1.859805
-1.861019
-1.862214
-1.863390
-1.864546
-1.865683
-1.866800
-1.867898
-1.868977
-1.870037
-1.871077
-1.872098
-1.873099
-1.874081
-1.875043
-1.875987
-1.876910
-1.877815
-1.878699
-1.879565
-1.880410
-1.881237
-1.882044
-1.882831
-1.883599
-1.884347
-1.885076
-1.885785
-1.886475
-1.887145
-1.887796
-1.888427
-1.889039
-1.889631
-1.890203
-1.890756
-1.891289
-1.891803
-1.892297
-1.892771
-1.893226
-1.893661
-1.894077
-1.894473
-1.894849
-1.895206
-1.895543
-1.895860
-1.896158
-1.896437
-1.896695
-1.896934
-1.897153
-1.897353
-1.897533
-1.897693
-1.897834
-1.897955
-1.898057
-1.898138
-1.898201
-1.898243
