-30.366359
-28.509739
-26.734980
-25.032723
-23.395379
-21.816814
-20.292095
-18.817277
-17.389228
-16.005489
-14.664144
-13.363721
-12.103102
-10.881448
-9.698134
-8.552697
-7.444787
-6.374130
-5.340498
-4.343679
-3.383459
-2.459604
-1.571849
-0.719887
0.096639
0.878132
1.625053
2.337913
3.017273
3.663747
4.277988
4.860694
5.412598
5.934463
6.427082
6.891265
7.327843
7.737656
8.121555
8.480393
8.815023
9.126296
9.415056
9.682139
9.928366
10.154550
10.361483
10.549946
10.720696
11.109179
11.228695
11.333496
11.424235
11.501544
11.566033
11.618292
11.658889
11.688372
11.707269
11.716088
11.715318
11.705428
11.686871
11.660082
11.625476
11.583455
11.534402
11.478689
11.416668
11.348679
11.275050
11.196094
11.112110
11.023388
10.930204
10.832824
10.731502
10.626482
10.518000
10.406280
10.291538
10.173982
10.053810
9.931214
9.545118
9.437279
9.326681
9.213516
9.097974
8.980233
8.860466
8.738839
8.615511
8.490634
8.364354
8.236813
8.108144
7.978477
7.847936
7.716640
7.584701
7.452230
7.319331
7.186103
7.052643
6.919041
6.785387
6.651763
6.518250
6.384925
6.251859
6.119125
5.986786
5.854909
5.723551
5.592772
5.462626
5.333165
5.204438
5.076493
4.949373
4.823120
4.697775
4.573375
4.449956
4.327549
4.206188
4.085901
3.966717
3.848659
3.731754
3.616022
3.501486
3.388163
3.276072
3.165228
3.055647
2.947342
2.840325
2.734608
2.630199
2.527107
2.425341
2.324905
2.225806
2.128047
2.031633
1.936566
1.842846
1.750476
1.659455
1.569781
1.481455
1.394473
1.308832
1.224529
1.141559
1.059919
0.979602
0.900603
0.822915
0.746532
0.671446
0.597649
0.525134
0.453892
0.383913
0.315190
0.247711
0.181468
0.116450
0.052646
-0.009953
-0.071359
-0.131583
-0.190637
-0.248531
-0.305277
-0.360888
-0.415376
-0.468751
-0.521028
-0.572217
-0.622332
-0.671385
-0.719388
-0.766355
-0.812297
-0.857229
-0.901162
-0.944110
-0.986085
-1.027100
-1.067168
-1.106302
-1.144515
-1.181819
-1.218228
-1.253755
-1.288411
-1.322210
-1.355165
-1.387288
-1.418591
-1.449088
-1.478791
-1.507711
-1.535863
-1.563256
-1.589905
-1.615821
-1.641016
-1.665502
-1.689291
-1.712394
-1.734824
-1.756592
-1.777709
-1.798187
-1.818036
-1.837270
-1.855897
-1.873930
-1.891379
-1.908254
-1.924568
-1.940329
-1.955550
-1.970239
-1.984407
-1.998065
-2.011222
-2.023888
-2.036074
-2.047788
-2.059040
-2.069840
-2.080196
-2.090120
-2.099618
-2.108701
-2.117377
-2.125655
-2.133544
-2.141052
-2.148188
-2.154960
-2.161376
-2.167444
-2.173173
-2.178570
-2.183643
-2.188400
-2.192848
-2.196995
-2.200848
-2.204415
-2.207702
-2.210716
-2.213466
-2.215956
-2.218195
-2.220188
-2.221943
-2.223466
-2.224762
-2.225839
-2.226702
-2.227358
-2.227812
-2.228071
-2.228140
-2.228024
-2.227730
-2.227263
-2.226627
-2.225830
-2.224875
-2.223768
-2.222513
-2.221117
-2.219583
-2.217917
-2.216123
-2.214206
-2.212170
-2.210020
-2.207760
-2.205395
-2.202928
-2.200364
-2.197707
-2.194961
-2.192129
-2.189216
-2.186225
-2.183160
-2.180025
-2.176823
-2.173558
-2.170232
-2.166850
-2.163414
-2.159928
-2.156395
-2.152818
-2.149199
-2.145543
-2.141851
-2.138127
-2.134373
-2.130591
-2.126786
-2.122958
-2.119111
-2.115247
-2.111368
-2.107477
-2.103575
-2.099666
-2.095752
-2.091833
-2.087913
-2.083994
-2.080076
-2.076164
-2.072257
-2.068358
-2.064468
-2.060590
-2.056725
-2.052875
-2.049040
-2.045223
-2.041425
-2.037648
-2.033892
-2.030160
-2.026452
-2.022769
-2.019113
-2.015486
-2.011887
-2.008319
-2.004782
-2.001277
-1.997806
-1.994368
-1.990966
-1.987599
-1.984269
-1.980976
-1.977722
-1.974506
-1.971330
-1.968195
-1.965100
-1.962046
-1.959035
-1.956066
-1.953139
-1.950257
-1.947418
-1.944623
-1.941873
-1.939168
-1.936509
-1.933895
-1.931326
-1.928804
-1.926329
-1.923899
-1.921517
-1.919181
-1.916892
-1.914650
-1.912456
-1.910308
-1.908208
-1.906155
-1.904149
-1.902190
-1.900279
-1.898415
-1.896597
-1.894827
-1.893103
-1.891426
-1.889796
-1.888212
-1.886674
-1.885181
-1.883735
-1.882334
-1.880979
-1.879668
-1.878402
-1.877180
-1.876003
-1.874869
-1.873779
-1.872732
-1.871728
-1.870766
-1.869847
-1.868969
-1.868132
-1.867336
-1.866581
-1.865865
-1.865190
-1.864553
-1.863955
-1.863396
-1.862874
-1.862390
-1.861942
-1.861531
-1.861156
-1.860816
-1.860511
-1.860240
-1.860003
-1.859800
-1.859629
-1.859491
-1.859384
-1.859309
-1.859264
-1.859249
-1.859264
-1.859308
-1.859381
-1.859481
-1.859609
-1.859763
-1.859943
-1.860149
-1.860381
-1.860636
-1.860916
-1.861219
-1.861544
-1.861892
-1.862262
-1.862652
-1.863063
-1.863494
-1.863944
-1.864412
-1.864899
-1.865403
-1.865925
-1.866462
-1.867016
-1.867585
-1.868168
-1.868766
-1.869377
-1.870001
-1.870637
-1.871285
-1.871945
-1.872615
-1.873295
-1.873985
-1.874684
-1.875391
-1.876107
-1.876829
-1.877559
-1.878295
-1.879037
-1.879784
-1.880535
-1.881291
-1.882051
-1.882814
-1.883579
-1.884346
-1.885116
-1.885886
-1.886657
-1.887428
-1.888198
-1.888968
-1.889737
-1.890504
-1.891268
-1.892030
-1.892788
-1.893543
-1.894294
-1.895040
-1.895781
-1.896517
-1.897247
-1.897970
-1.898687
-1.899397
-1.900099
-1.900793
-1.901479
-1.902155
-1.902823
-1.903481
-1.904129
-1.904767
-1.905394
-1.906010
-1.906615
-1.907207
-1.907788
-1.908356
-1.908911
-1.909453
-1.909981
-1.910495
-1.910996
-1.911481
-1.911952
-1.912408
-1.912848
-1.913273
-1.913681
-1.914073
-1.914449
-1.914808
-1.915149
-1.915473
-1.915779
-1.916068
-1.916338
-1.916590
-1.916823
-1.917037
-1.917232
-1.917407
-1.917563
-1.917699
-1.917815
-1.917911
-1.917986
-1.918041
-1.918075
-1.918088
-1.918079
-1.918049
-1.917998
-1.917925
-1.917829
-1.917712
-1.917573
-1.917411
-1.917226
-1.917019
-1.916789
-1.916537
-1.916261
-1.915961
-1.915639
-1.915293
-1.914923
-1.914530
-1.914113
-1.913672
-1.913207
-1.912718
-1.912205
-1.911668
-1.911106
-1.910520
-1.909909
-1.909274
-1.908614
-1.907929
-1.907220
-1.906486
-1.905727
-1.904943
-1.904134
-1.903300
-1.902442
-1.901558
-1.900648
-1.899714
-1.898755
-1.897770
-1.896760
-1.895725
-1.894665
-1.893579
-1.892468
-1.891332
-1.890171
-1.888984
-1.887772
-1.886535
-1.885273
-1.883985
-1.882672
-1.881334
-1.879970
-1.878582
-1.877168
-1.875729
-1.874265
-1.872776
-1.871261
-1.869722
-1.868158
-1.866569
-1.864955
-1.863316
-1.861652
-1.859963
-1.858250
-1.856512
-1.854749
-1.852962
-1.851150
-1.849314
-1.847453
-1.845568
-1.843659
-1.841725
-1.839767
-1.837785
-1.835780
-1.833750
-1.831696
-1.829618
-1.827517
-1.825392
-1.823243
-1.821071
-1.818875
-1.816656
-1.814413
-1.812148
-1.809859
-1.807547
-1.805212
-1.802854
-1.800473
-1.798070
-1.795644
-1.793195
-1.790724
-1.788231
-1.785715
-1.783177
-1.780617
-1.778035
-1.775431
-1.772805
-1.770157
-1.767488
-1.764797
-1.762084
-1.759350
-1.756595
-1.753819
-1.751021
-1.748203
-1.745363
-1.742503
-1.739622
-1.736721
-1.733799
-1.730856
-1.727893
-1.724910
-1.721907
-1.718883
-1.715840
-1.712777
-1.709694
-1.706592
-1.703469
-1.700328
-1.697167
-1.693987
-1.690787
-1.687569
-1.684331
-1.681075
-1.677800
-1.674506
-1.671194
-1.667863
-1.664513
-1.661146
-1.657760
-1.654356
-1.650934
-1.647494
-1.644036
-1.640561
-1.637068
-1.633557
-1.630029
-1.626483
-1.622920
-1.619340
-1.615743
-1.612129
-1.608498
-1.604851
-1.601186
-1.597505
-1.593807
-1.590093
-1.586363
-1.582616
-1.578853
-1.575074
-1.571279
-1.567468
-1.563641
-1.559799
-1.555941
-1.552067
-1.548177
-1.544273
-1.540353
-1.536417
-1.532467
-1.528501
-1.524521
-1.520525
-1.516515
-1.512490
-1.508450
-1.504396
-1.500327
-1.496244
-1.492146
-1.488034
-1.483908
-1.479768
-1.475614
-1.471445
-1.467263
-1.463067
-1.458857
-1.454634
-1.450397
-1.446146
-1.441882
-1.437605
-1.433314
-1.429010
-1.424692
-1.420362
-1.416019
-1.411662
-1.407293
-1.402911
-1.398516
-1.394108
-1.389688
-1.385255
-1.380809
-1.376352
-1.371881
-1.367399
-1.362904
-1.358397
-1.353878
-1.349346
-1.344803
-1.340248
-1.335681
-1.331102
-1.326511
-1.321908
-1.317294
-1.312668
-1.308031
-1.303382
-1.298722
-1.294050
-1.289367
-1.284673
-1.279968
-1.275251
-1.270524
-1.265785
-1.261035
-1.256274
-1.251503
-1.246720
-1.241927
-1.237123
-1.232308
-1.227483
-1.222647
-1.217801
-1.212944
-1.208077
-1.203199
-1.198311
-1.193412
-1.188504
-1.183585
-1.178656
-1.173717
-1.168768
-1.163808
-1.158839
-1.153860
-1.148871
-1.143872
-1.138864
-1.133845
-1.128817
-1.123780
-1.118732
-1.113675
-1.108609
-1.103533
-1.098448
-1.093353
-1.088249
-1.083135
-1.078013
-1.072881
-1.067740
-1.062589
-1.057430
-1.052261
-1.047084
-1.041897
-1.036702
-1.031497
-1.026284
-1.021062
-1.015831
-1.010592
-1.005343
-1.000086
-0.994821
-0.989546
-0.984263
-0.978972
-0.973672
-0.968364
-0.963047
-0.957722
-0.952389
-0.947047
-0.941697
-0.936339
-0.930972
-0.925597
-0.920215
-0.914824
-0.909425
-0.904018
-0.898604
-0.893181
-0.887750
-0.882312
-0.876865
-0.871411
-0.865949
-0.860480
-0.855002
-0.849517
-0.844025
-0.838525
-0.833017
-0.827502
-0.821979
-0.816449
-0.810912
-0.805367
-0.799815
-0.794255
-0.788688
-0.783114
-0.777533
-0.771945
-0.766349
-0.760747
-0.755137
-0.749521
-0.743897
-0.738267
-0.732629
-0.726985
-0.721334
-0.715676
-0.710011
-0.704340
-0.698661
-0.692977
-0.687285
-0.681587
-0.675882
-0.670171
-0.664454
-0.658730
-0.652999
-0.647262
-0.641519
-0.635769
-0.630013
-0.624251
-0.618483
-0.612709
-0.606928
-0.601141
-0.595349
-0.589550
-0.583745
-0.577934
-0.572117
-0.566295
-0.560466
-0.554632
-0.548792
-0.542946
-0.537095
-0.531238
-0.525375
-0.519506
-0.513632
-0.507753
-0.501868
-0.495977
-0.490081
-0.484180
-0.478273
-0.472361
-0.466444
-0.460522
-0.454594
-0.448661
-0.442723
-0.436780
-0.430832
-0.424879
-0.418920
-0.412957
-0.406989
-0.401016
-0.395039
-0.389056
-0.383069
-0.377077
-0.371080
-0.365078
-0.359072
-0.353062
-0.347047
-0.341027
-0.335003
-0.328975
-0.322942
-0.316904
-0.310863
-0.304817
-0.298767
-0.292713
-0.286654
-0.280592
-0.274525
-0.268454
-0.262379
-0.256301
-0.250218
-0.244132
-0.238041
-0.231947
-0.225849
-0.219748
-0.213642
-0.207533
-0.201420
-0.195304
-0.189184
-0.183061
-0.176934
-0.170804
-0.164670
-0.158534
-0.152393
-0.146250
-0.140103
-0.133953
-0.127800
-0.121644
-0.115485
-0.109322
-0.103157
-0.096989
-0.090818
-0.084644
-0.078467
-0.072288
-0.066105
-0.059920
-0.053732
-0.047542
-0.041349
-0.035154
-0.028956
-0.022755
-0.016552
-0.010347
-0.004140
0.002070
0.008282
0.014497
0.020713
0.026932
0.033153
0.039375
0.045600
0.051827
0.058056
0.064286
0.070518
0.076753
0.082989
0.089226
0.095466
0.101707
0.107949
0.114193
0.120439
0.126686
0.132934
0.139184
0.145435
0.151688
0.157941
0.164196
0.170452
0.176709
0.182968
0.189227
0.195487
0.201748
0.208010
0.214273
0.220537
0.226801
0.233067
0.239332
0.245599
0.251866
0.258134
0.264402
0.270670
0.276939
0.283209
0.289478
0.295748
0.302018
0.308289
0.314559
0.320830
0.327100
0.333371
0.339641
0.345912
0.352182
0.358452
0.364722
0.370992
0.377261
0.383530
0.389798
0.396066
0.402334
0.408600
0.414867
0.421132
0.427397
0.433661
0.439925
0.446187
0.452449
0.458709
0.464969
0.471228
0.477485
0.483741
0.489996
0.496250
0.502503
0.508754
0.515004
0.521252
0.527499
0.533745
0.539988
0.546230
0.552471
0.558709
0.564946
0.571181
0.577414
0.583645
0.589874
0.596101
0.602326
0.608549
0.614769
0.620988
0.627204
0.633417
0.639628
0.645837
0.652043
0.658246
0.664447
0.670645
0.676840
0.683032
0.689222
0.695409
0.701592
0.707773
0.713950
0.720125
0.726296
0.732463
0.738628
0.744789
0.750947
0.757101
0.763251
0.769398
0.775541
0.781681
0.787816
0.793948
0.800076
0.806200
0.812320
0.818435
0.824547
0.830654
0.836757
0.842856
0.848950
0.855040
0.861125
0.867205
0.873281
0.879352
0.885419
0.891480
0.897537
0.903588
0.909635
0.915676
0.921712
0.927743
0.933768
0.939789
0.945803
0.951812
0.957816
0.963814
0.969806
0.975792
0.981773
0.987747
0.993716
0.999678
1.005634
1.011584
1.017528
1.023465
1.029396
1.035321
1.041238
1.047149
1.053054
1.058951
1.064842
1.070726
1.076603
1.082472
1.088335
1.094190
1.100038
1.105878
1.111711
1.117536
1.123354
1.129164
1.134966
1.140761
1.146547
1.152326
1.158096
1.163858
1.169612
1.175357
1.181094
1.186823
1.192543
1.198254
1.203956
1.209650
1.215335
1.221010
1.226677
1.232335
1.237983
1.243622
1.249251
1.254871
1.260482
1.266082
1.271673
1.277254
1.282825
1.288387
1.293938
1.299478
1.305009
1.310529
1.316039
1.321538
1.327027
1.332504
1.337971
1.343427
1.348873
1.354307
1.359729
1.365141
1.370541
1.375930
1.381307
1.386673
1.392027
1.397369
1.402699
1.408018
1.413324
1.418618
1.423899
1.429169
1.434426
1.439670
1.444902
1.450121
1.455327
1.460520
1.465700
1.470867
1.476021
1.481161
1.486289
1.491402
1.496502
1.501589
1.506661
1.511720
1.516765
1.521795
1.526812
1.531814
1.536802
1.541775
1.546734
1.551678
1.556608
1.561522
1.566422
1.571307
1.576176
1.581030
1.585869
1.590693
1.595501
1.600293
1.605070
1.609831
1.614576
1.619305
1.624018
1.628714
1.633395
1.638059
1.642706
1.647337
1.651951
1.656549
1.661129
1.665693
1.670239
1.674768
1.679281
1.683775
1.688253
1.692712
1.697154
1.701579
1.705985
1.710374
1.714744
1.719097
1.723431
1.727747
1.732044
1.736323
1.740583
1.744825
1.749048
1.753252
1.757437
1.761603
1.765750
1.769878
1.773986
1.778075
1.782144
1.786194
1.790224
1.794234
1.798225
1.802195
1.806146
1.810076
1.813986
1.817875
1.821745
1.825593
1.829422
1.833229
1.837016
1.840782
1.844527
1.848251
1.851954
1.855636
1.859296
1.862935
1.866553
1.870149
1.873724
1.877277
1.880808
1.884317
1.887804
1.891270
1.894713
1.898135
1.901534
1.904910
1.908265
1.911597
1.914906
1.918193
1.921457
1.924698
1.927917
1.931113
1.934285
1.937435
1.940562
1.943665
1.946745
1.949802
1.952836
1.955846
1.958832
1.961795
1.964735
1.967650
1.970542
1.973410
1.976254
1.979075
1.981871
1.984643
1.987391
1.990115
1.992815
1.995490
1.998141
2.000768
2.003370
2.005948
2.008501
2.011029
2.013533
2.016012
2.018466
2.020896
2.023300
2.025680
2.028035
2.030365
2.032669
2.034949
2.037203
2.039433
2.041637
2.043815
2.045969
2.048097
2.050200
2.052277
2.054329
2.056356
2.058357
2.060332
2.062282
2.064206
2.066104
2.067977
2.069824
2.071646
2.073441
2.075211
2.076955
2.078673
2.080365
2.082032
2.083672
2.085287
2.086875
2.088438
2.089974
2.091485
2.092970
2.094428
2.095860
2.097267
2.098647
2.100001
2.101329
2.102631
2.103906
2.105156
2.106379
2.107576
2.108747
2.109892
2.111011
2.112103
2.113169
2.114209
2.115223
2.116211
2.117172
2.118107
2.119016
2.119899
2.120755
2.121586
2.122390
2.123168
2.123920
2.124645
2.125344
2.126018
2.126665
2.127286
2.127880
2.128449
2.128991
2.129508
2.129998
2.130462
2.130901
2.131313
2.131699
2.132059
2.132393
2.132701
2.132983
2.133239
2.133470
2.133674
2.133853
2.134005
2.134132
2.134233
2.134309
2.134358
2.134382
2.134380
2.134353
2.134300
2.134221
2.134116
2.133986
2.133831
2.133650
2.133444
2.133212
2.132955
2.132672
2.132364
2.132031
2.131673
2.131289
2.130880
2.130446
2.129987
2.129503
2.128994
2.128460
2.127901
2.127317
2.126708
2.126074
2.125416
2.124733
2.124025
2.123293
2.122535
2.121754
2.120948
2.120117
2.119262
2.118382
2.117478
2.116550
2.115598
2.114622
2.113621
2.112596
2.111547
2.110475
2.109378
2.108257
2.107113
2.105944
2.104753
2.103537
2.102298
2.101035
2.099748
2.098438
2.097105
2.095748
2.094368
2.092965
2.091538
2.090089
2.088616
2.087120
2.085602
2.084060
2.082495
2.080908
2.079298
2.077665
2.076010
2.074331
2.072631
2.070908
2.069162
2.067394
2.065604
2.063792
2.061957
2.060101
2.058222
2.056321
2.054398
2.052454
2.050487
2.048499
2.046489
2.044458
2.042405
2.040330
2.038234
2.036116
2.033978
2.031817
2.029636
2.027433
2.025210
2.022965
2.020700
2.018413
2.016105
2.013777
2.011428
2.009059
2.006668
2.004258
2.001826
1.999375
1.996902
1.994410
1.991897
1.989365
1.986812
1.984239
1.981646
1.979033
1.976400
1.973747
1.971075
1.968383
1.965671
1.962940
1.960189
1.957419
1.954629
1.951820
1.948992
1.946144
1.943278
1.940392
1.937488
1.934564
1.931622
1.928660
1.925680
1.922681
1.919664
1.916628
1.913573
1.910500
1.907408
1.904298
1.901170
1.898024
1.894859
1.891677
1.888476
1.885257
1.882020
1.878766
1.875494
1.872203
1.868896
1.865570
1.862227
1.858866
1.855488
1.852093
1.848680
1.845250
1.841803
1.838338
1.834857
1.831358
1.827842
1.824310
1.820760
1.817194
1.813611
1.810011
1.806395
1.802762
1.799112
1.795446
1.791763
1.788064
1.784349
1.780618
1.776870
1.773106
1.769326
1.765530
1.761718
1.757891
1.754047
1.750187
1.746312
1.742421
1.738514
1.734592
1.730654
1.726701
1.722732
1.718748
1.714749
1.710734
1.706704
1.702659
1.698598
1.694523
1.690433
1.686328
1.682207
1.678072
1.673923
1.669758
1.665579
1.661385
1.657177
1.652954
1.648716
1.644464
1.640198
1.635917
1.631622
1.627313
1.622990
1.618653
1.614301
1.609936
1.605556
1.601163
1.596756
1.592335
1.587900
1.583451
1.578989
1.574513
1.570024
1.565521
1.561005
1.556475
1.551932
1.547376
1.542806
1.538223
1.533627
1.529018
1.524396
1.519761
1.515112
1.510451
1.505777
1.501091
1.496391
1.491679
1.486954
1.482216
1.477466
1.472704
1.467929
1.463141
1.458341
1.453529
1.448704
1.443868
1.439019
1.434158
1.429284
1.424399
1.419502
1.414593
1.409672
1.404739
1.399794
1.394838
1.389870
1.384890
1.379899
1.374896
1.369881
1.364856
1.359818
1.354770
1.349710
1.344638
1.339556
1.334462
1.329358
1.324242
1.319115
1.313977
1.308828
1.303669
1.298498
1.293317
1.288125
1.282922
1.277709
1.272485
1.267250
1.262005
1.256750
1.251484
1.246208
1.240921
1.235624
1.230317
1.225000
1.219673
1.214335
1.208988
1.203631
1.198263
1.192886
1.187499
1.182102
1.176696
1.171279
1.165854
1.160418
1.154973
1.149519
1.144055
1.138581
1.133099
1.127607
1.122105
1.116595
1.111075
1.105547
1.100009
1.094462
1.088906
1.083342
1.077768
1.072186
1.066595
1.060995
1.055387
1.049770
1.044144
1.038510
1.032867
1.027216
1.021557
1.015889
1.010213
1.004529
0.998836
0.993136
0.987427
0.981711
0.975986
0.970253
0.964513
0.958765
0.953009
0.947245
0.941474
0.935695
0.929908
0.924114
0.918312
0.912503
0.906687
0.900863
0.895032
0.889194
0.883349
0.877496
0.871637
0.865770
0.859897
0.854017
0.848129
0.842235
0.836334
0.830427
0.824513
0.818592
0.812664
0.806731
0.800790
0.794844
0.788891
0.782931
0.776966
0.770994
0.765016
0.759032
0.753042
0.747046
0.741044
0.735036
0.729023
0.723004
0.716978
0.710948
0.704911
0.698870
0.692822
0.686769
0.680711
0.674648
0.668579
0.662505
0.656425
0.650341
0.644252
0.638157
0.632058
0.625953
0.619844
0.613730
0.607611
0.601488
0.595360
0.589227
0.583090
0.576948
0.570802
0.564652
0.558497
0.552338
0.546175
0.540007
0.533836
0.527660
0.521481
0.515298
0.509110
0.502919
0.496724
0.490526
0.484324
0.478118
0.471908
0.465696
0.459479
0.453260
0.447037
0.440811
0.434581
0.428349
0.422113
0.415875
0.409633
0.403389
0.397141
0.390891
0.384638
0.378382
0.372124
0.365863
0.359600
0.353334
0.347066
0.340795
0.334522
0.328247
0.321970
0.315690
0.309409
0.303125
0.296840
0.290553
0.284263
0.277972
0.271680
0.265385
0.259089
0.252792
0.246493
0.240192
0.233890
0.227587
0.221283
0.214977
0.208671
0.202363
0.196054
0.189744
0.183433
0.177122
0.170809
0.164496
0.158182
0.151868
0.145553
0.139237
0.132921
0.126605
0.120288
0.113971
0.107654
0.101337
0.095019
0.088702
0.082384
0.076067
0.069750
0.063433
0.057116
0.050799
0.044483
0.038168
0.031852
0.025538
0.019224
0.012910
0.006598
0.000286
-0.006025
-0.012335
-0.018644
-0.024953
-0.031260
-0.037566
-0.043870
-0.050174
-0.056476
-0.062777
-0.069076
-0.075374
-0.081670
-0.087965
-0.094258
-0.100550
-0.106839
-0.113127
-0.119413
-0.125697
-0.131979
-0.138258
-0.144536
-0.150812
-0.157085
-0.163356
-0.169624
-0.175890
-0.182154
-0.188415
-0.194673
-0.200929
-0.207182
-0.213433
-0.219680
-0.225925
-0.232166
-0.238405
-0.244640
-0.250873
-0.257102
-0.263328
-0.269551
-0.275770
-0.281986
-0.288198
-0.294407
-0.300612
-0.306814
-0.313012
-0.319206
-0.325396
-0.331582
-0.337765
-0.343943
-0.350117
-0.356288
-0.362454
-0.368615
-0.374773
-0.380926
-0.387075
-0.393219
-0.399359
-0.405494
-0.411624
-0.417750
-0.423871
-0.429987
-0.436099
-0.442205
-0.448307
-0.454403
-0.460494
-0.466580
-0.472661
-0.478737
-0.484807
-0.490872
-0.496931
-0.502985
-0.509034
-0.515076
-0.521113
-0.527145
-0.533170
-0.539190
-0.545204
-0.551211
-0.557213
-0.563209
-0.569199
-0.575182
-0.581159
-0.587130
-0.593094
-0.599053
-0.605004
-0.610949
-0.616888
-0.622820
-0.628745
-0.634663
-0.640575
-0.646480
-0.652378
-0.658269
-0.664153
-0.670029
-0.675899
-0.681762
-0.687617
-0.693465
-0.699305
-0.705139
-0.710964
-0.716783
-0.722593
-0.728396
-0.734192
-0.739979
-0.745759
-0.751531
-0.757295
-0.763051
-0.768799
-0.774539
-0.780271
-0.785995
-0.791710
-0.797418
-0.803117
-0.808807
-0.814489
-0.820163
-0.825828
-0.831484
-0.837132
-0.842771
-0.848402
-0.854023
-0.859636
-0.865240
-0.870835
-0.876421
-0.881997
-0.887565
-0.893124
-0.898673
-0.904213
-0.909744
-0.915265
-0.920777
-0.926279
-0.931772
-0.937255
-0.942729
-0.948193
-0.953647
-0.959092
-0.964526
-0.969951
-0.975366
-0.980771
-0.986165
-0.991550
-0.996925
-1.002289
-1.007643
-1.012987
-1.018320
-1.023644
-1.028956
-1.034258
-1.039550
-1.044831
-1.050102
-1.055362
-1.060611
-1.065849
-1.071076
-1.076293
-1.081499
-1.086694
-1.091877
-1.097050
-1.102211
-1.107362
-1.112501
-1.117629
-1.122746
-1.127851
-1.132945
-1.138027
-1.143098
-1.148158
-1.153206
-1.158242
-1.163267
-1.168279
-1.173281
-1.178270
-1.183247
-1.188213
-1.193166
-1.198108
-1.203038
-1.207955
-1.212861
-1.217754
-1.222635
-1.227504
-1.232360
-1.237204
-1.242036
-1.246855
-1.251662
-1.256456
-1.261238
-1.266007
-1.270764
-1.275507
-1.280238
-1.284957
-1.289662
-1.294355
-1.299034
-1.303701
-1.308355
-1.312996
-1.317623
-1.322238
-1.326839
-1.331427
-1.336002
-1.340564
-1.345112
-1.349647
-1.354169
-1.358677
-1.363172
-1.367653
-1.372120
-1.376574
-1.381015
-1.385441
-1.389854
-1.394254
-1.398639
-1.403010
-1.407368
-1.411712
-1.416042
-1.420357
-1.424659
-1.428947
-1.433220
-1.437480
-1.441725
-1.445956
-1.450173
-1.454375
-1.458564
-1.462737
-1.466897
-1.471042
-1.475172
-1.479288
-1.483389
-1.487476
-1.491548
-1.495606
-1.499649
-1.503677
-1.507690
-1.511689
-1.515673
-1.519641
-1.523595
-1.527534
-1.531458
-1.535367
-1.539261
-1.543140
-1.547004
-1.550853
-1.554686
-1.558504
-1.562308
-1.566095
-1.569868
-1.573625
-1.577367
-1.581093
-1.584804
-1.588499
-1.592179
-1.595844
-1.599493
-1.603126
-1.606743
-1.610345
-1.613932
-1.617502
-1.621057
-1.624596
-1.628119
-1.631627
-1.635118
-1.638594
-1.642054
-1.645498
-1.648925
-1.652337
-1.655733
-1.659113
-1.662476
-1.665824
-1.669155
-1.672470
-1.675769
-1.679051
-1.682318
-1.685568
-1.688802
-1.692019
-1.695220
-1.698405
-1.701573
-1.704725
-1.707860
-1.710979
-1.714081
-1.717167
-1.720236
-1.723288
-1.726324
-1.729343
-1.732346
-1.735331
-1.738301
-1.741253
-1.744188
-1.747107
-1.750009
-1.752894
-1.755762
-1.758613
-1.761448
-1.764265
-1.767065
-1.769849
-1.772615
-1.775365
-1.778097
-1.780812
-1.783510
-1.786191
-1.788855
-1.791502
-1.794131
-1.796744
-1.799339
-1.801916
-1.804477
-1.807020
-1.809546
-1.812055
-1.814546
-1.817020
-1.819476
-1.821915
-1.824337
-1.826741
-1.829128
-1.831497
-1.833849
-1.836183
-1.838500
-1.840799
-1.843080
-1.845344
-1.847590
-1.849819
-1.852030
-1.854223
-1.856399
-1.858557
-1.860697
-1.862820
-1.864925
-1.867012
-1.869081
-1.871132
-1.873166
-1.875182
-1.877180
-1.879160
-1.881122
-1.883067
-1.884993
-1.886902
-1.888792
-1.890665
-1.892520
-1.894357
-1.896175
-1.897976
-1.899759
-1.901524
-1.903270
-1.904999
-1.906710
-1.908402
-1.910077
-1.911733
-1.913371
-1.914991
-1.916593
-1.918177
-1.919743
-1.921291
-1.922820
-1.924331
-1.925824
-1.927299
-1.928756
-1.930194
-1.931614
-1.933016
-1.934400
-1.935765
-1.937112
-1.938441
-1.939751
-1.941044
-1.942317
-1.943573
-1.944810
-1.946029
-1.947230
-1.948412
-1.949576
-1.950721
-1.951849
-1.952957
-1.954048
-1.955120
-1.956173
-1.957209
-1.958225
-1.959224
-1.960204
-1.961165
-1.962108
-1.963033
-1.963939
-1.964827
-1.965697
-1.966547
-1.967380
-1.968194
-1.968989
-1.969766
-1.970525
-1.971265
-1.971987
-1.972690
-1.973374
-1.974040
-1.974688
-1.975317
-1.975928
-1.976520
-1.977093
-1.977649
-1.978185
-1.978703
-1.979203
-1.979684
-1.980146
-1.980591
-1.981016
-1.981423
-1.981812
-1.982181
-1.982533
-1.982866
-1.983180
-1.983476
-1.983754
-1.984012
-1.984253
-1.984475
-1.984678
-1.984863
-1.985029
-1.985177
-1.985306
-1.985417
-1.985509
-1.985583
-1.985638
-1.985675
-1.985693
-1.985693
-1.985674
-1.985637
-1.985582
-1.985507
-1.985415
-1.985304
-1.985174
-1.985026
-1.984860
-1.984675
-1.984471
-1.984249
-1.984009
-1.983751
-1.983473
-1.983178
-1.982864
-1.982532
-1.982181
-1.981812
-1.981424
-1.981018
-1.980594
-1.980151
-1.979690
-1.979210
-1.978713
-1.978196
-1.977662
-1.977109
-1.976538
-1.975949
-1.975341
-1.974715
-1.974070
-1.973408
-1.972727
-1.972028
-1.971310
-1.970574
-1.969821
-1.969048
-1.968258
-1.967449
-1.966623
-1.965778
-1.964915
-1.964033
-1.963134
-1.962216
-1.961280
-1.960326
-1.959354
-1.958364
-1.957356
-1.956330
-1.955286
-1.954223
-1.953143
-1.952044
-1.950928
-1.949793
-1.948641
-1.947470
-1.946282
-1.945075
-1.943851
-1.942609
-1.941348
-1.940070
-1.938774
-1.937460
-1.936129
-1.934779
-1.933412
-1.932027
-1.930623
-1.929203
-1.927764
-1.926308
-1.924834
-1.923342
-1.921832
-1.920305
-1.918760
-1.917198
-1.915617
-1.914019
-1.912404
-1.910771
-1.909120
-1.907452
-1.905766
-1.904063
-1.902342
-1.900604
-1.898848
-1.897075
-1.895284
-1.893476
-1.891650
-1.889807
-1.887947
-1.886070
-1.884175
-1.882262
-1.880333
-1.878386
-1.876422
-1.874440
-1.872442
-1.870426
-1.868393
-1.866343
-1.864276
-1.862191
-1.860090
-1.857971
-1.855836
-1.853683
-1.851513
-1.849327
-1.847123
-1.844903
-1.842665
-1.840411
-1.838139
-1.835851
-1.833546
-1.831224
-1.828886
-1.826530
-1.824158
-1.821769
-1.819364
-1.816941
-1.814503
-1.812047
-1.809575
-1.807086
-1.804581
-1.802059
-1.799520
-1.796965
-1.794394
-1.791806
-1.789202
-1.786581
-1.783944
-1.781291
-1.778621
-1.775935
-1.773233
-1.770514
-1.767780
-1.765029
-1.762262
-1.759478
-1.756679
-1.753863
-1.751032
-1.748184
-1.745321
-1.742441
-1.739546
-1.736634
-1.733707
-1.730763
-1.727804
-1.724829
-1.721839
-1.718832
-1.715810
-1.712772
-1.709718
-1.706649
-1.703564
-1.700463
-1.697347
-1.694215
-1.691068
-1.687905
-1.684727
-1.681534
-1.678325
-1.675100
-1.671860
-1.668605
-1.665335
-1.662050
-1.658749
-1.655433
-1.652102
-1.648755
-1.645394
-1.642017
-1.638626
-1.635219
-1.631798
-1.628361
-1.624910
-1.621444
-1.617962
-1.614466
-1.610956
-1.607430
-1.603890
-1.600335
-1.596765
-1.593181
-1.589582
-1.585969
-1.582341
-1.578698
-1.575041
-1.571370
-1.567684
-1.563984
-1.560269
-1.556540
-1.552797
-1.549040
-1.545268
-1.541482
-1.537683
-1.533869
-1.530040
-1.526198
-1.522342
-1.518472
-1.514588
-1.510690
-1.506778
-1.502852
-1.498913
-1.494960
-1.490993
-1.487012
-1.483017
-1.479009
-1.474988
-1.470953
-1.466904
-1.462842
-1.458766
-1.454677
-1.450575
-1.446459
-1.442330
-1.438188
-1.434032
-1.429863
-1.425681
-1.421486
-1.417278
-1.413057
-1.408822
-1.404575
-1.400315
-1.396042
-1.391756
-1.387457
-1.383145
-1.378821
-1.374484
-1.370134
-1.365772
-1.361397
-1.357009
-1.352609
-1.348196
-1.343771
-1.339334
-1.334884
-1.330421
-1.325947
-1.321460
-1.316961
-1.312450
-1.307926
-1.303391
-1.298843
-1.294283
-1.289712
-1.285128
-1.280532
-1.275925
-1.271306
-1.266675
-1.262032
-1.257377
-1.252711
-1.248033
-1.243343
-1.238642
-1.233930
-1.229206
-1.224470
-1.219723
-1.214965
-1.210195
-1.205414
-1.200622
-1.195818
-1.191004
-1.186178
-1.181341
-1.176493
-1.171634
-1.166764
-1.161884
-1.156992
-1.152089
-1.147176
-1.142252
-1.137317
-1.132372
-1.127416
-1.122449
-1.117472
-1.112484
-1.107485
-1.102477
-1.097457
-1.092428
-1.087388
-1.082338
-1.077278
-1.072207
-1.067127
-1.062036
-1.056935
-1.051824
-1.046703
-1.041573
-1.036432
-1.031281
-1.026121
-1.020951
-1.015771
-1.010581
-1.005382
-1.000174
-0.994955
-0.989727
-0.984490
-0.979243
-0.973987
-0.968721
-0.963447
-0.958163
-0.952869
-0.947567
-0.942255
-0.936934
-0.931605
-0.926266
-0.920918
-0.915561
-0.910196
-0.904821
-0.899438
-0.894046
-0.888645
-0.883236
-0.877818
-0.872392
-0.866956
-0.861513
-0.856061
-0.850600
-0.845131
-0.839654
-0.834169
-0.828675
-0.823173
-0.817663
-0.812145
-0.806619
-0.801084
-0.795542
-0.789992
-0.784434
-0.778868
-0.773294
-0.767713
-0.762124
-0.756527
-0.750922
-0.745310
-0.739690
-0.734063
-0.728428
-0.722786
-0.717137
-0.711480
-0.705816
-0.700145
-0.694466
-0.688780
-0.683088
-0.677388
-0.671681
-0.665967
-0.660246
-0.654518
-0.648784
-0.643042
-0.637294
-0.631539
-0.625778
-0.620009
-0.614234
-0.608453
-0.602665
-0.596871
-0.591070
-0.585263
-0.579449
-0.573629
-0.567803
-0.561971
-0.556133
-0.550288
-0.544437
-0.538581
-0.532718
-0.526849
-0.520975
-0.515094
-0.509208
-0.503316
-0.497419
-0.491515
-0.485606
-0.479691
-0.473771
-0.467846
-0.461914
-0.455978
-0.450036
-0.444088
-0.438136
-0.432178
-0.426215
-0.420246
-0.414273
-0.408294
-0.402311
-0.396322
-0.390329
-0.384330
-0.378327
-0.372319
-0.366306
-0.360288
-0.354266
-0.348239
-0.342208
-0.336171
-0.330131
-0.324086
-0.318036
-0.311982
-0.305924
-0.299861
-0.293794
-0.287723
-0.281648
-0.275568
-0.269484
-0.263397
-0.257305
-0.251210
-0.245110
-0.239007
-0.232899
-0.226788
-0.220674
-0.214555
-0.208433
-0.202307
-0.196178
-0.190045
-0.183908
-0.177769
-0.171625
-0.165479
-0.159329
-0.153175
-0.147019
-0.140859
-0.134696
-0.128531
-0.122362
-0.116189
-0.110014
-0.103836
-0.097656
-0.091472
-0.085285
-0.079096
-0.072904
-0.066709
-0.060512
-0.054312
-0.048109
-0.041904
-0.035697
-0.029487
-0.023275
-0.017060
-0.010843
-0.004624
0.001597
0.007821
0.014047
0.020274
0.026504
0.032736
0.038970
0.045206
0.051443
0.057683
0.063924
0.070167
0.076411
0.082658
0.088905
0.095155
0.101406
0.107658
0.113912
0.120167
0.126424
0.132682
0.138941
0.145202
0.151463
0.157726
0.163990
0.170255
0.176520
0.182787
0.189055
0.195324
0.201593
0.207863
0.214134
0.220406
0.226678
0.232951
0.239225
0.245498
0.251773
0.258048
0.264323
0.270599
0.276875
0.283151
0.289427
0.295703
0.301980
0.308257
0.314533
0.320810
0.327087
0.333363
0.339640
0.345916
0.352192
0.358467
0.364742
0.371017
0.377292
0.383565
0.389839
0.396112
0.402384
0.408655
0.414926
0.421196
0.427465
0.433734
0.440001
0.446268
0.452533
0.458798
0.465061
0.471323
0.477584
0.483844
0.490103
0.496360
0.502616
0.508870
0.515123
0.521374
0.527624
0.533872
0.540118
0.546363
0.552606
0.558847
0.565086
0.571323
0.577558
0.583791
0.590022
0.596251
0.602478
0.608702
0.614924
0.621144
0.627362
0.633577
0.639789
0.645999
0.652206
0.658411
0.664612
0.670811
0.677008
0.683201
0.689391
0.695579
0.701763
0.707944
0.714122
0.720297
0.726469
0.732637
0.738802
0.744963
0.751121
0.757275
0.763426
0.769573
0.775716
0.781855
0.787991
0.794122
0.800250
0.806374
0.812493
0.818609
0.824720
0.830827
0.836929
0.843027
0.849121
0.855210
0.861295
0.867375
0.873450
0.879520
0.885586
0.891647
0.897702
0.903753
0.909799
0.915839
0.921874
0.927904
0.933929
0.939948
0.945961
0.951969
0.957972
0.963969
0.969960
0.975945
0.981924
0.987897
0.993864
0.999826
1.005781
1.011729
1.017672
1.023608
1.029537
1.035460
1.041377
1.047286
1.053189
1.059086
1.064975
1.070857
1.076732
1.082601
1.088461
1.094315
1.100161
1.106000
1.111832
1.117656
1.123472
1.129280
1.135081
1.140874
1.146659
1.152436
1.158204
1.163965
1.169717
1.175461
1.181196
1.186923
1.192642
1.198351
1.204052
1.209744
1.215428
1.221102
1.226767
1.232423
1.238069
1.243707
1.249335
1.254953
1.260562
1.266161
1.271750
1.277330
1.282900
1.288459
1.294009
1.299548
1.305077
1.310596
1.316104
1.321602
1.327089
1.332565
1.338031
1.343485
1.348929
1.354361
1.359783
1.365193
1.370592
1.375979
1.381355
1.386719
1.392072
1.397413
1.402742
1.408059
1.413363
1.418656
1.423936
1.429204
1.434460
1.439703
1.444933
1.450151
1.455356
1.460548
1.465727
1.470893
1.476045
1.481185
1.486311
1.491423
1.496522
1.501607
1.506679
1.511737
1.516780
1.521810
1.526825
1.531826
1.536813
1.541786
1.546743
1.551687
1.556615
1.561529
1.566428
1.571311
1.576180
1.581033
1.585871
1.590694
1.595501
1.600293
1.605069
1.609829
1.614573
1.619301
1.624013
1.628709
1.633388
1.638052
1.642698
1.647329
1.651942
1.656539
1.661119
1.665682
1.670227
1.674756
1.679268
1.683762
1.688238
1.692698
1.697139
1.701563
1.705969
1.710357
1.714727
1.719079
1.723412
1.727728
1.732025
1.736303
1.740563
1.744805
1.749027
1.753231
1.757415
1.761581
1.765727
1.769855
1.773963
1.778051
1.782120
1.786170
1.790199
1.794209
1.798200
1.802170
1.806120
1.810050
1.813960
1.817849
1.821718
1.825567
1.829395
1.833202
1.836989
1.840754
1.844499
1.848223
1.851926
1.855607
1.859268
1.862907
1.866524
1.870120
1.873695
1.877248
1.880779
1.884288
1.887776
1.891241
1.894684
1.898106
1.901505
1.904881
1.908236
1.911568
1.914877
1.918164
1.921428
1.924669
1.927888
1.931084
1.934256
1.937406
1.940533
1.943636
1.946717
1.949774
1.952807
1.955817
1.958804
1.961767
1.964707
1.967622
1.970514
1.973383
1.976227
1.979047
1.981844
1.984616
1.987364
1.990088
1.992788
1.995464
1.998115
2.000742
2.003344
2.005922
2.008475
2.011004
2.013508
2.015987
2.018441
2.020871
2.023276
2.025656
2.028011
2.030341
2.032646
2.034925
2.037180
2.039409
2.041614
2.043793
2.045947
2.048075
2.050178
2.052256
2.054308
2.056334
2.058336
2.060311
2.062261
2.064186
2.066084
2.067957
2.069805
2.071626
2.073422
2.075192
2.076936
2.078655
2.080347
2.082014
2.083655
2.085269
2.086858
2.088421
2.089958
2.091469
2.092953
2.094412
2.095845
2.097251
2.098632
2.099986
2.101314
2.102616
2.103892
2.105142
2.106366
2.107563
2.108734
2.109879
2.110998
2.112091
2.113157
2.114197
2.115212
2.116199
2.117161
2.118096
2.119005
2.119888
2.120745
2.121576
2.122380
2.123158
2.123910
2.124636
2.125336
2.126009
2.126656
2.127277
2.127872
2.128441
2.128984
2.129501
2.129991
2.130456
2.130894
2.131306
2.131693
2.132053
2.132387
2.132695
2.132978
2.133234
2.133465
2.133669
2.133848
2.134001
2.134128
2.134229
2.134305
2.134355
2.134379
2.134377
2.134350
2.134297
2.134218
2.134114
2.133984
2.133829
2.133648
2.133442
2.133210
2.132953
2.132671
2.132363
2.132030
2.131672
2.131289
2.130880
2.130446
2.129987
2.129503
2.128994
2.128460
2.127901
2.127318
2.126709
2.126075
2.125417
2.124734
2.124026
2.123294
2.122537
2.121755
2.120949
2.120119
2.119264
2.118385
2.117481
2.116553
2.115601
2.114624
2.113624
2.112599
2.111550
2.110478
2.109381
2.108261
2.107116
2.105948
2.104756
2.103541
2.102301
2.101039
2.099752
2.098442
2.097109
2.095753
2.094373
2.092970
2.091543
2.090094
2.088621
2.087125
2.085607
2.084065
2.082500
2.080913
2.079303
2.077670
2.076015
2.074337
2.072636
2.070913
2.069168
2.067400
2.065610
2.063798
2.061963
2.060107
2.058228
2.056327
2.054405
2.052460
2.050494
2.048506
2.046496
2.044464
2.042411
2.040337
2.038240
2.036123
2.033984
2.031824
2.029643
2.027440
2.025217
2.022972
2.020706
2.018420
2.016112
2.013784
2.011435
2.009066
2.006675
2.004265
2.001833
1.999382
1.996910
1.994417
1.991905
1.989372
1.986819
1.984246
1.981653
1.979040
1.976407
1.973755
1.971082
1.968390
1.965678
1.962947
1.960196
1.957426
1.954637
1.951828
1.948999
1.946152
1.943285
1.940400
1.937495
1.934572
1.931629
1.928668
1.925688
1.922689
1.919671
1.916635
1.913581
1.910507
1.907416
1.904306
1.901178
1.898032
1.894867
1.891684
1.888484
1.885265
1.882028
1.878774
1.875501
1.872211
1.868903
1.865578
1.862235
1.858874
1.855496
1.852101
1.848688
1.845258
1.841811
1.838346
1.834864
1.831366
1.827850
1.824318
1.820768
1.817202
1.813619
1.810019
1.806402
1.802769
1.799120
1.795454
1.791771
1.788072
1.784357
1.780626
1.776878
1.773114
1.769334
1.765538
1.761726
1.757898
1.754055
1.750195
1.746320
1.742429
1.738522
1.734600
1.730662
1.726709
1.722740
1.718756
1.714756
1.710742
1.706712
1.702667
1.698606
1.694531
1.690441
1.686335
1.682215
1.678080
1.673930
1.669766
1.665587
1.661393
1.657184
1.652961
1.648724
1.644472
1.640206
1.635925
1.631630
1.627321
1.622998
1.618661
1.614309
1.609944
1.605564
1.601171
1.596764
1.592343
1.587908
1.583459
1.578997
1.574521
1.570032
1.565529
1.561013
1.556483
1.551940
1.547384
1.542814
1.538231
1.533635
1.529026
1.524404
1.519769
1.515121
1.510459
1.505785
1.501099
1.496399
1.491687
1.486962
1.482224
1.477474
1.472712
1.467937
1.463149
1.458349
1.453537
1.448712
1.443876
1.439027
1.434166
1.429293
1.424407
1.419510
1.414601
1.409680
1.404747
1.399803
1.394846
1.389878
1.384898
1.379907
1.374904
1.369890
1.364864
1.359827
1.354778
1.349718
1.344647
1.339564
1.334471
1.329366
1.324250
1.319123
1.313985
1.308837
1.303677
1.298507
1.293325
1.288133
1.282931
1.277717
1.272493
1.267259
1.262014
1.256758
1.251492
1.246216
1.240930
1.235633
1.230326
1.225009
1.219681
1.214344
1.208997
1.203639
1.198272
1.192895
1.187508
1.182111
1.176704
1.171288
1.165862
1.160427
1.154982
1.149527
1.144064
1.138590
1.133108
1.127616
1.122114
1.116604
1.111084
1.105556
1.100018
1.094471
1.088915
1.083351
1.077777
1.072195
1.066604
1.061004
1.055396
1.049779
1.044153
1.038519
1.032876
1.027225
1.021566
1.015898
1.010222
1.004538
0.998846
0.993145
0.987436
0.981720
0.975995
0.970263
0.964522
0.958774
0.953018
0.947255
0.941483
0.935704
0.929918
0.924124
0.918322
0.912513
0.906697
0.900873
0.895042
0.889204
0.883359
0.877506
0.871647
0.865780
0.859907
0.854026
0.848139
0.842245
0.836344
0.830437
0.824522
0.818602
0.812674
0.806740
0.800800
0.794853
0.788900
0.782941
0.776976
0.771004
0.765026
0.759042
0.753052
0.747056
0.741054
0.735046
0.729033
0.723014
0.716988
0.710958
0.704921
0.698880
0.692832
0.686779
0.680721
0.674658
0.668589
0.662515
0.656436
0.650351
0.644262
0.638167
0.632068
0.625963
0.619854
0.613740
0.607622
0.601498
0.595370
0.589237
0.583100
0.576959
0.570812
0.564662
0.558507
0.552348
0.546185
0.540018
0.533846
0.527671
0.521491
0.515308
0.509121
0.502930
0.496735
0.490536
0.484334
0.478128
0.471919
0.465706
0.459490
0.453270
0.447047
0.440821
0.434592
0.428359
0.422124
0.415885
0.409644
0.403399
0.397152
0.390901
0.384649
0.378393
0.372135
0.365874
0.359610
0.353345
0.347076
0.340806
0.334533
0.328258
0.321980
0.315701
0.309419
0.303136
0.296850
0.290563
0.284274
0.277983
0.271690
0.265396
0.259100
0.252802
0.246503
0.240203
0.233901
0.227598
0.221294
0.214988
0.208681
0.202373
0.196064
0.189755
0.183444
0.177132
0.170820
0.164507
0.158193
0.151878
0.145563
0.139248
0.132932
0.126616
0.120299
0.113982
0.107665
0.101347
0.095030
0.088712
0.082395
0.076078
0.069760
0.063443
0.057127
0.050810
0.044494
0.038178
0.031863
0.025549
0.019234
0.012921
0.006608
0.000297
-0.006014
-0.012325
-0.018634
-0.024942
-0.031249
-0.037555
-0.043860
-0.050163
4.300366
4.108682
3.927408
3.755623
3.592492
3.437268
3.289275
3.147904
3.012608
2.882894
2.758316
2.638473
2.523006
2.411587
2.303925
2.199754
2.098836
2.000956
1.905920
1.813554
1.723698
1.636210
1.550962
1.467836
1.386728
1.307541
1.230189
1.154595
1.080685
1.008397
0.937671
0.868453
0.800694
0.734349
0.669378
0.605743
0.543408
0.482343
0.422517
0.363903
0.306476
0.250211
0.195087
0.141083
0.088179
0.036356
-0.014403
-0.064115
-0.112796
-0.160462
-0.207126
-0.252804
-0.297509
-0.341254
-0.384053
-0.425918
-0.466861
-0.506895
-0.546032
-0.584283
-0.621660
-0.658174
-0.693836
-0.728659
-0.762652
-0.795827
-0.828195
-0.859766
-0.890552
-0.920563
-0.949809
-0.978302
-1.006052
-1.033070
-1.059366
-1.084951
-1.109834
-1.134027
-1.157540
-1.180383
-1.202567
-1.224101
-1.244997
-1.265264
-1.284912
-1.303952
-1.322394
-1.340248
-1.357523
-1.374230
-1.390379
-1.405980
-1.421042
-1.435575
-1.449589
-1.463093
-1.476098
-1.488613
-1.500647
-1.512209
-1.523309
-1.533957
-1.544162
-1.553932
-1.563276
-1.572205
-1.580726
-1.588849
-1.596582
-1.603935
-1.610915
-1.617531
-1.623792
-1.629706
-1.635282
-1.640527
-1.645450
-1.650058
-1.654361
-1.658365
-1.662078
-1.665509
-1.668664
-1.671552
-1.674178
-1.676552
-1.678680
-1.680570
-1.682227
-1.683660
-1.684875
-1.685879
-1.686678
-1.687279
-1.687689
-1.687914
-1.687961
-1.687834
-1.687542
-1.687088
-1.686481
-1.685724
-1.684825
-1.683788
-1.682619
-1.681324
-1.679908
-1.678376
-1.676733
-1.674985
-1.673136
-1.671191
-1.669155
-1.667034
-1.664830
-1.662550
-1.660196
-1.657775
-1.655289
-1.652744
-1.650143
-1.647490
-1.644789
-1.642044
-1.639259
-1.636437
-1.633582
-1.630698
-1.627787
-1.624854
-1.621901
-1.618931
-1.615949
-1.612956
-1.609956
-1.606951
-1.603945
-1.600940
-1.597939
-1.594944
-1.591958
-1.588983
-1.586022
-1.583077
-1.580150
-1.577243
-1.574358
-1.571499
-1.568665
-1.565860
-1.563085
-1.560342
-1.557633
-1.554958
-1.552321
-1.549723
-1.547164
-1.544646
-1.542171
-1.539741
-1.537355
-1.535016
-1.532725
-1.530482
-1.528290
-1.526148
-1.524057
-1.522020
-1.520036
-1.518106
-1.516231
-1.514413
-1.512650
-1.510945
-1.509297
-1.507708
-1.506177
-1.504706
-1.503295
-1.501943
-1.500652
-1.499421
-1.498252
-1.497144
-1.496097
-1.495112
-1.494189
-1.493328
-1.492528
-1.491791
-1.491116
-1.490503
-1.489952
-1.489463
-1.489036
-1.488670
-1.488366
-1.488124
-1.487943
-1.487823
-1.487764
-1.487766
-1.487828
-1.487949
-1.488131
-1.488372
-1.488671
-1.489030
-1.489446
-1.489921
-1.490453
-1.491041
-1.491686
-1.492387
-1.493144
-1.493955
-1.494821
-1.495741
-1.496714
-1.497740
-1.498819
-1.499949
-1.501130
-1.502361
-1.503643
-1.504973
-1.506352
-1.507779
-1.509254
-1.510775
-1.512342
-1.513955
-1.515612
-1.517313
-1.519058
-1.520845
-1.522674
-1.524544
-1.526455
-1.528405
-1.530395
-1.532423
-1.534489
-1.536592
-1.538731
-1.540905
-1.543114
-1.545358
-1.547634
-1.549944
-1.552285
-1.554657
-1.557060
-1.559493
-1.561954
-1.564444
-1.566962
-1.569506
-1.572076
-1.574672
-1.577292
-1.579937
-1.582604
-1.585295
-1.588007
-1.590740
-1.593493
-1.596267
-1.599059
-1.601870
-1.604698
-1.607543
-1.610405
-1.613282
-1.616175
-1.619081
-1.622002
-1.624935
-1.627881
-1.630838
-1.633806
-1.636785
-1.639774
-1.642771
-1.645778
-1.648792
-1.651814
-1.654842
-1.657877
-1.660917
-1.663962
-1.667011
-1.670064
-1.673121
-1.676180
-1.679241
-1.682304
-1.685368
-1.688433
-1.691497
-1.694561
-1.697624
-1.700686
-1.703745
-1.706802
-1.709855
-1.712906
-1.715952
-1.718993
-1.722030
-1.725062
-1.728087
-1.731107
-1.734119
-1.737124
-1.740122
-1.743112
-1.746094
-1.749066
-1.752030
-1.754983
-1.757927
-1.760861
-1.763783
-1.766695
-1.769595
-1.772484
-1.775360
-1.778224
-1.781074
-1.783912
-1.786736
-1.789547
-1.792343
-1.795125
-1.797892
-1.800644
-1.803381
-1.806103
-1.808808
-1.811497
-1.814170
-1.816827
-1.819466
-1.822089
-1.824694
-1.827281
-1.829850
-1.832402
-1.834935
-1.837450
-1.839946
-1.842423
-1.844881
-1.847320
-1.849739
-1.852138
-1.854518
-1.856878
-1.859217
-1.861537
-1.863835
-1.866113
-1.868371
-1.870607
-1.872822
-1.875016
-1.877189
-1.879340
-1.881469
-1.883577
-1.885663
-1.887727
-1.889769
-1.891789
-1.893786
-1.895761
-1.897714
-1.899644
-1.901552
-1.903436
-1.905298
-1.907138
-1.908954
-1.910747
-1.912517
-1.914264
-1.915988
-1.917689
-1.919366
-1.921020
-1.922651
-1.924258
-1.925842
-1.927402
-1.928939
-1.930452
-1.931942
-1.933408
-1.934850
-1.936269
-1.937664
-1.939036
-1.940383
-1.941707
-1.943007
-1.944284
-1.945537
-1.946766
-1.947971
-1.949153
-1.950310
-1.951444
-1.952555
-1.953641
-1.954704
-1.955743
-1.956759
-1.957751
-1.958719
-1.959663
-1.960584
-1.961482
-1.962356
-1.963206
-1.964033
-1.964836
-1.965616
-1.966372
-1.967105
-1.967814
-1.968501
-1.969163
-1.969803
-1.970420
-1.971013
-1.971583
-1.972130
-1.972653
-1.973154
-1.973632
-1.974087
-1.974519
-1.974928
-1.975314
-1.975677
-1.976018
-1.976336
-1.976631
-1.976904
-1.977154
-1.977382
-1.977587
-1.977770
-1.977930
-1.978068
-1.978184
-1.978278
-1.978349
-1.978399
-1.978426
-1.978432
-1.978415
-1.978376
-1.978316
-1.978234
-1.978130
-1.978004
-1.977857
-1.977688
-1.977498
-1.977286
-1.977053
-1.976798
-1.976523
-1.976225
-1.975907
-1.975568
-1.975207
-1.974825
-1.974423
-1.973999
-1.973555
-1.973089
-1.972603
-1.972096
-1.971569
-1.971021
-1.970452
-1.969863
-1.969253
-1.968623
-1.967973
-1.967302
-1.966611
-1.965900
-1.965168
-1.964417
-1.963645
-1.962854
-1.962042
-1.961211
-1.960360
-1.959489
-1.958598
-1.957688
-1.956757
-1.955808
-1.954838
-1.953850
-1.952841
-1.951814
-1.950767
-1.949700
-1.948615
-1.947510
-1.946386
-1.945243
-1.944081
-1.942899
-1.941699
-1.940480
-1.939242
-1.937985
-1.936709
-1.935414
-1.934101
-1.932769
-1.931418
-1.930049
-1.928661
-1.927255
-1.925830
-1.924387
-1.922925
-1.921445
-1.919946
-1.918430
-1.916895
-1.915342
-1.913771
-1.912181
-1.910574
-1.908948
-1.907305
-1.905643
-1.903964
-1.902267
-1.900551
-1.898818
-1.897068
-1.895299
-1.893513
-1.891709
-1.889887
-1.888048
-1.886192
-1.884317
-1.882425
-1.880516
-1.878590
-1.876645
-1.874684
-1.872705
-1.870709
-1.868696
-1.866665
-1.864617
-1.862552
-1.860470
-1.858371
-1.856254
-1.854121
-1.851970
-1.849803
-1.847619
-1.845417
-1.843199
-1.840964
-1.838712
-1.836443
-1.834158
-1.831856
-1.829537
-1.827201
-1.824849
-1.822480
-1.820094
-1.817692
-1.815273
-1.812838
-1.810387
-1.807918
-1.805434
-1.802933
-1.800416
-1.797882
-1.795332
-1.792766
-1.790183
-1.787584
-1.784969
-1.782338
-1.779691
-1.777027
-1.774347
-1.771652
-1.768940
-1.766212
-1.763469
-1.760709
-1.757933
-1.755142
-1.752334
-1.749511
-1.746672
-1.743817
-1.740946
-1.738059
-1.735157
-1.732239
-1.729306
-1.726356
-1.723392
-1.720411
-1.717415
-1.714404
-1.711376
-1.708334
-1.705276
-1.702202
-1.699113
-1.696009
-1.692890
-1.689755
-1.686604
-1.683439
-1.680258
-1.677062
-1.673851
-1.670625
-1.667383
-1.664126
-1.660855
-1.657568
-1.654266
-1.650949
-1.647618
-1.644271
-1.640909
-1.637533
-1.634141
-1.630735
-1.627314
-1.623878
-1.620428
-1.616962
-1.613482
-1.609988
-1.606478
-1.602955
-1.599416
-1.595863
-1.592295
-1.588713
-1.585117
-1.581506
-1.577880
-1.574240
-1.570586
-1.566918
-1.563235
-1.559538
-1.555827
-1.552101
-1.548362
-1.544608
-1.540840
-1.537058
-1.533262
-1.529452
-1.525627
-1.521789
-1.517937
-1.514072
-1.510192
-1.506298
-1.502391
-1.498470
-1.494535
-1.490586
-1.486624
-1.482648
-1.478658
-1.474655
-1.470638
-1.466608
-1.462564
-1.458507
-1.454436
-1.450352
-1.446255
-1.442144
-1.438020
-1.433883
-1.429732
-1.425568
-1.421391
-1.417201
-1.412998
-1.408782
-1.404553
-1.400311
-1.396056
-1.391787
-1.387507
-1.383213
-1.378906
-1.374587
-1.370255
-1.365910
-1.361552
-1.357182
-1.352799
-1.348404
-1.343996
-1.339575
-1.335143
-1.330697
-1.326240
-1.321769
-1.317287
-1.312792
-1.308286
-1.303766
-1.299235
-1.294692
-1.290136
-1.285569
-1.280989
-1.276397
-1.271794
-1.267178
-1.262551
-1.257912
-1.253261
-1.248598
-1.243924
-1.239238
-1.234540
-1.229831
-1.225110
-1.220377
-1.215633
-1.210878
-1.206111
-1.201333
-1.196543
-1.191743
-1.186931
-1.182107
-1.177273
-1.172427
-1.167571
-1.162703
-1.157824
-1.152934
-1.148034
-1.143122
-1.138200
-1.133266
-1.128322
-1.123368
-1.118402
-1.113426
-1.108440
-1.103442
-1.098435
-1.093416
-1.088388
-1.083348
-1.078299
-1.073239
-1.068169
-1.063089
-1.057998
-1.052898
-1.047787
-1.042666
-1.037535
-1.032394
-1.027243
-1.022083
-1.016912
-1.011732
-1.006541
-1.001342
-0.996132
-0.990913
-0.985684
-0.980445
-0.975197
-0.969940
-0.964673
-0.959397
-0.954111
-0.948816
-0.943512
-0.938199
-0.932876
-0.927545
-0.922204
-0.916854
-0.911495
-0.906127
-0.900751
-0.895365
-0.889971
-0.884568
-0.879156
-0.873735
-0.868306
-0.862868
-0.857421
-0.851966
-0.846503
-0.841031
-0.835551
-0.830062
-0.824565
-0.819060
-0.813547
-0.808025
-0.802495
-0.796958
-0.791412
-0.785858
-0.780296
-0.774727
-0.769149
-0.763564
-0.757971
-0.752370
-0.746761
-0.741145
-0.735521
-0.729890
-0.724251
-0.718605
-0.712952
-0.707291
-0.701622
-0.695947
-0.690264
-0.684574
-0.678876
-0.673172
-0.667461
-0.661742
-0.656017
-0.650285
-0.644546
-0.638800
-0.633047
-0.627288
-0.621521
-0.615749
-0.609969
-0.604183
-0.598391
-0.592592
-0.586786
-0.580974
-0.575156
-0.569332
-0.563501
-0.557664
-0.551821
-0.545972
-0.540117
-0.534256
-0.528388
-0.522515
-0.516636
-0.510751
-0.504861
-0.498964
-0.493062
-0.487154
-0.481241
-0.475322
-0.469397
-0.463467
-0.457532
-0.451591
-0.445645
-0.439694
-0.433737
-0.427775
-0.421808
-0.415836
-0.409858
-0.403876
-0.397889
-0.391896
-0.385899
-0.379897
-0.373890
-0.367879
-0.361863
-0.355842
-0.349816
-0.343786
-0.337751
-0.331712
-0.325668
-0.319620
-0.313568
-0.307511
-0.301450
-0.295385
-0.289316
-0.283242
-0.277165
-0.271083
-0.264997
-0.258908
-0.252814
-0.246717
-0.240616
-0.234511
-0.228402
-0.222290
-0.216174
-0.210054
-0.203931
-0.197805
-0.191675
-0.185541
-0.179404
-0.173264
-0.167121
-0.160974
-0.154824
-0.148671
-0.142515
-0.136356
-0.130194
-0.080659
-0.122365
-0.115703
-0.109094
-0.102533
-0.096013
-0.089529
-0.083077
-0.076653
-0.029714
-0.067967
-0.061166
-0.054433
-0.047758
-0.041134
-0.034556
0.010600
-0.025328
-0.018450
-0.011646
-0.004907
0.001776
0.045582
0.011395
0.018323
0.025174
0.031956
0.074790
0.041900
0.048882
0.055782
0.062609
0.104557
0.072767
0.079766
0.086683
0.128064
0.097086
0.104138
0.111102
0.151967
0.121671
0.128748
0.135736
0.176151
0.146416
0.153503
0.160502
0.200545
0.171255
0.178344
0.185346
0.225104
0.196149
0.203236
0.242911
0.214207
0.221352
0.228406
0.267923
0.239342
0.246463
0.286001
0.257518
0.264686
0.271763
0.311295
0.282739
0.289876
0.329549
0.300943
0.308125
0.315217
0.355049
0.326178
0.333330
0.373429
0.344364
0.351564
0.391969
0.362640
0.369878
0.377023
0.417816
0.387939
0.395143
0.436382
0.406103
0.413357
0.420516
0.462325
0.431308
0.438537
0.480929
0.449371
0.456658
0.463848
0.506986
0.474499
0.481767
0.525625
0.492456
0.499792
0.507026
0.551804
0.517511
0.524833
0.532055
0.577876
0.542360
0.549686
0.556910
0.603888
0.567047
0.574390
0.581629
0.629872
0.591601
0.598970
0.606232
0.655848
0.616040
0.623443
0.630734
0.637924
0.689307
0.647331
0.654702
0.661963
0.669125
0.722472
0.678179
0.685553
0.692814
0.699974
0.707040
0.762899
0.715536
0.722870
0.730092
0.737213
0.744242
0.751186
0.810253
0.758968
0.766249
0.773421
0.780492
0.787471
0.794367
0.801186
0.807934
0.814618
0.821243
0.827813
0.834334
0.840809
0.847241
0.853634
0.859990
0.866314
0.872606
0.878869
0.885105
0.891316
0.897503
0.903668
0.909813
0.915938
0.922045
0.928134
0.934207
0.940264
0.946307
0.952334
0.958348
0.964349
0.970338
0.976314
0.982278
0.988230
0.994172
1.000102
1.006022
1.011931
1.017830
1.023718
1.029597
1.035466
1.041325
1.047175
1.053015
1.058846
1.064667
1.070479
1.076281
1.082074
1.087858
1.093633
1.099399
1.105155
1.110902
1.116639
1.122368
1.128087
1.133796
1.139497
1.145188
1.150869
1.156541
1.162204
1.167857
1.173500
1.179134
1.184758
1.190372
1.195977
1.201571
1.207156
1.212731
1.218296
1.223850
1.229395
1.234929
1.240453
1.245967
1.251470
1.256963
1.262445
1.267917
1.273378
1.278828
1.284267
1.289696
1.295113
1.300520
1.305915
1.311299
1.316672
1.322034
1.327384
1.332723
1.338050
1.343365
1.348669
1.353961
1.359241
1.364509
1.369766
1.375010
1.380241
1.385461
1.390668
1.395863
1.401045
1.406214
1.411371
1.416515
1.421647
1.426765
1.431870
1.436963
1.442042
1.447107
1.452160
1.457199
1.462224
1.467236
1.472234
1.477218
1.482189
1.487145
1.492088
1.497016
1.501930
1.506830
1.511715
1.516586
1.521443
1.526284
1.531111
1.535923
1.540720
1.545502
1.550269
1.555021
1.559758
1.564479
1.569185
1.573875
1.578549
1.583208
1.587851
1.592478
1.597089
1.601684
1.606263
1.610825
1.615372
1.619901
1.624415
1.628911
1.633391
1.637854
1.642300
1.646730
1.651142
1.655537
1.659915
1.664275
1.668618
1.672944
1.677251
1.681542
1.685814
1.690069
1.694305
1.698524
1.702725
1.706907
1.711071
1.715217
1.719344
1.723452
1.727542
1.731614
1.735666
1.739700
1.743714
1.747710
1.751686
1.755644
1.759581
1.763500
1.767399
1.771278
1.775138
1.778978
1.782799
1.786599
1.790380
1.794140
1.797880
1.801601
1.805301
1.808980
1.812639
1.816278
1.819896
1.823493
1.827070
1.830625
1.834160
1.837674
1.841167
1.844639
1.848090
1.851519
1.854927
1.858314
1.861679
1.865023
1.868345
1.871645
1.874924
1.878181
1.881415
1.884628
1.887819
1.890988
1.894135
1.897260
1.900362
1.903442
1.906500
1.909535
1.912547
1.915538
1.918505
1.921450
1.924372
1.927271
1.930147
1.933000
1.935831
1.938638
1.941423
1.944184
1.946922
1.949636
1.952328
1.954996
1.957640
1.960262
1.962859
1.965433
1.967984
1.970511
1.973014
1.975494
1.977949
1.980381
1.982789
1.985173
1.987534
1.989870
1.992182
1.994470
1.996734
1.998974
2.001190
2.003381
2.005549
2.007692
2.009810
2.011905
2.013975
2.016020
2.018041
2.020038
2.022010
2.023958
2.025881
2.027779
2.029653
2.031502
2.033327
2.035127
2.036902
2.038652
2.040378
2.042079
2.043755
2.045407
2.047033
2.048635
2.050212
2.051764
2.053291
2.054793
2.056271
2.057723
2.059150
2.060553
2.061931
2.063283
2.064611
2.065913
2.067191
2.068444
2.069671
2.070874
2.072052
2.073204
2.074332
2.075434
2.076512
2.077565
2.078592
2.079595
2.080572
2.081525
2.082452
2.083355
2.084232
2.085085
2.085912
2.086714
2.087492
2.088245
2.088972
2.089675
2.090352
2.091005
2.091633
2.092236
2.092814
2.093367
2.093896
2.094399
2.094878
2.095331
2.095760
2.096165
2.096544
2.096899
2.097229
2.097534
2.097815
2.098071
2.098302
2.098509
2.098691
2.098848
2.098981
2.099089
2.099173
2.099233
2.099268
2.099278
2.099264
2.099226
2.099163
2.099076
2.098965
2.098830
2.098670
2.098486
2.098278
2.098046
2.097790
2.097510
2.097205
2.096877
2.096525
2.096148
2.095748
2.095324
2.094876
2.094405
2.093910
2.093391
2.092848
2.092281
2.091691
2.091078
2.090441
2.089780
2.089096
2.088389
2.087658
2.086904
2.086127
2.085326
2.084503
2.083656
2.082786
2.081893
2.080977
2.080038
2.079076
2.078091
2.077083
2.076052
2.074999
2.073923
2.072824
2.071703
2.070559
2.069393
2.068204
2.066993
2.065759
2.064503
2.063225
2.061924
2.060601
2.059256
2.057889
2.056500
2.055089
2.053656
2.052201
2.050725
2.049226
2.047706
2.046164
2.044600
2.043015
2.041408
2.039780
2.038130
2.036459
2.034766
2.033052
2.031317
2.029561
2.027783
2.025985
2.024165
2.022325
2.020463
2.018581
2.016678
2.014754
2.012809
2.010843
2.008857
2.006851
2.004823
2.002776
2.000708
1.998619
1.996511
1.994382
1.992232
1.990063
1.987874
1.985664
1.983435
1.981185
1.978916
1.976627
1.974318
1.971989
1.969641
1.967273
1.964885
1.962478
1.960051
1.957605
1.955140
1.952655
1.950151
1.947628
1.945086
1.942525
1.939944
1.937345
1.934726
1.932089
1.929433
1.926758
1.924065
1.921352
1.918621
1.915872
1.913104
1.910317
1.907513
1.904689
1.901848
1.898988
1.896110
1.893214
1.890299
1.887367
1.884417
1.881448
1.878462
1.875458
1.872436
1.869397
1.866339
1.863264
1.860172
1.857062
1.853934
1.850789
1.847627
1.844447
1.841251
1.838036
1.834805
1.831557
1.828291
1.825008
1.821709
1.818392
1.815059
1.811709
1.808342
1.804958
1.801558
1.798141
1.794707
1.791257
1.787790
1.784307
1.780808
1.777292
1.773760
1.770212
1.766648
1.763067
1.759471
1.755858
1.752230
1.748585
1.744925
1.741248
1.737556
1.733849
1.730125
1.726386
1.722631
1.718861
1.715075
1.711274
1.707458
1.703626
1.699778
1.695916
1.692038
1.688146
1.684238
1.680315
1.676377
1.672424
1.668456
1.664473
1.660475
1.656463
1.652436
1.648394
1.644338
1.640267
1.636181
1.632081
1.627967
1.623838
1.619694
1.615537
1.611365
1.607179
1.602979
1.598765
1.594536
1.590294
1.586038
1.581767
1.577483
1.573185
1.568873
1.564548
1.560209
1.555856
1.551489
1.547109
1.542716
1.538308
1.533888
1.529454
1.525007
1.520547
1.516073
1.511586
1.507086
1.502573
1.498047
1.493508
1.488956
1.484391
1.479813
1.475222
1.470619
1.466002
1.461374
1.456732
1.452078
1.447411
1.442732
1.438040
1.433336
1.428620
1.423891
1.419151
1.414397
1.409632
1.404855
1.400065
1.395263
1.390450
1.385624
1.380787
1.375938
1.371077
1.366204
1.361319
1.356423
1.351515
1.346596
1.341665
1.336722
1.331768
1.326803
1.321827
1.316839
1.311839
1.306829
1.301808
1.296775
1.291731
1.286677
1.281611
1.276534
1.271447
1.266348
1.261239
1.256120
1.250989
1.245848
1.240696
1.235534
1.230361
1.225178
1.219984
1.214780
1.209565
1.204341
1.199106
1.193861
1.188606
1.183340
1.178065
1.172780
1.167485
1.162179
1.156865
1.151540
1.146205
1.140861
1.135507
1.130144
1.124771
1.119388
1.113996
1.108595
1.103184
1.097764
1.092335
1.086896
1.081449
1.075992
1.070526
1.065051
1.059567
1.054074
1.048572
1.043062
1.037543
1.032015
1.026478
1.020932
1.015378
1.009816
1.004245
0.998666
0.993078
0.987482
0.981877
0.976265
0.970644
0.965015
0.959378
0.953732
0.948079
0.942418
0.936749
0.931073
0.925388
0.919696
0.913996
0.908288
0.902573
0.896850
0.891120
0.885382
0.879637
0.873885
0.868125
0.862358
0.856584
0.850803
0.845015
0.839219
0.833417
0.827608
0.821792
0.815969
0.810139
0.804303
0.798460
0.792610
0.786754
0.780891
0.775022
0.769146
0.763264
0.757376
0.751481
0.745581
0.739674
0.733761
0.727842
0.721917
0.715986
0.710049
0.704107
0.698158
0.692204
0.686244
0.680279
0.674308
0.668331
0.662350
0.656362
0.650370
0.644372
0.638368
0.632360
0.626347
0.620328
0.614304
0.608276
0.602242
0.596204
0.590161
0.584113
0.578060
0.572003
0.565941
0.559875
0.553804
0.547728
0.541649
0.535565
0.529476
0.523384
0.517287
0.511187
0.505082
0.498973
0.492860
0.486744
0.480624
0.474499
0.468372
0.462240
0.456105
0.449966
0.443824
0.437679
0.431530
0.425377
0.419222
0.413063
0.406901
0.400736
0.394568
0.388397
0.382223
0.376046
0.369867
0.363684
0.357499
0.351311
0.345121
0.338928
0.332733
0.326535
0.320335
0.314132
0.307928
0.301721
0.295512
0.289301
0.283088
0.276872
0.270655
0.264437
0.258216
0.251994
0.245769
0.239544
0.233317
0.227088
0.220857
0.214626
0.208393
0.202159
0.195923
0.189687
0.183449
0.177210
0.170970
0.164730
0.158488
0.152246
0.146002
0.139758
0.133514
0.127269
0.121023
0.114777
0.108531
0.102284
0.096036
0.089789
0.083541
0.077294
0.071046
0.064798
0.058550
0.052303
0.046055
0.039808
0.033561
0.027314
0.021068
0.014822
0.008577
0.002332
-0.003912
-0.010156
-0.016398
-0.022640
-0.028881
-0.035121
-0.041360
-0.047598
-0.053835
-0.060071
-0.066306
-0.072539
-0.078771
-0.085002
-0.091231
-0.097459
-0.103685
-0.109909
-0.116132
-0.122353
-0.128573
-0.134790
-0.141006
-0.147219
-0.153431
-0.159640
-0.165848
-0.172053
-0.178256
-0.184456
-0.190654
-0.196850
-0.203043
-0.209234
-0.215422
-0.221608
-0.227790
-0.233970
-0.240147
-0.246321
-0.252493
-0.258661
-0.264826
-0.270988
-0.277147
-0.283302
-0.289455
-0.295604
-0.301749
-0.307891
-0.314030
-0.320165
-0.326296
-0.332423
-0.338547
-0.344667
-0.350783
-0.356895
-0.363003
-0.369107
-0.375207
-0.381303
-0.387395
-0.393482
-0.399565
-0.405644
-0.411718
-0.417787
-0.423852
-0.429913
-0.435968
-0.442019
-0.448065
-0.454107
-0.460143
-0.466175
-0.472201
-0.478222
-0.484238
-0.490249
-0.496255
-0.502256
-0.508251
-0.514240
-0.520224
-0.526203
-0.532176
-0.538143
-0.544105
-0.550061
-0.556011
-0.561955
-0.567893
-0.573826
-0.579752
-0.585672
-0.591586
-0.597494
-0.603395
-0.609290
-0.615179
-0.621061
-0.626937
-0.632807
-0.638669
-0.644525
-0.650375
-0.656217
-0.662053
-0.667882
-0.673704
-0.679519
-0.685327
-0.691128
-0.696922
-0.702708
-0.708487
-0.714259
-0.720024
-0.725781
-0.731530
-0.737273
-0.743007
-0.748734
-0.754453
-0.760165
-0.765868
-0.771564
-0.777252
-0.782932
-0.788604
-0.794268
-0.799923
-0.805571
-0.811210
-0.816841
-0.822464
-0.828078
-0.833684
-0.839281
-0.844870
-0.850450
-0.856022
-0.861585
-0.867139
-0.872684
-0.878220
-0.883748
-0.889266
-0.894776
-0.900276
-0.905768
-0.911250
-0.916723
-0.922186
-0.927641
-0.933086
-0.938521
-0.943947
-0.949364
-0.954771
-0.960168
-0.965556
-0.970933
-0.976302
-0.981660
-0.987008
-0.992347
-0.997675
-1.002993
-1.008302
-1.013600
-1.018888
-1.024166
-1.029433
-1.034690
-1.039937
-1.045173
-1.050399
-1.055615
-1.060819
-1.066014
-1.071197
-1.076370
-1.081532
-1.086683
-1.091823
-1.096952
-1.102071
-1.107178
-1.112275
-1.117360
-1.122434
-1.127497
-1.132548
-1.137589
-1.142618
-1.147635
-1.152641
-1.157636
-1.162619
-1.167591
-1.172551
-1.177499
-1.182436
-1.187360
-1.192273
-1.197174
-1.202064
-1.206941
-1.211806
-1.216660
-1.221501
-1.226330
-1.231147
-1.235952
-1.240744
-1.245524
-1.250292
-1.255048
-1.259791
-1.264521
-1.269239
-1.273945
-1.278638
-1.283318
-1.287985
-1.292640
-1.297282
-1.301911
-1.306528
-1.311131
-1.315721
-1.320299
-1.324863
-1.329415
-1.333953
-1.338478
-1.342990
-1.347489
-1.351974
-1.356446
-1.360905
-1.365350
-1.369782
-1.374200
-1.378605
-1.382996
-1.387374
-1.391738
-1.396089
-1.400425
-1.404748
-1.409057
-1.413352
-1.417634
-1.421901
-1.426154
-1.430394
-1.434619
-1.438831
-1.443028
-1.447211
-1.451380
-1.455534
-1.459675
-1.463801
-1.467913
-1.472010
-1.476093
-1.480161
-1.484216
-1.488255
-1.492280
-1.496290
-1.500286
-1.504267
-1.508233
-1.512185
-1.516122
-1.520044
-1.523951
-1.527843
-1.531721
-1.535583
-1.539430
-1.543263
-1.547080
-1.550882
-1.554670
-1.558442
-1.562198
-1.565940
-1.569666
-1.573377
-1.577073
-1.580753
-1.584418
-1.588068
-1.591702
-1.595320
-1.598923
-1.602511
-1.606083
-1.609639
-1.613180
-1.616705
-1.620214
-1.623708
-1.627186
-1.630648
-1.634094
-1.637524
-1.640939
-1.644337
-1.647720
-1.651086
-1.654437
-1.657771
-1.661090
-1.664392
-1.667678
-1.670948
-1.674202
-1.677440
-1.680661
-1.683866
-1.687055
-1.690228
-1.693384
-1.696524
-1.699647
-1.702754
-1.705845
-1.708919
-1.711976
-1.715017
-1.718042
-1.721049
-1.724041
-1.727015
-1.729973
-1.732914
-1.735839
-1.738746
-1.741637
-1.744512
-1.747369
-1.750209
-1.753033
-1.755840
-1.758630
-1.761402
-1.764158
-1.766897
-1.769619
-1.772324
-1.775012
-1.777683
-1.780336
-1.782973
-1.785592
-1.788194
-1.790779
-1.793347
-1.795898
-1.798431
-1.800947
-1.803446
-1.805927
-1.808391
-1.810838
-1.813267
-1.815679
-1.818074
-1.820451
-1.822810
-1.825153
-1.827477
-1.829784
-1.832074
-1.834346
-1.836600
-1.838837
-1.841056
-1.843258
-1.845442
-1.847608
-1.849757
-1.851888
-1.854001
-1.856096
-1.858174
-1.860234
-1.862276
-1.864301
-1.866307
-1.868296
-1.870267
-1.872220
-1.874155
-1.876072
-1.877971
-1.879853
-1.881716
-1.883561
-1.885389
-1.887198
-1.888990
-1.890763
-1.892519
-1.894256
-1.895976
-1.897677
-1.899360
-1.901025
-1.902672
-1.904301
-1.905912
-1.907504
-1.909079
-1.910635
-1.912173
-1.913693
-1.915195
-1.916678
-1.918143
-1.919590
-1.921019
-1.922430
-1.923822
-1.925196
-1.926551
-1.927889
-1.929208
-1.930508
-1.931791
-1.933055
-1.934300
-1.935528
-1.936737
-1.937927
-1.939099
-1.940253
-1.941389
-1.942506
-1.943604
-1.944684
-1.945746
-1.946789
-1.947814
-1.948820
-1.949808
-1.950778
-1.951729
-1.952661
-1.953575
-1.954471
-1.955348
-1.956206
-1.957046
-1.957868
-1.958671
-1.959455
-1.960221
-1.960969
-1.961697
-1.962408
-1.963100
-1.963773
-1.964427
-1.965064
-1.965681
-1.966280
-1.966861
-1.967422
-1.967966
-1.968491
-1.968997
-1.969484
-1.969953
-1.970404
-1.970835
-1.971249
-1.971643
-1.972019
-1.972377
-1.972716
-1.973036
-1.973338
-1.973621
-1.973886
-1.974132
-1.974359
-1.974568
-1.974758
-1.974929
-1.975082
-1.975217
-1.975333
-1.975430
-1.975509
-1.975569
-1.975610
-1.975633
-1.975637
-1.975623
-1.975590
-1.975539
-1.975469
-1.975381
-1.975274
-1.975148
-1.975004
-1.974841
-1.974660
-1.974460
-1.974242
-1.974005
-1.973750
-1.973476
-1.973183
-1.972872
-1.972543
-1.972195
-1.971828
-1.971444
-1.971040
-1.970618
-1.970178
-1.969719
-1.969242
-1.968746
-1.968232
-1.967699
-1.967148
-1.966579
-1.965991
-1.965384
-1.964760
-1.964116
-1.963455
-1.962775
-1.962077
-1.961360
-1.960625
-1.959872
-1.959100
-1.958310
-1.957502
-1.956675
-1.955830
-1.954967
-1.954086
-1.953186
-1.952268
-1.951332
-1.950377
-1.949405
-1.948414
-1.947404
-1.946377
-1.945332
-1.944268
-1.943186
-1.942086
-1.940968
-1.939832
-1.938678
-1.937505
-1.936315
-1.935106
-1.933879
-1.932635
-1.931372
-1.930091
-1.928792
-1.927476
-1.926141
-1.924788
-1.923418
-1.922029
-1.920623
-1.919198
-1.917756
-1.916296
-1.914818
-1.913322
-1.911808
-1.910277
-1.908727
-1.907160
-1.905575
-1.903973
-1.902352
-1.900714
-1.899058
-1.897385
-1.895694
-1.893985
-1.892259
-1.890515
-1.888753
-1.886974
-1.885177
-1.883363
-1.881531
-1.879682
-1.877815
-1.875931
-1.874029
-1.872110
-1.870173
-1.868219
-1.866248
-1.864259
-1.862253
-1.860229
-1.858189
-1.856131
-1.854056
-1.851963
-1.849854
-1.847727
-1.845583
-1.843421
-1.841243
-1.839048
-1.836835
-1.834606
-1.832359
-1.830095
-1.827815
-1.825517
-1.823202
-1.820871
-1.818522
-1.816157
-1.813775
-1.811376
-1.808960
-1.806527
-1.804077
-1.801611
-1.799128
-1.796629
-1.794112
-1.791579
-1.789030
-1.786463
-1.783881
-1.781281
-1.778665
-1.776033
-1.773384
-1.770718
-1.768037
-1.765338
-1.762624
-1.759893
-1.757145
-1.754382
-1.751602
-1.748806
-1.745993
-1.743165
-1.740320
-1.737459
-1.734582
-1.731689
-1.728779
-1.725854
-1.722913
-1.719956
-1.716982
-1.713993
-1.710988
-1.707967
-1.704930
-1.701878
-1.698809
-1.695725
-1.692625
-1.689510
-1.686378
-1.683232
-1.680069
-1.676891
-1.673697
-1.670488
-1.667263
-1.664023
-1.660767
-1.657496
-1.654210
-1.650908
-1.647591
-1.644258
-1.640911
-1.637548
-1.634170
-1.630777
-1.627368
-1.623945
-1.620506
-1.617052
-1.613584
-1.610100
-1.606602
-1.603088
-1.599560
-1.596017
-1.592459
-1.588886
-1.585298
-1.581696
-1.578079
-1.574447
-1.570801
-1.567140
-1.563465
-1.559775
-1.556070
-1.552351
-1.548618
-1.544870
-1.541108
-1.537332
-1.533541
-1.529736
-1.525917
-1.522084
-1.518236
-1.514374
-1.510499
-1.506609
-1.502705
-1.498787
-1.494856
-1.490910
-1.486951
-1.482977
-1.478990
-1.474989
-1.470975
-1.466946
-1.462904
-1.458849
-1.454780
-1.450697
-1.446601
-1.442491
-1.438368
-1.434231
-1.430081
-1.425918
-1.421741
-1.417551
-1.413348
-1.409132
-1.404903
-1.400660
-1.396405
-1.392136
-1.387854
-1.383560
-1.379252
-1.374932
-1.370599
-1.366253
-1.361894
-1.357522
-1.353138
-1.348741
-1.344331
-1.339909
-1.335475
-1.331027
-1.326568
-1.322096
-1.317611
-1.313115
-1.308605
-1.304084
-1.299550
-1.295005
-1.290447
-1.285877
-1.281295
-1.276700
-1.272094
-1.267476
-1.262846
-1.258204
-1.253550
-1.248885
-1.244208
-1.239519
-1.234818
-1.230106
-1.225382
-1.220646
-1.215899
-1.211141
-1.206371
-1.201590
-1.196797
-1.191993
-1.187178
-1.182352
-1.177514
-1.172665
-1.167806
-1.162935
-1.158053
-1.153160
-1.148256
-1.143341
-1.138416
-1.133479
-1.128532
-1.123574
-1.118606
-1.113626
-1.108637
-1.103636
-1.098625
-1.093604
-1.088572
-1.083530
-1.078477
-1.073414
-1.068341
-1.063258
-1.058164
-1.053061
-1.047947
-1.042823
-1.037689
-1.032545
-1.027392
-1.022228
-1.017055
-1.011871
-1.006678
-1.001476
-0.996263
-0.991041
-0.985810
-0.980568
-0.975318
-0.970058
-0.964788
-0.959509
-0.954221
-0.948924
-0.943617
-0.938301
-0.932976
-0.927642
-0.922299
-0.916946
-0.911585
-0.906215
-0.900836
-0.895448
-0.890051
-0.884646
-0.879232
-0.873809
-0.868378
-0.862938
-0.857489
-0.852032
-0.846567
-0.841093
-0.835611
-0.830120
-0.824621
-0.819114
-0.813599
-0.808075
-0.802544
-0.797004
-0.791457
-0.785901
-0.780338
-0.774767
-0.769187
-0.763601
-0.758006
-0.752404
-0.746794
-0.741176
-0.735551
-0.729918
-0.724278
-0.718630
-0.712975
-0.707313
-0.701643
-0.695966
-0.690282
-0.684591
-0.678893
-0.673187
-0.667475
-0.661755
-0.656029
-0.650296
-0.644555
-0.638809
-0.633055
-0.627294
-0.621527
-0.615754
-0.609973
-0.604186
-0.598393
-0.592593
-0.586787
-0.580974
-0.575156
-0.569330
-0.563499
-0.557661
-0.551818
-0.545968
-0.540112
-0.534250
-0.528383
-0.522509
-0.516629
-0.510744
-0.504853
-0.498956
-0.493053
-0.487145
-0.481231
-0.475312
-0.469387
-0.463457
-0.457521
-0.451580
-0.445633
-0.439681
-0.433724
-0.427762
-0.421795
-0.415822
-0.409845
-0.403862
-0.397875
-0.391882
-0.385885
-0.379883
-0.373876
-0.367864
-0.361848
-0.355827
-0.349801
-0.343771
-0.337736
-0.331697
-0.325653
-0.319605
-0.313552
-0.307496
-0.301435
-0.295370
-0.289300
-0.283227
-0.277149
-0.271068
-0.264982
-0.258892
-0.252799
-0.246702
-0.240601
-0.234496
-0.228387
-0.222275
-0.216159
-0.210040
-0.203917
-0.197790
-0.191660
-0.185527
-0.179390
-0.173250
-0.167107
-0.160960
-0.154811
-0.148658
-0.142502
-0.136343
-0.130181
-0.080646
-0.122353
-0.115691
-0.109082
-0.102521
-0.096001
-0.089518
-0.083066
-0.076642
-0.029703
-0.067956
-0.061156
-0.054422
-0.047748
-0.041125
-0.034547
0.010610
-0.025319
-0.018441
-0.011638
-0.004898
0.001784
0.045590
0.011402
0.018330
0.025181
0.031963
0.074797
0.041907
0.048888
0.055788
0.062615
0.104563
0.072772
0.079771
0.086687
0.128068
0.097091
0.104142
0.111106
0.151970
0.121674
0.128751
0.135739
0.176154
0.146418
0.153505
0.160504
0.200547
0.171257
0.178346
0.185347
0.225105
0.196149
0.203236
0.242911
0.214207
0.221352
0.228406
0.267922
0.239342
0.246462
0.286000
0.257517
0.264684
0.271761
0.311293
0.282736
0.289873
0.329546
0.300940
0.308122
0.315214
0.355046
0.326174
0.333327
0.373425
0.344360
0.351560
0.391964
0.362636
0.369874
0.377018
0.417811
0.387933
0.395137
0.436376
0.406098
0.413351
0.420510
0.462318
0.431302
0.438530
0.480922
0.449364
0.456651
0.463841
0.506979
0.474491
0.481760
0.525617
0.492449
0.499784
0.507018
0.551796
0.517503
0.524825
0.532046
0.577866
0.542351
0.549677
0.556901
0.603878
0.567038
0.574380
0.581619
0.629862
0.591592
0.598961
0.606222
0.655838
0.616030
0.623433
0.630724
0.637914
0.689297
0.647321
0.654692
0.661953
0.669114
0.722461
0.678169
0.685542
0.692804
0.699963
0.707029
0.762888
0.715526
0.722859
0.730081
0.737202
0.744230
0.751174
0.810241
0.758957
0.766238
0.773410
0.780481
0.787460
0.794355
0.801174
0.807922
0.814606
0.821231
0.827802
0.834322
0.840797
0.847229
0.853622
0.859979
0.866302
0.872594
0.878857
0.885093
0.891304
0.897491
0.903656
0.909801
0.915926
0.922033
0.928122
0.934195
0.940252
0.946295
0.952322
0.958336
0.964337
0.970326
0.976302
0.982266
0.988218
0.994160
1.000090
1.006010
1.011919
1.017818
1.023706
1.029585
1.035454
1.041314
1.047163
1.053003
1.058834
1.064655
1.070467
1.076269
1.082063
1.087847
1.093621
1.099387
1.105143
1.110890
1.116628
1.122356
1.128075
1.133785
1.139485
1.145176
1.150858
1.156530
1.162192
1.167845
1.173489
1.179123
1.184747
1.190361
1.195965
1.201560
1.207145
1.212720
1.218285
1.223839
1.229384
1.234918
1.240442
1.245956
1.251459
1.256952
1.262434
1.267906
1.273367
1.278817
1.284257
1.289685
1.295103
1.300509
1.305905
1.311289
1.316662
1.322024
1.327374
1.332712
1.338040
1.343355
1.348659
1.353951
1.359231
1.364499
1.369755
1.374999
1.380231
1.385451
1.390658
1.395853
1.401035
1.406205
1.411362
1.416506
1.421637
1.426755
1.431861
1.436953
1.442032
1.447098
1.452150
1.457189
1.462215
1.467227
1.472225
1.477209
1.482180
1.487136
1.492079
1.497007
1.501921
1.506821
1.511706
1.516577
1.521434
1.526275
1.531102
1.535914
1.540712
1.545494
1.550261
1.555013
1.559749
1.564470
1.569176
1.573866
1.578541
1.583200
1.587843
1.592470
1.597081
1.601676
1.606255
1.610817
1.615364
1.619893
1.624407
1.628903
1.633383
1.637846
1.642293
1.646722
1.651134
1.655529
1.659907
1.664267
1.668610
1.672936
1.677244
1.681534
1.685807
1.690061
1.694298
1.698517
1.702717
1.706900
1.711064
1.715209
1.719337
1.723445
1.727535
1.731607
1.735659
1.739693
1.743708
1.747703
1.751680
1.755637
1.759575
1.763493
1.767392
1.771272
1.775132
1.778972
1.782792
1.786593
1.790373
1.794134
1.797874
1.801594
1.805294
1.808974
1.812633
1.816272
1.819890
1.823487
1.827064
1.830620
1.834154
1.837668
1.841161
1.844633
1.848084
1.851513
1.854921
1.858308
1.861673
1.865017
1.868339
1.871640
1.874918
1.878175
1.881410
1.884623
1.887814
1.890983
1.894130
1.897255
1.900357
1.903437
1.906495
1.909530
1.912543
1.915533
1.918500
1.921445
1.924367
1.927266
1.930142
1.932996
1.935826
1.938634
1.941418
1.944179
1.946917
1.949632
1.952323
1.954991
1.957636
1.960257
1.962855
1.965429
1.967980
1.970507
1.973010
1.975490
1.977945
1.980377
1.982785
1.985170
1.987530
1.989866
1.992178
1.994466
1.996731
1.998970
2.001186
2.003378
2.005545
2.007688
2.009807
2.011901
2.013971
2.016017
2.018038
2.020035
2.022007
2.023954
2.025878
2.027776
2.029650
2.031499
2.033324
2.035124
2.036899
2.038650
2.040375
2.042076
2.043753
2.045404
2.047031
2.048632
2.050209
2.051761
2.053289
2.054791
2.056268
2.057721
2.059148
2.060551
2.061928
2.063281
2.064609
2.065911
2.067189
2.068442
2.069669
2.070872
2.072050
2.073202
2.074330
2.075433
2.076510
2.077563
2.078591
2.079593
2.080571
2.081523
2.082451
2.083353
2.084231
2.085083
2.085911
2.086713
2.087491
2.088243
2.088971
2.089674
2.090351
2.091004
2.091632
2.092235
2.092813
2.093366
2.093895
2.094398
2.094877
2.095331
2.095760
2.096164
2.096544
2.096898
2.097228
2.097534
2.097814
2.098070
2.098302
2.098508
2.098690
2.098848
2.098981
2.099089
2.099173
2.099233
2.099268
2.099278
2.099264
2.099226
2.099164
2.099077
2.098966
2.098830
2.098671
2.098487
2.098279
2.098047
2.097790
2.097510
2.097206
2.096878
2.096525
2.096149
2.095749
2.095325
2.094877
2.094406
2.093910
2.093391
2.092849
2.092282
2.091692
2.091079
2.090442
2.089782
2.089098
2.088390
2.087660
2.086906
2.086128
2.085328
2.084504
2.083657
2.082787
2.081894
2.080978
2.080039
2.079077
2.078092
2.077085
2.076054
2.075001
2.073925
2.072826
2.071705
2.070561
2.069395
2.068206
2.066995
2.065761
2.064505
2.063227
2.061926
2.060603
2.059259
2.057892
2.056503
2.055092
2.053659
2.052204
2.050727
2.049229
2.047708
2.046166
2.044603
2.043017
2.041411
2.039782
2.038133
2.036461
2.034769
2.033055
2.031320
2.029564
2.027786
2.025988
2.024168
2.022328
2.020466
2.018584
2.016681
2.014757
2.012812
2.010847
2.008861
2.006854
2.004827
2.002779
2.000711
1.998623
1.996514
1.994385
1.992236
1.990067
1.987877
1.985668
1.983438
1.981189
1.978920
1.976631
1.974322
1.971993
1.969645
1.967277
1.964889
1.962482
1.960055
1.957610
1.955144
1.952660
1.950156
1.947633
1.945090
1.942529
1.939949
1.937349
1.934731
1.932094
1.929438
1.926763
1.924069
1.921357
1.918626
1.915877
1.913109
1.910322
1.907517
1.904694
1.901853
1.898993
1.896115
1.893219
1.890304
1.887372
1.884422
1.881453
1.878467
1.875463
1.872441
1.869402
1.866345
1.863270
1.860177
1.857067
1.853940
1.850795
1.847632
1.844453
1.841256
1.838042
1.834810
1.831562
1.828296
1.825014
1.821714
1.818398
1.815065
1.811714
1.808347
1.804964
1.801563
1.798146
1.794713
1.791263
1.787796
1.784313
1.780814
1.777298
1.773766
1.770218
1.766654
1.763073
1.759477
1.755864
1.752236
1.748591
1.744931
1.741255
1.737563
1.733855
1.730131
1.726392
1.722638
1.718867
1.715082
1.711281
1.707464
1.703632
1.699785
1.695923
1.692045
1.688152
1.684244
1.680321
1.676383
1.672430
1.668462
1.664480
1.660482
1.656470
1.652443
1.648401
1.644344
1.640273
1.636188
1.632088
1.627973
1.623845
1.619701
1.615544
1.611372
1.607186
1.602986
1.598772
1.594543
1.590301
1.586045
1.581774
1.577490
1.573192
1.568881
1.564555
1.560216
1.555863
1.551497
1.547116
1.542723
1.538316
1.533896
1.529462
1.525015
1.520554
1.516081
1.511594
1.507094
1.502581
1.498055
1.493515
1.488963
1.484398
1.479821
1.475230
1.470626
1.466010
1.461381
1.456740
1.452086
1.447419
1.442740
1.438048
1.433344
1.428628
1.423899
1.419159
1.414405
1.409640
1.404863
1.400073
1.395272
1.390458
1.385632
1.380795
1.375946
1.371085
1.366212
1.361327
1.356431
1.351523
1.346604
1.341673
1.336731
1.331777
1.326812
1.321835
1.316847
1.311848
1.306838
1.301816
1.296783
1.291740
1.286685
1.281619
1.276543
1.271455
1.266357
1.261248
1.256128
1.250998
1.245856
1.240705
1.235542
1.230370
1.225186
1.219993
1.214789
1.209574
1.204350
1.199115
1.193870
1.188614
1.183349
1.178074
1.172789
1.167494
1.162188
1.156874
1.151549
1.146214
1.140870
1.135516
1.130153
1.124780
1.119397
1.114005
1.108604
1.103193
1.097773
1.092344
1.086905
1.081458
1.076001
1.070535
1.065060
1.059576
1.054083
1.048582
1.043071
1.037552
1.032024
1.026487
1.020942
1.015388
1.009825
1.004254
0.998675
0.993087
0.987491
0.981887
0.976274
0.970653
0.965024
0.959387
0.953742
0.948089
0.942428
0.936759
0.931082
0.925398
0.919705
0.914005
0.908298
0.902583
0.896860
0.891130
0.885392
0.879647
0.873894
0.868135
0.862368
0.856594
0.850813
0.845024
0.839229
0.833427
0.827618
0.821801
0.815979
0.810149
0.804312
0.798469
0.792620
0.786764
0.780901
0.775032
0.769156
0.763274
0.757386
0.751491
0.745591
0.739684
0.733771
0.727852
0.721927
0.715996
0.710059
0.704117
0.698168
0.692214
0.686254
0.680289
0.674318
0.668342
0.662360
0.656372
0.650380
0.644382
0.638379
0.632370
0.626357
0.620338
0.614314
0.608286
0.602252
0.596214
0.590171
0.584123
0.578070
0.572013
0.565951
0.559885
0.553814
0.547739
0.541659
0.535575
0.529487
0.523394
0.517298
0.511197
0.505092
0.498983
0.492871
0.486754
0.480634
0.474510
0.468382
0.462250
0.456115
0.449977
0.443835
0.437689
0.431540
0.425388
0.419232
0.413073
0.406912
0.400747
0.394579
0.388408
0.382234
0.376057
0.369877
0.363695
0.357510
0.351322
0.345132
0.338939
0.332743
0.326546
0.320345
0.314143
0.307938
0.301731
0.295522
0.289311
0.283098
0.276883
0.270666
0.264447
0.258226
0.252004
0.245780
0.239554
0.233327
0.227098
0.220868
0.214636
0.208403
0.202169
0.195934
0.189697
0.183459
0.177221
0.170981
0.164740
0.158498
0.152256
0.146013
0.139769
0.133524
0.127279
0.121034
0.114788
0.108541
0.102294
0.096047
0.089800
0.083552
0.077304
0.071056
0.064809
0.058561
0.052313
0.046066
0.039818
0.033571
0.027325
0.021078
0.014833
0.008587
0.002342
-0.003902
-0.010145
-0.016388
-0.022630
-0.028871
-0.035111
-0.041350
-0.047588
-0.053825
-0.060061
-0.066295
-0.072529
-0.078761
-0.084991
-0.091221
-0.097448
-0.103674
-0.109899
-0.116122
-0.122343
-0.128562
-0.134780
-0.140995
-0.147209
-0.153420
-0.159630
-0.165837
-0.172042
-0.178245
-0.184446
-0.190644
-0.196840
-0.203033
-0.209224
-0.215412
-0.221597
-0.227780
-0.233960
-0.240137
-0.246311
-0.252482
-0.258650
-0.264816
-0.270978
-0.277136
-0.283292
-0.289444
-0.295593
-0.301739
-0.307881
-0.314019
-0.320154
-0.326285
-0.332413
-0.338537
-0.344657
-0.350773
-0.356885
-0.362993
-0.369097
-0.375197
-0.381293
-0.387385
-0.393472
-0.399555
-0.405633
-0.411707
-0.417777
-0.423842
-0.429902
-0.435958
-0.442009
-0.448055
-0.454097
-0.460133
-0.466164
-0.472191
-0.478212
-0.484228
-0.490239
-0.496245
-0.502245
-0.508240
-0.514230
-0.520214
-0.526193
-0.532166
-0.538133
-0.544095
-0.550051
-0.556001
-0.561945
-0.567883
-0.573816
-0.579742
-0.585662
-0.591576
-0.597484
-0.603385
-0.609280
-0.615169
-0.621052
-0.626927
-0.632797
-0.638660
-0.644516
-0.650365
-0.656208
-0.662043
-0.667872
-0.673694
-0.679509
-0.685317
-0.691118
-0.696912
-0.702698
-0.708477
-0.714249
-0.720014
-0.725771
-0.731521
-0.737263
-0.742997
-0.748724
-0.754444
-0.760155
-0.765859
-0.771554
-0.777242
-0.782922
-0.788594
-0.794258
-0.799914
-0.805561
-0.811201
-0.816832
-0.822454
-0.828069
-0.833674
-0.839272
-0.844861
-0.850441
-0.856012
-0.861575
-0.867129
-0.872675
-0.878211
-0.883739
-0.889257
-0.894767
-0.900267
-0.905758
-0.911241
-0.916714
-0.922177
-0.927632
-0.933077
-0.938512
-0.943938
-0.949355
-0.954762
-0.960159
-0.965547
-0.970924
-0.976292
-0.981651
-0.986999
-0.992338
-0.997666
-1.002984
-1.008293
-1.013591
-1.018879
-1.024157
-1.029424
-1.034682
-1.039928
-1.045165
-1.050391
-1.055606
-1.060811
-1.066005
-1.071188
-1.076361
-1.081523
-1.086674
-1.091814
-1.096944
-1.102062
-1.107170
-1.112266
-1.117351
-1.122425
-1.127488
-1.132540
-1.137580
-1.142609
-1.147627
-1.152633
-1.157628
-1.162611
-1.167582
-1.172542
-1.177491
-1.182427
-1.187352
-1.192265
-1.197166
-1.202055
-1.206933
-1.211798
-1.216652
-1.221493
-1.226322
-1.231139
-1.235944
-1.240736
-1.245516
-1.250284
-1.255040
-1.259783
-1.264513
-1.269231
-1.273937
-1.278630
-1.283310
-1.287977
-1.292632
-1.297274
-1.301903
-1.306520
-1.311123
-1.315714
-1.320291
-1.324856
-1.329407
-1.333945
-1.338470
-1.342982
-1.347481
-1.351967
-1.356439
-1.360897
-1.365343
-1.369775
-1.374193
-1.378598
-1.382989
-1.387367
-1.391731
-1.396081
-1.400418
-1.404741
-1.409050
-1.413345
-1.417626
-1.421894
-1.426147
-1.430387
-1.434612
-1.438824
-1.443021
-1.447204
-1.451373
-1.455527
-1.459668
-1.463794
-1.467906
-1.472003
-1.476086
-1.480155
-1.484209
-1.488248
-1.492273
-1.496284
-1.500279
-1.504260
-1.508227
-1.512178
-1.516115
-1.520037
-1.523944
-1.527837
-1.531714
-1.535576
-1.539424
-1.543256
-1.547074
-1.550876
-1.554663
-1.558435
-1.562192
-1.565934
-1.569660
-1.573371
-1.577067
-1.580747
-1.584412
-1.588062
-1.591696
-1.595314
-1.598917
-1.602505
-1.606077
-1.609633
-1.613174
-1.616699
-1.620208
-1.623702
-1.627180
-1.630642
-1.634088
-1.637518
-1.640933
-1.644331
-1.647714
-1.651080
-1.654431
-1.657766
-1.661084
-1.664386
-1.667673
-1.670943
-1.674197
-1.677434
-1.680656
-1.683861
-1.687050
-1.690222
-1.693379
-1.696519
-1.699642
-1.702749
-1.705839
-1.708914
-1.711971
-1.715012
-1.718037
-1.721044
-1.724036
-1.727010
-1.729968
-1.732909
-1.735834
-1.738742
-1.741633
-1.744507
-1.747364
-1.750205
-1.753028
-1.755835
-1.758625
-1.761398
-1.764154
-1.766893
-1.769615
-1.772319
-1.775007
-1.777678
-1.780332
-1.782968
-1.785588
-1.788190
-1.790775
-1.793343
-1.795893
-1.798427
-1.800943
-1.803442
-1.805923
-1.808387
-1.810834
-1.813263
-1.815675
-1.818070
-1.820447
-1.822806
-1.825149
-1.827473
-1.829780
-1.832070
-1.834342
-1.836597
-1.838833
-1.841053
-1.843254
-1.845438
-1.847605
-1.849753
-1.851884
-1.853997
-1.856093
-1.858171
-1.860231
-1.862273
-1.864297
-1.866304
-1.868292
-1.870263
-1.872216
-1.874151
-1.876069
-1.877968
-1.879849
-1.881713
-1.883558
-1.885386
-1.887195
-1.888987
-1.890760
-1.892516
-1.894253
-1.895973
-1.897674
-1.899357
-1.901022
-1.902669
-1.904298
-1.905909
-1.907502
-1.909076
-1.910632
-1.912171
-1.913690
-1.915192
-1.916676
-1.918141
-1.919588
-1.921017
-1.922427
-1.923819
-1.925193
-1.926549
-1.927886
-1.929205
-1.930506
-1.931789
-1.933053
-1.934298
-1.935526
-1.936735
-1.937925
-1.939097
-1.940251
-1.941387
-1.942504
-1.943602
-1.944682
-1.945744
-1.946787
-1.947812
-1.948819
-1.949807
-1.950776
-1.951727
-1.952660
-1.953574
-1.954469
-1.955346
-1.956205
-1.957045
-1.957866
-1.958669
-1.959454
-1.960220
-1.960967
-1.961696
-1.962407
-1.963098
-1.963772
-1.964426
-1.965063
-1.965680
-1.966279
-1.966860
-1.967422
-1.967965
-1.968490
-1.968996
-1.969483
-1.969952
-1.970403
-1.970835
-1.971248
-1.971643
-1.972019
-1.972376
-1.972715
-1.973036
-1.973337
-1.973621
-1.973885
-1.974131
-1.974359
-1.974567
-1.974758
-1.974929
-1.975082
-1.975217
-1.975332
-1.975430
-1.975508
-1.975569
-1.975610
-1.975633
-1.975637
-1.975623
-1.975590
-1.975539
-1.975469
-1.975381
-1.975274
-1.975148
-1.975004
-1.974841
-1.974660
-1.974460
-1.974242
-1.974005
-1.973750
-1.973476
-1.973184
-1.972873
-1.972543
-1.972196
-1.971829
-1.971444
-1.971041
-1.970619
-1.970179
-1.969720
-1.969243
-1.968747
-1.968233
-1.967700
-1.967149
-1.966580
-1.965992
-1.965385
-1.964761
-1.964118
-1.963456
-1.962776
-1.962078
-1.961361
-1.960626
-1.959873
-1.959102
-1.958312
-1.957503
-1.956677
-1.955832
-1.954969
-1.954087
-1.953188
-1.952270
-1.951333
-1.950379
-1.949406
-1.948415
-1.947406
-1.946379
-1.945333
-1.944270
-1.943188
-1.942088
-1.940970
-1.939834
-1.938679
-1.937507
-1.936317
-1.935108
-1.933881
-1.932637
-1.931374
-1.930093
-1.928795
-1.927478
-1.926143
-1.924791
-1.923420
-1.922031
-1.920625
-1.919201
-1.917758
-1.916298
-1.914820
-1.913324
-1.911811
-1.910279
-1.908730
-1.907163
-1.905578
-1.903975
-1.902355
-1.900717
-1.899061
-1.897388
-1.895697
-1.893988
-1.892262
-1.890518
-1.888756
-1.886977
-1.885180
-1.883366
-1.881534
-1.879685
-1.877818
-1.875934
-1.874032
-1.872113
-1.870176
-1.868222
-1.866251
-1.864262
-1.862256
-1.860233
-1.858192
-1.856134
-1.854059
-1.851967
-1.849857
-1.847730
-1.845586
-1.843425
-1.841247
-1.839051
-1.836839
-1.834609
-1.832363
-1.830099
-1.827818
-1.825521
-1.823206
-1.820875
-1.818526
-1.816161
-1.813779
-1.811380
-1.808964
-1.806531
-1.804082
-1.801615
-1.799132
-1.796633
-1.794117
-1.791584
-1.789034
-1.786468
-1.783885
-1.781286
-1.778670
-1.776037
-1.773388
-1.770723
-1.768041
-1.765343
-1.762628
-1.759897
-1.757150
-1.754386
-1.751607
-1.748810
-1.745998
-1.743169
-1.740325
-1.737464
-1.734587
-1.731694
-1.728784
-1.725859
-1.722918
-1.719961
-1.716987
-1.713998
-1.710993
-1.707972
-1.704936
-1.701883
-1.698815
-1.695730
-1.692631
-1.689515
-1.686384
-1.683237
-1.680074
-1.676896
-1.673703
-1.670493
-1.667269
-1.664028
-1.660773
-1.657502
-1.654215
-1.650914
-1.647597
-1.644264
-1.640916
-1.637554
-1.634176
-1.630782
-1.627374
-1.623950
-1.620512
-1.617058
-1.613590
-1.610106
-1.606608
-1.603094
-1.599566
-1.596023
-1.592465
-1.588892
-1.585304
-1.581702
-1.578085
-1.574453
-1.570807
-1.567146
-1.563471
-1.559781
-1.556076
-1.552358
-1.548624
-1.544877
-1.541115
-1.537338
-1.533548
-1.529743
-1.525923
-1.522090
-1.518243
-1.514381
-1.510505
-1.506616
-1.502712
-1.498794
-1.494862
-1.490917
-1.486957
-1.482984
-1.478997
-1.474996
-1.470982
-1.466953
-1.462911
-1.458856
-1.454787
-1.450704
-1.446608
-1.442498
-1.438375
-1.434238
-1.430088
-1.425925
-1.421748
-1.417559
-1.413356
-1.409139
-1.404910
-1.400667
-1.396412
-1.392143
-1.387862
-1.383567
-1.379260
-1.374939
-1.370606
-1.366260
-1.361901
-1.357530
-1.353145
-1.348748
-1.344339
-1.339917
-1.335482
-1.331035
-1.326575
-1.322103
-1.317619
-1.313122
-1.308613
-1.304092
-1.299558
-1.295012
-1.290454
-1.285884
-1.281302
-1.276708
-1.272102
-1.267484
-1.262854
-1.258212
-1.253558
-1.248893
-1.244216
-1.239527
-1.234826
-1.230114
-1.225390
-1.220654
-1.215907
-1.211149
-1.206379
-1.201598
-1.196805
-1.192001
-1.187186
-1.182360
-1.177522
-1.172674
-1.167814
-1.162943
-1.158061
-1.153168
-1.148264
-1.143350
-1.138424
-1.133488
-1.128541
-1.123583
-1.118614
-1.113635
-1.108645
-1.103645
-1.098634
-1.093612
-1.088581
-1.083538
-1.078486
-1.073423
-1.068350
-1.063267
-1.058173
-1.053069
-1.047956
-1.042832
-1.037698
-1.032554
-1.027400
-1.022237
-1.017063
-1.011880
-1.006687
-1.001484
-0.996272
-0.991050
-0.985818
-0.980577
-0.975327
-0.970067
-0.964797
-0.959518
-0.954230
-0.948933
-0.943626
-0.938310
-0.932985
-0.927651
-0.922308
-0.916955
-0.911594
-0.906224
-0.900845
-0.895457
-0.890061
-0.884655
-0.879241
-0.873818
-0.868387
-0.862947
-0.857498
-0.852041
-0.846576
-0.841102
-0.835620
-0.830129
-0.824630
-0.819123
-0.813608
-0.808085
-0.802553
-0.797014
-0.791466
-0.785911
-0.780347
-0.774776
-0.769197
-0.763610
-0.758015
-0.752413
-0.746803
-0.741185
-0.735560
-0.729928
-0.724287
-0.718640
-0.712985
-0.707322
-0.701653
-0.695976
-0.690292
-0.684601
-0.678902
-0.673197
-0.667484
-0.661765
-0.656039
-0.650305
-0.644565
-0.638818
-0.633065
-0.627304
-0.621537
-0.615763
-0.609983
-0.604196
-0.598403
-0.592603
-0.586797
-0.580984
-0.575165
-0.569340
-0.563509
-0.557671
-0.551828
-0.545978
-0.540122
-0.534260
-0.528392
-0.522519
-0.516639
-0.510754
-0.504863
-0.498966
-0.493063
-0.487155
-0.481241
-0.475322
-0.469397
-0.463467
-0.457531
-0.451590
-0.445643
-0.439691
-0.433734
-0.427772
-0.421805
-0.415832
-0.409855
-0.403872
-0.397885
-0.391892
-0.385895
-0.379893
-0.373886
-0.367874
-0.361858
-0.355837
-0.349811
-0.343781
-0.337746
-0.331707
-0.325663
-0.319615
-0.313563
-0.307506
-0.301445
-0.295380
-0.289310
-0.283237
-0.277159
-0.271078
-0.264992
-0.258903
-0.252809
-0.246712
-0.240611
-0.234506
-0.228398
-0.222285
-0.216169
-0.210050
-0.203927
-0.197801
-0.191671
-0.185537
-0.179401
-0.173261
-0.167117
-0.160971
-0.154821
-0.148668
-0.142512
-0.136353
-0.130191
-0.080656
-0.122363
-0.115701
-0.109093
-0.102532
-0.096012
-0.089528
-0.083076
-0.076653
-0.029713
-0.067967
-0.061166
-0.054433
-0.047758
-0.041135
-0.034558
0.010600
-0.025329
-0.018452
-0.011648
-0.004909
0.001774
0.045580
0.011392
0.018319
0.025170
0.031953
0.074787
0.041896
0.048877
0.055777
0.062604
0.104552
0.072761
0.079760
0.086677
0.128058
0.097080
0.104131
0.111096
0.151960
0.121664
0.128740
0.135729
0.176143
0.146407
0.153494
0.160493
0.200536
0.171246
0.178335
0.185337
0.225094
0.196139
0.203226
0.242901
0.214196
0.221341
0.228395
0.267911
0.239331
0.246451
0.285989
0.257506
0.264674
0.271750
0.311282
0.282726
0.289863
0.329535
0.300930
0.308112
0.315203
0.355035
0.326163
0.333316
0.373415
0.344349
0.351549
0.391954
0.362625
0.369863
0.377007
0.417800
0.387923
0.395127
0.436366
0.406087
0.413340
0.420499
0.462307
0.431291
0.438520
0.480911
0.449354
0.456641
0.463831
0.506968
0.474481
0.481750
0.525607
0.492438
0.499774
0.507007
0.551785
0.517493
0.524814
0.532036
0.577856
0.542341
0.549667
0.556891
0.603867
0.567028
0.574370
0.581609
0.629851
0.591582
0.598950
0.606212
0.655827
0.616020
0.623422
0.630714
0.637904
0.689286
0.647310
0.654681
0.661943
0.669104
0.722450
0.678159
0.685532
0.692793
0.699953
0.707019
0.762876
0.715515
0.722849
0.730071
0.737192
0.744220
0.751164
0.810230
0.758946
0.766228
0.773399
0.780470
0.787450
0.794345
0.801164
0.807912
0.814596
0.821221
0.827792
0.834312
0.840787
0.847219
0.853612
0.859968
0.866292
0.872584
0.878847
0.885083
0.891294
0.897481
0.903646
0.909791
0.915916
0.922023
0.928112
0.934185
0.940242
0.946284
0.952312
0.958326
0.964327
0.970316
0.976292
0.982256
0.988208
0.994150
1.000080
1.006000
1.011909
1.017808
1.023697
1.029575
1.035444
1.041304
1.047153
1.052993
1.058824
1.064645
1.070457
1.076260
1.082053
1.087837
1.093612
1.099377
1.105133
1.110880
1.116618
1.122346
1.128065
1.133775
1.139475
1.145166
1.150848
1.156520
1.162183
1.167836
1.173479
1.179113
1.184737
1.190351
1.195956
1.201551
1.207136
1.212710
1.218275
1.223830
1.229374
1.234909
1.240433
1.245947
1.251450
1.256943
1.262425
1.267897
1.273358
1.278808
1.284247
1.289676
1.295094
1.300500
1.305896
1.311280
1.316653
1.322014
1.327365
1.332703
1.338031
1.343346
1.348650
1.353942
1.359222
1.364490
1.369747
1.374991
1.380222
1.385442
1.390649
1.395844
1.401026
1.406196
1.411353
1.416497
1.421628
1.426747
1.431852
1.436944
1.442024
1.447089
1.452142
1.457181
1.462206
1.467218
1.472216
1.477201
1.482171
1.487128
1.492070
1.496999
1.501913
1.506813
1.511698
1.516569
1.521425
1.526267
1.531094
1.535906
1.540703
1.545486
1.550253
1.555005
1.559741
1.564462
1.569168
1.573858
1.578533
1.583192
1.587835
1.592462
1.597073
1.601668
1.606247
1.610810
1.615356
1.619886
1.624399
1.628896
1.633376
1.637839
1.642285
1.646714
1.651127
1.655522
1.659899
1.664260
1.668603
1.672929
1.677237
1.681527
1.685800
1.690054
1.694291
1.698510
1.702710
1.706893
1.711057
1.715202
1.719330
1.723438
1.727528
1.731600
1.735652
1.739686
1.743701
1.747696
1.751673
1.755630
1.759568
1.763487
1.767386
1.771265
1.775125
1.778965
1.782786
1.786586
1.790367
1.794127
1.797868
1.801588
1.805288
1.808968
1.812627
1.816265
1.819884
1.823481
1.827058
1.830614
1.834149
1.837663
1.841156
1.844627
1.848078
1.851508
1.854916
1.858302
1.861668
1.865011
1.868334
1.871634
1.874913
1.878170
1.881405
1.884618
1.887809
1.890978
1.894125
1.897249
1.900352
1.903432
1.906490
1.909525
1.912537
1.915528
1.918495
1.921440
1.924362
1.927261
1.930138
1.932991
1.935822
1.938629
1.941413
1.944175
1.946913
1.949627
1.952319
1.954987
1.957632
1.960253
1.962851
1.965425
1.967975
1.970502
1.973006
1.975485
1.977941
1.980373
1.982781
1.985166
1.987526
1.989862
1.992174
1.994463
1.996727
1.998967
2.001183
2.003374
2.005541
2.007685
2.009803
2.011898
2.013968
2.016013
2.018035
2.020031
2.022003
2.023951
2.025874
2.027773
2.029647
2.031496
2.033321
2.035121
2.036896
2.038647
2.040372
2.042074
2.043750
2.045401
2.047028
2.048630
2.050207
2.051759
2.053286
2.054788
2.056266
2.057718
2.059146
2.060548
2.061926
2.063279
2.064606
2.065909
2.067187
2.068440
2.069667
2.070870
2.072048
2.073201
2.074328
2.075431
2.076509
2.077561
2.078589
2.079591
2.080569
2.081522
2.082449
2.083352
2.084229
2.085082
2.085909
2.086712
2.087490
2.088242
2.088970
2.089673
2.090350
2.091003
2.091631
2.092234
2.092812
2.093366
2.093894
2.094397
2.094876
2.095330
2.095759
2.096163
2.096543
2.096898
2.097228
2.097533
2.097814
2.098070
2.098301
2.098508
2.098690
2.098848
2.098981
2.099089
2.099173
2.099232
2.099268
2.099278
2.099264
2.099226
2.099164
2.099077
2.098966
2.098830
2.098671
2.098487
2.098279
2.098047
2.097791
2.097511
2.097206
2.096878
2.096526
2.096150
2.095750
2.095326
2.094878
2.094407
2.093911
2.093392
2.092850
2.092283
2.091694
2.091080
2.090443
2.089783
2.089099
2.088391
2.087661
2.086907
2.086130
2.085329
2.084505
2.083659
2.082789
2.081896
2.080980
2.080041
2.079079
2.078094
2.077086
2.076056
2.075003
2.073927
2.072828
2.071707
2.070563
2.069397
2.068208
2.066997
2.065763
2.064507
2.063229
2.061928
2.060606
2.059261
2.057894
2.056505
2.055094
2.053661
2.052206
2.050730
2.049231
2.047711
2.046169
2.044605
2.043020
2.041413
2.039785
2.038135
2.036464
2.034772
2.033058
2.031323
2.029567
2.027789
2.025991
2.024171
2.022331
2.020469
2.018587
2.016684
2.014760
2.012815
2.010850
2.008864
2.006857
2.004830
2.002783
2.000715
1.998626
1.996518
1.994389
1.992240
1.990070
1.987881
1.985672
1.983442
1.981193
1.978924
1.976634
1.974326
1.971997
1.969649
1.967281
1.964893
1.962486
1.960060
1.957614
1.955148
1.952664
1.950160
1.947637
1.945095
1.942533
1.939953
1.937354
1.934735
1.932098
1.929442
1.926767
1.924074
1.921361
1.918631
1.915881
1.913113
1.910327
1.907522
1.904699
1.901857
1.898998
1.896120
1.893223
1.890309
1.887377
1.884427
1.881458
1.878472
1.875468
1.872446
1.869407
1.866350
1.863275
1.860182
1.857072
1.853945
1.850800
1.847638
1.844458
1.841261
1.838047
1.834816
1.831567
1.828302
1.825019
1.821720
1.818404
1.815070
1.811720
1.808353
1.804970
1.801569
1.798152
1.794719
1.791269
1.787802
1.784319
1.780820
1.777304
1.773772
1.770224
1.766660
1.763079
1.759483
1.755870
1.752242
1.748597
1.744937
1.741261
1.737569
1.733861
1.730138
1.726399
1.722644
1.718874
1.715088
1.711287
1.707471
1.703639
1.699792
1.695929
1.692051
1.688159
1.684251
1.680328
1.676390
1.672437
1.668469
1.664486
1.660489
1.656476
1.652449
1.648408
1.644351
1.640280
1.636195
1.632095
1.627980
1.623852
1.619708
1.615551
1.611379
1.607193
1.602993
1.598779
1.594551
1.590308
1.586052
1.581782
1.577498
1.573200
1.568888
1.564562
1.560223
1.555870
1.551504
1.547124
1.542730
1.538323
1.533903
1.529469
1.525022
1.520562
1.516088
1.511601
1.507101
1.502588
1.498062
1.493523
1.488971
1.484406
1.479828
1.475238
1.470634
1.466018
1.461389
1.456748
1.452094
1.447427
1.442748
1.438056
1.433352
1.428636
1.423907
1.419167
1.414413
1.409648
1.404871
1.400081
1.395280
1.390466
1.385641
1.380803
1.375954
1.371093
1.366220
1.361336
1.356439
1.351532
1.346612
1.341681
1.336739
1.331785
1.326820
1.321843
1.316855
1.311856
1.306846
1.301825
1.296792
1.291748
1.286694
1.281628
1.276551
1.271464
1.266366
1.261257
1.256137
1.251006
1.245865
1.240713
1.235551
1.230378
1.225195
1.220001
1.214797
1.209583
1.204358
1.199124
1.193879
1.188623
1.183358
1.178083
1.172798
1.167502
1.162197
1.156882
1.151558
1.146223
1.140879
1.135525
1.130162
1.124789
1.119407
1.114015
1.108613
1.103203
1.097782
1.092353
1.086915
1.081467
1.076010
1.070544
1.065069
1.059586
1.054093
1.048591
1.043081
1.037561
1.032033
1.026497
1.020951
1.015397
1.009835
1.004264
0.998684
0.993097
0.987501
0.981896
0.976284
0.970663
0.965034
0.959397
0.953752
0.948098
0.942437
0.936769
0.931092
0.925407
0.919715
0.914015
0.908307
0.902592
0.896869
0.891139
0.885402
0.879657
0.873904
0.868145
0.862378
0.856604
0.850822
0.845034
0.839239
0.833437
0.827627
0.821811
0.815988
0.810159
0.804322
0.798479
0.792630
0.786773
0.780911
0.775041
0.769166
0.763284
0.757396
0.751501
0.745601
0.739694
0.733781
0.727862
0.721937
0.716006
0.710069
0.704127
0.698178
0.692224
0.686264
0.680299
0.674328
0.668352
0.662370
0.656382
0.650390
0.644392
0.638389
0.632380
0.626367
0.620348
0.614325
0.608296
0.602263
0.596224
0.590181
0.584133
0.578081
0.572023
0.565961
0.559895
0.553824
0.547749
0.541669
0.535585
0.529497
0.523405
0.517308
0.511207
0.505103
0.498994
0.492881
0.486765
0.480644
0.474520
0.468392
0.462261
0.456126
0.449987
0.443845
0.437699
0.431550
0.425398
0.419243
0.413084
0.406922
0.400757
0.394589
0.388418
0.382244
0.376067
0.369888
0.363705
0.357520
0.351332
0.345142
0.338949
0.332754
0.326556
0.320356
0.314153
0.307949
0.301742
0.295533
0.289322
0.283109
0.276893
0.270676
0.264458
0.258237
0.252015
0.245791
0.239565
0.233338
0.227109
0.220879
0.214647
0.208414
0.202180
0.195944
0.189708
0.183470
0.177231
0.170991
0.164751
0.158509
0.152267
0.146023
0.139780
0.133535
0.127290
0.121044
0.114798
0.108552
0.102305
0.096058
0.089810
0.083562
0.077315
0.071067
0.064819
0.058571
0.052324
0.046076
0.039829
0.033582
0.027335
0.021089
0.014843
0.008598
0.002353
-0.003891
-0.010134
-0.016377
-0.022619
-0.028860
-0.035100
-0.041339
-0.047577
