0.000000
-0.006201
-0.012402
-0.018603
-0.024804
-0.031005
-0.037205
-0.043405
-0.049605
-0.055804
-0.062002
-0.068200
-0.074397
-0.080594
-0.086789
-0.092984
-0.099178
-0.105371
-0.111563
-0.117754
-0.123943
-0.130132
-0.136319
-0.142504
-0.148689
-0.154872
-0.161053
-0.167233
-0.173411
-0.179587
-0.185762
-0.191935
-0.198106
-0.204275
-0.210441
-0.216606
-0.222769
-0.228930
-0.235088
-0.241244
-0.247397
-0.253548
-0.259697
-0.265843
-0.271986
-0.278127
-0.284265
-0.290400
-0.296533
-0.302662
-0.308788
-0.314912
-0.321032
-0.327149
-0.333263
-0.339374
-0.345481
-0.351585
-0.357685
-0.363782
-0.369875
-0.375965
-0.382050
-0.388132
-0.394211
-0.400285
-0.406355
-0.412422
-0.418484
-0.424542
-0.430596
-0.436646
-0.442692
-0.448733
-0.454769
-0.460802
-0.466829
-0.472852
-0.478870
-0.484884
-0.490893
-0.496897
-0.502896
-0.508890
-0.514879
-0.520863
-0.526842
-0.532816
-0.538784
-0.544747
-0.550705
-0.556657
-0.562604
-0.568545
-0.574481
-0.580411
-0.586335
-0.592254
-0.598166
-0.604073
-0.609974
-0.615868
-0.621757
-0.627639
-0.633516
-0.639386
-0.645249
-0.651107
-0.656958
-0.662802
-0.668640
-0.674472
-0.680296
-0.686114
-0.691925
-0.697730
-0.703527
-0.709318
-0.715101
-0.720878
-0.726647
-0.732409
-0.738164
-0.743912
-0.749652
-0.755385
-0.761110
-0.766828
-0.772539
-0.778241
-0.783937
-0.789624
-0.795303
-0.800975
-0.806639
-0.812295
-0.817943
-0.823582
-0.829214
-0.834837
-0.840453
-0.846059
-0.851658
-0.857248
-0.862830
-0.868403
-0.873968
-0.879524
-0.885071
-0.890609
-0.896139
-0.901660
-0.907172
-0.912675
-0.918169
-0.923654
-0.929130
-0.934597
-0.940054
-0.945502
-0.950941
-0.956371
-0.961791
-0.967201
-0.972602
-0.977994
-0.983376
-0.988748
-0.994110
-0.999462
-1.004805
-1.010138
-1.015460
-1.020773
-1.026076
-1.031368
-1.036651
-1.041923
-1.047185
-1.052436
-1.057677
-1.062908
-1.068128
-1.073338
-1.078537
-1.083725
-1.088903
-1.094070
-1.099226
-1.104371
-1.109505
-1.114629
-1.119741
-1.124843
-1.129933
-1.135012
-1.140080
-1.145137
-1.150182
-1.155216
-1.160239
-1.165250
-1.170250
-1.175238
-1.180214
-1.185179
-1.190132
-1.195074
-1.200003
-1.204921
-1.209827
-1.214721
-1.219603
-1.224473
-1.229331
-1.234177
-1.239010
-1.243831
-1.248640
-1.253437
-1.258222
-1.262993
-1.267753
-1.272500
-1.277234
-1.281956
-1.286665
-1.291362
-1.296045
-1.300716
-1.305374
-1.310019
-1.314652
-1.319271
-1.323877
-1.328470
-1.333050
-1.337617
-1.342171
-1.346711
-1.351239
-1.355752
-1.360253
-1.364740
-1.369214
-1.373674
-1.378120
-1.382553
-1.386972
-1.391378
-1.395770
-1.400148
-1.404512
-1.408862
-1.413199
-1.417521
-1.421830
-1.426124
-1.430405
-1.434671
-1.438923
-1.443161
-1.447385
-1.451594
-1.455789
-1.459970
-1.464136
-1.468288
-1.472425
-1.476548
-1.480656
-1.484750
-1.488829
-1.492893
-1.496943
-1.500978
-1.504998
-1.509003
-1.512993
-1.516968
-1.520929
-1.524874
-1.528804
-1.532719
-1.536619
-1.540504
-1.544374
-1.548228
-1.552068
-1.555891
-1.559700
-1.563493
-1.567271
-1.571033
-1.574780
-1.578511
-1.582226
-1.585926
-1.589610
-1.593279
-1.596932
-1.600569
-1.604190
-1.607796
-1.611385
-1.614959
-1.618517
-1.622059
-1.625585
-1.629094
-1.632588
-1.636066
-1.639527
-1.642972
-1.646401
-1.649814
-1.653210
-1.656591
-1.659954
-1.663302
-1.666633
-1.669947
-1.673245
-1.676527
-1.679792
-1.683040
-1.686272
-1.689488
-1.692686
-1.695868
-1.699033
-1.702181
-1.705313
-1.708427
-1.711525
-1.714606
-1.717670
-1.720717
-1.723747
-1.726760
-1.729756
-1.732735
-1.735697
-1.738642
-1.741569
-1.744480
-1.747373
-1.750249
-1.753107
-1.755949
-1.758773
-1.761579
-1.764368
-1.767140
-1.769895
-1.772632
-1.775351
-1.778053
-1.780737
-1.783404
-1.786053
-1.788685
-1.791299
-1.793895
-1.796473
-1.799034
-1.801577
-1.804102
-1.806610
-1.809099
-1.811571
-1.814025
-1.816461
-1.818879
-1.821279
-1.823661
-1.826025
-1.828371
-1.830700
-1.833009
-1.835301
-1.837575
-1.839831
-1.842068
-1.844288
-1.846489
-1.848672
-1.850836
-1.852983
-1.855111
-1.857220
-1.859312
-1.861385
-1.863440
-1.865476
-1.867494
-1.869493
-1.871474
-1.873437
-1.875381
-1.877306
-1.879214
-1.881102
-1.882972
-1.884823
-1.886656
-1.888470
-1.890266
-1.892042
-1.893801
-1.895540
-1.897261
-1.898963
-1.900646
-1.902310
-1.903956
-1.905583
-1.907191
-1.908781
-1.910351
-1.911903
-1.913436
-1.914949
-1.916444
-1.917920
-1.919378
-1.920816
-1.922235
-1.923635
-1.925016
-1.926379
-1.927722
-1.929046
-1.930351
-1.931638
-1.932905
-1.934153
-1.935382
-1.936591
-1.937782
-1.938954
-1.940106
-1.941239
-1.942353
-1.943448
-1.944524
-1.945581
-1.946618
-1.947636
-1.948635
-1.949615
-1.950575
-1.951517
-1.952439
-1.953341
-1.954225
-1.955089
-1.955934
-1.956759
-1.957565
-1.958352
-1.959120
-1.959868
-1.960597
-1.961307
-1.961997
-1.962668
-1.963319
-1.963951
-1.964564
-1.965157
-1.965731
-1.966285
-1.966820
-1.967336
-1.967832
-1.968309
-1.968767
-1.969205
-1.969623
-1.970022
-1.970402
-1.970762
-1.971103
-1.971424
-1.971726
-1.972009
-1.972271
-1.972515
-1.972739
-1.972943
-1.973129
-1.973294
-1.973440
-1.973567
-1.973674
-1.973762
-1.973830
-1.973879
-1.973908
-1.973918
-1.973908
-1.973879
-1.973830
-1.973762
-1.973674
-1.973567
-1.973440
-1.973294
-1.973129
-1.972944
-1.972739
-1.972515
-1.972272
-1.972009
-1.971726
-1.971425
-1.971103
-1.970762
-1.970402
-1.970023
-1.969624
-1.969205
-1.968767
-1.968310
-1.967833
-1.967337
-1.966821
-1.966286
-1.965731
-1.965157
-1.964564
-1.963952
-1.963320
-1.962668
-1.961997
-1.961307
-1.960598
-1.959869
-1.959121
-1.958353
-1.957566
-1.956760
-1.955934
-1.955090
-1.954225
-1.953342
-1.952439
-1.951517
-1.950576
-1.949616
-1.948636
-1.947637
-1.946619
-1.945582
-1.944525
-1.943449
-1.942354
-1.941240
-1.940107
-1.938955
-1.937783
-1.936592
-1.935383
-1.934154
-1.932906
-1.931639
-1.930353
-1.929047
-1.927723
-1.926380
-1.925018
-1.923636
-1.922236
-1.920817
-1.919379
-1.917922
-1.916446
-1.914951
-1.913437
-1.911904
-1.910352
-1.908782
-1.907193
-1.905585
-1.903958
-1.902312
-1.900647
-1.898964
-1.897262
-1.895541
-1.893802
-1.892044
-1.890267
-1.888472
-1.886658
-1.884825
-1.882973
-1.881104
-1.879215
-1.877308
-1.875383
-1.873439
-1.871476
-1.869495
-1.867496
-1.865478
-1.863441
-1.861387
-1.859314
-1.857222
-1.855112
-1.852984
-1.850838
-1.848673
-1.846491
-1.844289
-1.842070
-1.839833
-1.837577
-1.835303
-1.833011
-1.830701
-1.828373
-1.826027
-1.823663
-1.821281
-1.818881
-1.816463
-1.814027
-1.811573
-1.809102
-1.806612
-1.804105
-1.801579
-1.799036
-1.796476
-1.793897
-1.791301
-1.788687
-1.786055
-1.783406
-1.780740
-1.778055
-1.775353
-1.772634
-1.769897
-1.767143
-1.764371
-1.761582
-1.758775
-1.755951
-1.753110
-1.750251
-1.747375
-1.744482
-1.741572
-1.738644
-1.735700
-1.732738
-1.729759
-1.726763
-1.723750
-1.720720
-1.717673
-1.714609
-1.711528
-1.708430
-1.705315
-1.702184
-1.699036
-1.695871
-1.692689
-1.689490
-1.686275
-1.683043
-1.679795
-1.676530
-1.673248
-1.669950
-1.666636
-1.663305
-1.659957
-1.656593
-1.653213
-1.649817
-1.646404
-1.642975
-1.639530
-1.636068
-1.632591
-1.629097
-1.625588
-1.622062
-1.618520
-1.614962
-1.611388
-1.607799
-1.604193
-1.600572
-1.596935
-1.593282
-1.589614
-1.585929
-1.582229
-1.578514
-1.574783
-1.571036
-1.567274
-1.563496
-1.559703
-1.555895
-1.552071
-1.548232
-1.544377
-1.540508
-1.536623
-1.532723
-1.528808
-1.524877
-1.520932
-1.516972
-1.512996
-1.509006
-1.505001
-1.500981
-1.496946
-1.492897
-1.488833
-1.484754
-1.480660
-1.476552
-1.472429
-1.468292
-1.464140
-1.459973
-1.455793
-1.451598
-1.447388
-1.443165
-1.438927
-1.434674
-1.430408
-1.426128
-1.421833
-1.417525
-1.413202
-1.408866
-1.404516
-1.400151
-1.395773
-1.391381
-1.386976
-1.382557
-1.378124
-1.373677
-1.369217
-1.364744
-1.360257
-1.355756
-1.351242
-1.346715
-1.342175
-1.337621
-1.333054
-1.328474
-1.323881
-1.319275
-1.314656
-1.310023
-1.305378
-1.300720
-1.296049
-1.291366
-1.286669
-1.281960
-1.277238
-1.272504
-1.267757
-1.262997
-1.258226
-1.253441
-1.248645
-1.243835
-1.239014
-1.234181
-1.229335
-1.224477
-1.219607
-1.214725
-1.209831
-1.204925
-1.200008
-1.195078
-1.190137
-1.185183
-1.180218
-1.175242
-1.170254
-1.165254
-1.160243
-1.155220
-1.150186
-1.145141
-1.140084
-1.135016
-1.129937
-1.124847
-1.119746
-1.114633
-1.109510
-1.104375
-1.099230
-1.094074
-1.088907
-1.083729
-1.078541
-1.073342
-1.068132
-1.062912
-1.057682
-1.052440
-1.047189
-1.041927
-1.036655
-1.031373
-1.026080
-1.020778
-1.015465
-1.010142
-1.004810
-0.999467
-0.994114
-0.988752
-0.983380
-0.977998
-0.972607
-0.967206
-0.961795
-0.956375
-0.950946
-0.945507
-0.940059
-0.934601
-0.929135
-0.923659
-0.918174
-0.912680
-0.907177
-0.901665
-0.896144
-0.890614
-0.885075
-0.879528
-0.873972
-0.868408
-0.862835
-0.857253
-0.851663
-0.846064
-0.840457
-0.834842
-0.829219
-0.823587
-0.817947
-0.812300
-0.806644
-0.800980
-0.795308
-0.789629
-0.783941
-0.778246
-0.772544
-0.766833
-0.761115
-0.755390
-0.749657
-0.743917
-0.738169
-0.732414
-0.726652
-0.720882
-0.715106
-0.709322
-0.703532
-0.697735
-0.691930
-0.686119
-0.680301
-0.674476
-0.668645
-0.662807
-0.656963
-0.651112
-0.645254
-0.639391
-0.633521
-0.627644
-0.621762
-0.615873
-0.609979
-0.604078
-0.598171
-0.592259
-0.586340
-0.580416
-0.574486
-0.568550
-0.562609
-0.556662
-0.550710
-0.544752
-0.538789
-0.532821
-0.526847
-0.520868
-0.514884
-0.508895
-0.502901
-0.496902
-0.490898
-0.484889
-0.478876
-0.472857
-0.466834
-0.460807
-0.454774
-0.448738
-0.442697
-0.436651
-0.430602
-0.424548
-0.418489
-0.412427
-0.406361
-0.400290
-0.394216
-0.388138
-0.382056
-0.375970
-0.369880
-0.363787
-0.357690
-0.351590
-0.345486
-0.339379
-0.333268
-0.327154
-0.321037
-0.314917
-0.308794
-0.302667
-0.296538
-0.290406
-0.284270
-0.278132
-0.271992
-0.265848
-0.259702
-0.253554
-0.247402
-0.241249
-0.235093
-0.228935
-0.222774
-0.216612
-0.210447
-0.204280
-0.198111
-0.191940
-0.185767
-0.179592
-0.173416
-0.167238
-0.161058
-0.154877
-0.148694
-0.142510
-0.136324
-0.130137
-0.123948
-0.117759
-0.111568
-0.105376
-0.099183
-0.092989
-0.086795
-0.080599
-0.074402
-0.068205
-0.062007
-0.055809
-0.049610
-0.043410
-0.037210
-0.031010
-0.024810
-0.018609
-0.012408
-0.006206
-0.000005
0.006196
0.012397
0.018598
0.024799
0.031000
0.037200
0.043400
0.049599
0.055798
0.061997
0.068195
0.074392
0.080588
0.086784
0.092979
0.099173
0.105366
0.111558
0.117748
0.123938
0.130126
0.136313
0.142499
0.148684
0.154866
0.161048
0.167228
0.173406
0.179582
0.185757
0.191929
0.198100
0.204269
0.210436
0.216601
0.222764
0.228924
0.235083
0.241239
0.247392
0.253543
0.259692
0.265838
0.271981
0.278122
0.284260
0.290395
0.296527
0.302657
0.308783
0.314907
0.321027
0.327144
0.333258
0.339368
0.345476
0.351579
0.357680
0.363777
0.369870
0.375959
0.382045
0.388127
0.394206
0.400280
0.406350
0.412417
0.418479
0.424537
0.430591
0.436641
0.442687
0.448728
0.454764
0.460796
0.466824
0.472847
0.478865
0.484879
0.490888
0.496892
0.502891
0.508885
0.514874
0.520858
0.526837
0.532811
0.538779
0.544742
0.550700
0.556652
0.562599
0.568540
0.574476
0.580406
0.586330
0.592249
0.598161
0.604068
0.609969
0.615863
0.621752
0.627634
0.633511
0.639381
0.645245
0.651102
0.656953
0.662797
0.668635
0.674467
0.680291
0.686109
0.691920
0.697725
0.703522
0.709313
0.715096
0.720873
0.726642
0.732404
0.738159
0.743907
0.749647
0.755380
0.761106
0.766824
0.772534
0.778237
0.783932
0.789619
0.795299
0.800970
0.806634
0.812290
0.817938
0.823578
0.829209
0.834833
0.840448
0.846055
0.851653
0.857243
0.862825
0.868398
0.873963
0.879519
0.885066
0.890605
0.896134
0.901655
0.907167
0.912670
0.918165
0.923650
0.929125
0.934592
0.940050
0.945498
0.950937
0.956366
0.961786
0.967197
0.972598
0.977989
0.983371
0.988743
0.994105
0.999458
1.004801
1.010133
1.015456
1.020769
1.026071
1.031364
1.036646
1.041918
1.047180
1.052432
1.057673
1.062903
1.068124
1.073333
1.078532
1.083721
1.088898
1.094065
1.099221
1.104367
1.109501
1.114625
1.119737
1.124838
1.129929
1.135008
1.140076
1.145132
1.150178
1.155212
1.160235
1.165246
1.170245
1.175234
1.180210
1.185175
1.190128
1.195070
1.199999
1.204917
1.209823
1.214717
1.219599
1.224469
1.229327
1.234172
1.239006
1.243827
1.248636
1.253433
1.258217
1.262989
1.267749
1.272496
1.277230
1.281952
1.286661
1.291358
1.296041
1.300712
1.305370
1.310015
1.314648
1.319267
1.323873
1.328466
1.333047
1.337613
1.342167
1.346708
1.351235
1.355749
1.360249
1.364736
1.369210
1.373670
1.378116
1.382549
1.386968
1.391374
1.395766
1.400144
1.404508
1.408859
1.413195
1.417518
1.421826
1.426121
1.430401
1.434667
1.438919
1.443157
1.447381
1.451591
1.455786
1.459966
1.464133
1.468285
1.472422
1.476545
1.480653
1.484747
1.488826
1.492890
1.496940
1.500974
1.504994
1.508999
1.512990
1.516965
1.520925
1.524871
1.528801
1.532716
1.536616
1.540501
1.544371
1.548225
1.552064
1.555888
1.559697
1.563490
1.567267
1.571030
1.574776
1.578508
1.582223
1.585923
1.589607
1.593276
1.596929
1.600566
1.604187
1.607793
1.611382
1.614956
1.618514
1.622056
1.625582
1.629091
1.632585
1.636063
1.639524
1.642969
1.646398
1.649811
1.653208
1.656588
1.659952
1.663299
1.666630
1.669945
1.673243
1.676524
1.679789
1.683038
1.686270
1.689485
1.692683
1.695865
1.699030
1.702179
1.705310
1.708425
1.711523
1.714604
1.717668
1.720715
1.723745
1.726758
1.729754
1.732733
1.735695
1.738639
1.741567
1.744477
1.747370
1.750246
1.753105
1.755946
1.758770
1.761577
1.764366
1.767138
1.769892
1.772629
1.775349
1.778051
1.780735
1.783402
1.786051
1.788683
1.791296
1.793893
1.796471
1.799032
1.801575
1.804100
1.806608
1.809097
1.811569
1.814023
1.816459
1.818877
1.821277
1.823659
1.826023
1.828369
1.830698
1.833008
1.835299
1.837573
1.839829
1.842066
1.844286
1.846487
1.848670
1.850834
1.852981
1.855109
1.857219
1.859310
1.861383
1.863438
1.865474
1.867492
1.869492
1.871473
1.873435
1.875379
1.877305
1.879212
1.881100
1.882970
1.884822
1.886654
1.888469
1.890264
1.892041
1.893799
1.895538
1.897259
1.898961
1.900645
1.902309
1.903955
1.905582
1.907190
1.908779
1.910350
1.911901
1.913434
1.914948
1.916443
1.917919
1.919376
1.920815
1.922234
1.923634
1.925015
1.926378
1.927721
1.929045
1.930350
1.931636
1.932904
1.934152
1.935381
1.936590
1.937781
1.938953
1.940105
1.941238
1.942353
1.943447
1.944523
1.945580
1.946617
1.947635
1.948634
1.949614
1.950575
1.951516
1.952438
1.953341
1.954224
1.955088
1.955933
1.956759
1.957565
1.958352
1.959119
1.959867
1.960596
1.961306
1.961996
1.962667
1.963318
1.963950
1.964563
1.965157
1.965730
1.966285
1.966820
1.967336
1.967832
1.968309
1.968766
1.969204
1.969623
1.970022
1.970402
1.970762
1.971103
1.971424
1.971726
1.972008
1.972271
1.972515
1.972739
1.972943
1.973128
1.973294
1.973440
1.973567
1.973674
1.973762
1.973830
1.973879
1.973908
1.973918
1.973908
1.973879
1.973830
1.973762
1.973674
1.973567
1.973440
1.973294
1.973129
1.972944
1.972739
1.972515
1.972272
1.972009
1.971727
1.971425
1.971104
1.970763
1.970403
1.970023
1.969624
1.969205
1.968767
1.968310
1.967833
1.967337
1.966821
1.966286
1.965732
1.965158
1.964565
1.963952
1.963320
1.962669
1.961998
1.961308
1.960598
1.959869
1.959121
1.958354
1.957567
1.956761
1.955935
1.955090
1.954226
1.953343
1.952440
1.951518
1.950577
1.949617
1.948637
1.947638
1.946620
1.945583
1.944526
1.943450
1.942355
1.941241
1.940108
1.938956
1.937784
1.936593
1.935384
1.934155
1.932907
1.931640
1.930354
1.929048
1.927724
1.926381
1.925019
1.923638
1.922237
1.920818
1.919380
1.917923
1.916447
1.914952
1.913438
1.911905
1.910354
1.908783
1.907194
1.905586
1.903959
1.902313
1.900649
1.898966
1.897264
1.895543
1.893803
1.892045
1.890269
1.888473
1.886659
1.884826
1.882975
1.881105
1.879217
1.877310
1.875384
1.873440
1.871478
1.869497
1.867497
1.865479
1.863443
1.861388
1.859315
1.857224
1.855114
1.852986
1.850840
1.848675
1.846492
1.844291
1.842072
1.839835
1.837579
1.835305
1.833013
1.830703
1.828375
1.826029
1.823665
1.821283
1.818883
1.816465
1.814029
1.811575
1.809104
1.806614
1.804107
1.801581
1.799038
1.796478
1.793899
1.791303
1.788689
1.786058
1.783409
1.780742
1.778057
1.775356
1.772636
1.769899
1.767145
1.764373
1.761584
1.758777
1.755953
1.753112
1.750254
1.747378
1.744485
1.741574
1.738647
1.735702
1.732740
1.729761
1.726765
1.723752
1.720722
1.717675
1.714611
1.711530
1.708433
1.705318
1.702187
1.699038
1.695873
1.692691
1.689493
1.686278
1.683046
1.679798
1.676533
1.673251
1.669953
1.666638
1.663307
1.659960
1.656596
1.653216
1.649820
1.646407
1.642978
1.639533
1.636071
1.632594
1.629100
1.625590
1.622065
1.618523
1.614965
1.611392
1.607802
1.604196
1.600575
1.596938
1.593285
1.589617
1.585932
1.582232
1.578517
1.574786
1.571039
1.567277
1.563499
1.559706
1.555898
1.552074
1.548235
1.544381
1.540511
1.536626
1.532726
1.528811
1.524881
1.520935
1.516975
1.513000
1.509010
1.505004
1.500985
1.496950
1.492900
1.488836
1.484757
1.480663
1.476555
1.472432
1.468295
1.464143
1.459977
1.455796
1.451601
1.447392
1.443168
1.438930
1.434678
1.430412
1.426131
1.421837
1.417528
1.413206
1.408870
1.404519
1.400155
1.395777
1.391385
1.386980
1.382560
1.378128
1.373681
1.369221
1.364748
1.360261
1.355760
1.351246
1.346719
1.342179
1.337625
1.333058
1.328478
1.323885
1.319279
1.314659
1.310027
1.305382
1.300724
1.296053
1.291369
1.286673
1.281964
1.277242
1.272508
1.267761
1.263001
1.258230
1.253445
1.248649
1.243840
1.239018
1.234185
1.229339
1.224481
1.219611
1.214729
1.209835
1.204930
1.200012
1.195082
1.190141
1.185188
1.180223
1.175246
1.170258
1.165258
1.160247
1.155225
1.150191
1.145145
1.140089
1.135021
1.129942
1.124851
1.119750
1.114638
1.109514
1.104380
1.099234
1.094078
1.088911
1.083734
1.078545
1.073346
1.068137
1.062917
1.057686
1.052445
1.047193
1.041932
1.036660
1.031377
1.026085
1.020782
1.015469
1.010147
1.004814
0.999471
0.994119
0.988757
0.983385
0.978003
0.972612
0.967211
0.961800
0.956380
0.950950
0.945512
0.940063
0.934606
0.929139
0.923663
0.918178
0.912684
0.907181
0.901669
0.896148
0.890619
0.885080
0.879533
0.873977
0.868412
0.862839
0.857258
0.851667
0.846069
0.840462
0.834847
0.829223
0.823592
0.817952
0.812304
0.806648
0.800985
0.795313
0.789634
0.783946
0.778251
0.772548
0.766838
0.761120
0.755395
0.749662
0.743921
0.738174
0.732419
0.726657
0.720887
0.715111
0.709327
0.703537
0.697739
0.691935
0.686124
0.680306
0.674481
0.668650
0.662812
0.656968
0.651117
0.645259
0.639396
0.633526
0.627649
0.621767
0.615878
0.609984
0.604083
0.598176
0.592264
0.586345
0.580421
0.574491
0.568555
0.562614
0.556667
0.550715
0.544757
0.538794
0.532826
0.526852
0.520873
0.514889
0.508900
0.502906
0.496907
0.490903
0.484894
0.478881
0.472862
0.466839
0.460812
0.454780
0.448743
0.442702
0.436656
0.430607
0.424553
0.418494
0.412432
0.406366
0.400295
0.394221
0.388143
0.382061
0.375975
0.369885
0.363792
0.357695
0.351595
0.345491
0.339384
0.333273
0.327159
0.321042
0.314922
0.308799
0.302672
0.296543
0.290411
0.284276
0.278138
0.271997
0.265853
0.259707
0.253559
0.247408
0.241254
0.235098
0.228940
0.222779
0.216617
0.210452
0.204285
0.198116
0.191945
0.185772
0.179598
0.173421
0.167243
0.161063
0.154882
0.148699
0.142515
0.136329
0.130142
0.123954
0.117764
0.111573
0.105381
0.099189
0.092995
0.086800
0.080604
0.074408
0.068211
0.062013
0.055814
0.049615
0.043416
0.037216
0.031015
0.024815
0.018614
0.012413
0.006212
0.000010
-0.006191
-0.012392
-0.018593
-0.024794
-0.030994
-0.037195
-0.043395
-0.049594
-0.055793
-0.061992
-0.068190
-0.074387
-0.080583
-0.086779
-0.092974
-0.099168
-0.105361
-0.111552
-0.117743
-0.123933
-0.130121
-0.136308
-0.142494
-0.148678
-0.154861
-0.161043
-0.167222
-0.173400
-0.179577
-0.185751
-0.191924
-0.198095
-0.204264
-0.210431
-0.216596
-0.222759
-0.228919
-0.235077
-0.241233
-0.247387
-0.253538
-0.259687
-0.265833
-0.271976
-0.278117
-0.284255
-0.290390
-0.296522
-0.302652
-0.308778
-0.314901
-0.321022
-0.327139
-0.333253
-0.339363
-0.345470
-0.351574
-0.357675
-0.363771
-0.369865
-0.375954
-0.382040
-0.388122
-0.394200
-0.400275
-0.406345
-0.412412
-0.418474
-0.424532
-0.430586
-0.436636
-0.442681
-0.448723
-0.454759
-0.460791
-0.466819
-0.472842
-0.478860
-0.484874
-0.490883
-0.496887
-0.502886
-0.508880
-0.514869
-0.520853
-0.526832
-0.532806
-0.538774
-0.544737
-0.550695
-0.556647
-0.562594
-0.568535
-0.574471
-0.580401
-0.586325
-0.592244
-0.598156
-0.604063
-0.609964
-0.615858
-0.621747
-0.627629
-0.633506
-0.639376
-0.645240
-0.651097
-0.656948
-0.662792
-0.668630
-0.674462
-0.680286
-0.686104
-0.691915
-0.697720
-0.703517
-0.709308
-0.715091
-0.720868
-0.726637
-0.732399
-0.738154
-0.743902
-0.749642
-0.755375
-0.761101
-0.766819
-0.772529
-0.778232
-0.783927
-0.789614
-0.795294
-0.800966
-0.806629
-0.812285
-0.817933
-0.823573
-0.829204
-0.834828
-0.840443
-0.846050
-0.851649
-0.857239
-0.862820
-0.868394
-0.873958
-0.879514
-0.885061
-0.890600
-0.896130
-0.901651
-0.907163
-0.912666
-0.918160
-0.923645
-0.929121
-0.934588
-0.940045
-0.945493
-0.950932
-0.956362
-0.961782
-0.967192
-0.972593
-0.977985
-0.983366
-0.988739
-0.994101
-0.999453
-1.004796
-1.010129
-1.015451
-1.020764
-1.026067
-1.031359
-1.036642
-1.041914
-1.047176
-1.052427
-1.057668
-1.062899
-1.068119
-1.073329
-1.078528
-1.083716
-1.088894
-1.094061
-1.099217
-1.104362
-1.109497
-1.114620
-1.119733
-1.124834
-1.129924
-1.135004
-1.140072
-1.145128
-1.150174
-1.155208
-1.160230
-1.165241
-1.170241
-1.175229
-1.180206
-1.185171
-1.190124
-1.195065
-1.199995
-1.204913
-1.209819
-1.214713
-1.219595
-1.224465
-1.229323
-1.234168
-1.239002
-1.243823
-1.248632
-1.253429
-1.258213
-1.262985
-1.267745
-1.272492
-1.277226
-1.281948
-1.286657
-1.291354
-1.296037
-1.300708
-1.305366
-1.310012
-1.314644
-1.319263
-1.323869
-1.328463
-1.333043
-1.337610
-1.342163
-1.346704
-1.351231
-1.355745
-1.360245
-1.364732
-1.369206
-1.373666
-1.378113
-1.382545
-1.386965
-1.391370
-1.395762
-1.400140
-1.404504
-1.408855
-1.413191
-1.417514
-1.421822
-1.426117
-1.430397
-1.434664
-1.438916
-1.443154
-1.447378
-1.451587
-1.455782
-1.459963
-1.464129
-1.468281
-1.472418
-1.476541
-1.480650
-1.484743
-1.488822
-1.492887
-1.496936
-1.500971
-1.504991
-1.508996
-1.512986
-1.516962
-1.520922
-1.524867
-1.528798
-1.532713
-1.536613
-1.540498
-1.544367
-1.548222
-1.552061
-1.555885
-1.559693
-1.563487
-1.567264
-1.571026
-1.574773
-1.578504
-1.582220
-1.585920
-1.589604
-1.593273
-1.596926
-1.600563
-1.604184
-1.607790
-1.611379
-1.614953
-1.618511
-1.622053
-1.625579
-1.629088
-1.632582
-1.636060
-1.639521
-1.642966
-1.646395
-1.649808
-1.653205
-1.656585
-1.659949
-1.663296
-1.666627
-1.669942
-1.673240
-1.676521
-1.679787
-1.683035
-1.686267
-1.689482
-1.692681
-1.695862
-1.699028
-1.702176
-1.705307
-1.708422
-1.711520
-1.714601
-1.717665
-1.720712
-1.723742
-1.726755
-1.729751
-1.732730
-1.735692
-1.738637
-1.741564
-1.744475
-1.747368
-1.750244
-1.753102
-1.755944
-1.758768
-1.761574
-1.764364
-1.767136
-1.769890
-1.772627
-1.775346
-1.778048
-1.780733
-1.783400
-1.786049
-1.788680
-1.791294
-1.793890
-1.796469
-1.799030
-1.801573
-1.804098
-1.806606
-1.809095
-1.811567
-1.814021
-1.816457
-1.818875
-1.821275
-1.823657
-1.826021
-1.828368
-1.830696
-1.833006
-1.835298
-1.837571
-1.839827
-1.842065
-1.844284
-1.846485
-1.848668
-1.850833
-1.852979
-1.855107
-1.857217
-1.859308
-1.861381
-1.863436
-1.865472
-1.867490
-1.869490
-1.871471
-1.873434
-1.875378
-1.877303
-1.879210
-1.881099
-1.882969
-1.884820
-1.886653
-1.888467
-1.890263
-1.892039
-1.893798
-1.895537
-1.897258
-1.898960
-1.900643
-1.902308
-1.903953
-1.905580
-1.907189
-1.908778
-1.910348
-1.911900
-1.913433
-1.914947
-1.916442
-1.917918
-1.919375
-1.920813
-1.922233
-1.923633
-1.925014
-1.926376
-1.927720
-1.929044
-1.930349
-1.931635
-1.932903
-1.934151
-1.935379
-1.936589
-1.937780
-1.938952
-1.940104
-1.941237
-1.942352
-1.943447
-1.944522
-1.945579
-1.946616
-1.947635
-1.948634
-1.949613
-1.950574
-1.951515
-1.952437
-1.953340
-1.954223
-1.955087
-1.955932
-1.956758
-1.957564
-1.958351
-1.959119
-1.959867
-1.960596
-1.961305
-1.961996
-1.962666
-1.963318
-1.963950
-1.964563
-1.965156
-1.965730
-1.966284
-1.966820
-1.967335
-1.967832
-1.968308
-1.968766
-1.969204
-1.969623
-1.970022
-1.970401
-1.970762
-1.971102
-1.971424
-1.971726
-1.972008
-1.972271
-1.972515
-1.972739
-1.972943
-1.973128
-1.973294
-1.973440
-1.973567
-1.973674
-1.973762
-1.973830
-1.973878
-1.973908
-1.973918
-1.973908
-1.973879
-1.973830
-1.973762
-1.973674
-1.973567
-1.973441
-1.973294
-1.973129
-1.972944
-1.972739
-1.972516
-1.972272
-1.972009
-1.971727
-1.971425
-1.971104
-1.970763
-1.970403
-1.970023
-1.969624
-1.969206
-1.968768
-1.968310
-1.967834
-1.967337
-1.966822
-1.966287
-1.965732
-1.965158
-1.964565
-1.963953
-1.963321
-1.962669
-1.961998
-1.961308
-1.960599
-1.959870
-1.959122
-1.958354
-1.957567
-1.956761
-1.955936
-1.955091
-1.954227
-1.953344
-1.952441
-1.951519
-1.950578
-1.949617
-1.948638
-1.947639
-1.946621
-1.945583
-1.944527
-1.943451
-1.942356
-1.941242
-1.940109
-1.938957
-1.937785
-1.936594
-1.935385
-1.934156
-1.932908
-1.931641
-1.930355
-1.929050
-1.927725
-1.926382
-1.925020
-1.923639
-1.922239
-1.920819
-1.919381
-1.917924
-1.916448
-1.914953
-1.913439
-1.911907
-1.910355
-1.908785
-1.907195
-1.905587
-1.903960
-1.902315
-1.900650
-1.898967
-1.897265
-1.895544
-1.893805
-1.892047
-1.890270
-1.888475
-1.886661
-1.884828
-1.882977
-1.881107
-1.879218
-1.877311
-1.875386
-1.873442
-1.871479
-1.869498
-1.867499
-1.865481
-1.863445
-1.861390
-1.859317
-1.857226
-1.855116
-1.852988
-1.850842
-1.848677
-1.846494
-1.844293
-1.842074
-1.839836
-1.837581
-1.835307
-1.833015
-1.830705
-1.828377
-1.826031
-1.823667
-1.821285
-1.818885
-1.816467
-1.814031
-1.811577
-1.809106
-1.806616
-1.804109
-1.801584
-1.799041
-1.796480
-1.793901
-1.791305
-1.788691
-1.786060
-1.783411
-1.780744
-1.778060
-1.775358
-1.772638
-1.769902
-1.767147
-1.764375
-1.761586
-1.758780
-1.755956
-1.753115
-1.750256
-1.747380
-1.744487
-1.741577
-1.738649
-1.735705
-1.732743
-1.729764
-1.726768
-1.723755
-1.720725
-1.717678
-1.714614
-1.711533
-1.708435
-1.705321
-1.702189
-1.699041
-1.695876
-1.692694
-1.689496
-1.686280
-1.683049
-1.679800
-1.676535
-1.673254
-1.669956
-1.666641
-1.663310
-1.659963
-1.656599
-1.653219
-1.649823
-1.646410
-1.642981
-1.639536
-1.636074
-1.632597
-1.629103
-1.625593
-1.622068
-1.618526
-1.614968
-1.611395
-1.607805
-1.604200
-1.600578
-1.596941
-1.593288
-1.589620
-1.585936
-1.582236
-1.578520
-1.574789
-1.571042
-1.567280
-1.563503
-1.559710
-1.555901
-1.552077
-1.548238
-1.544384
-1.540514
-1.536629
-1.532729
-1.528814
-1.524884
-1.520939
-1.516978
-1.513003
-1.509013
-1.505008
-1.500988
-1.496953
-1.492904
-1.488839
-1.484760
-1.480667
-1.476559
-1.472436
-1.468299
-1.464147
-1.459980
-1.455800
-1.451605
-1.447395
-1.443172
-1.438934
-1.434682
-1.430415
-1.426135
-1.421841
-1.417532
-1.413210
-1.408873
-1.404523
-1.400159
-1.395781
-1.391389
-1.386983
-1.382564
-1.378131
-1.373685
-1.369225
-1.364751
-1.360264
-1.355764
-1.351250
-1.346723
-1.342183
-1.337629
-1.333062
-1.328482
-1.323889
-1.319283
-1.314663
-1.310031
-1.305386
-1.300728
-1.296057
-1.291373
-1.286677
-1.281968
-1.277246
-1.272512
-1.267765
-1.263006
-1.258234
-1.253449
-1.248653
-1.243844
-1.239022
-1.234189
-1.229343
-1.224485
-1.219615
-1.214733
-1.209840
-1.204934
-1.200016
-1.195086
-1.190145
-1.185192
-1.180227
-1.175250
-1.170262
-1.165263
-1.160251
-1.155229
-1.150195
-1.145150
-1.140093
-1.135025
-1.129946
-1.124856
-1.119754
-1.114642
-1.109518
-1.104384
-1.099239
-1.094083
-1.088916
-1.083738
-1.078550
-1.073351
-1.068141
-1.062921
-1.057690
-1.052449
-1.047198
-1.041936
-1.036664
-1.031382
-1.026089
-1.020787
-1.015474
-1.010151
-1.004819
-0.999476
-0.994123
-0.988761
-0.983389
-0.978007
-0.972616
-0.967215
-0.961805
-0.956385
-0.950955
-0.945516
-0.940068
-0.934611
-0.929144
-0.923668
-0.918183
-0.912689
-0.907186
-0.901674
-0.896153
-0.890623
-0.885085
-0.879538
-0.873982
-0.868417
-0.862844
-0.857262
-0.851672
-0.846074
-0.840467
-0.834852
-0.829228
-0.823597
-0.817957
-0.812309
-0.806653
-0.800990
-0.795318
-0.789638
-0.783951
-0.778256
-0.772553
-0.766843
-0.761125
-0.755399
-0.749667
-0.743926
-0.738179
-0.732424
-0.726662
-0.720892
-0.715116
-0.709332
-0.703542
-0.697744
-0.691940
-0.686129
-0.680311
-0.674486
-0.668655
-0.662817
-0.656973
-0.651122
-0.645264
-0.639401
-0.633531
-0.627654
-0.621772
-0.615883
-0.609989
-0.604088
-0.598181
-0.592269
-0.586350
-0.580426
-0.574496
-0.568560
-0.562619
-0.556672
-0.550720
-0.544762
-0.538799
-0.532831
-0.526857
-0.520878
-0.514894
-0.508905
-0.502911
-0.496912
-0.490908
-0.484899
-0.478886
-0.472867
-0.466844
-0.460817
-0.454785
-0.448748
-0.442707
-0.436661
-0.430612
-0.424558
-0.418500
-0.412437
-0.406371
-0.400300
-0.394226
-0.388148
-0.382066
-0.375980
-0.369890
-0.363797
-0.357700
-0.351600
-0.345496
-0.339389
-0.333279
-0.327165
-0.321048
-0.314927
-0.308804
-0.302678
-0.296548
-0.290416
-0.284281
-0.278143
-0.272002
-0.265859
-0.259713
-0.253564
-0.247413
-0.241259
-0.235103
-0.228945
-0.222785
-0.216622
-0.210457
-0.204290
-0.198121
-0.191950
-0.185778
-0.179603
-0.173427
-0.167248
-0.161069
-0.154887
-0.148704
-0.142520
-0.136334
-0.130147
-0.123959
-0.117769
-0.111579
-0.105387
-0.099194
-0.093000
-0.086805
-0.080609
-0.074413
-0.068216
-0.062018
-0.055819
-0.049620
-0.043421
-0.037221
-0.031021
-0.024820
-0.018619
-0.012418
-0.006217
-0.000016
0.006186
0.012387
0.018588
0.024789
0.030989
0.037190
0.043389
0.049589
0.055788
0.061986
0.068184
0.074382
0.080578
0.086774
0.092968
0.099162
0.105355
0.111547
0.117738
0.123928
0.130116
0.136303
0.142489
0.148673
0.154856
0.161037
0.167217
0.173395
0.179572
0.185746
0.191919
0.198090
0.204259
0.210426
0.216591
0.222753
0.228914
0.235072
0.241228
0.247382
0.253533
0.259681
0.265827
0.271971
0.278112
0.284250
0.290385
0.296517
0.302647
0.308773
0.314896
0.321017
0.327134
0.333248
0.339358
0.345465
0.351569
0.357669
0.363766
0.369860
0.375949
0.382035
0.388117
0.394195
0.400270
0.406340
0.412407
0.418469
0.424527
0.430581
0.436631
0.442676
0.448717
0.454754
0.460786
0.466814
0.472837
0.478855
0.484869
0.490878
0.496882
0.502881
0.508875
0.514864
0.520848
0.526827
0.532801
0.538769
0.544732
0.550690
0.556642
0.562589
0.568530
0.574466
0.580396
0.586320
0.592239
0.598151
0.604058
0.609959
0.615853
0.621742
0.627625
0.633501
0.639371
0.645235
0.651092
0.656943
0.662787
0.668625
0.674457
0.680281
0.686099
0.691911
0.697715
0.703512
0.709303
0.715086
0.720863
0.726632
0.732395
0.738149
0.743897
0.749637
0.755370
0.761096
0.766814
0.772524
0.778227
0.783922
0.789610
0.795289
0.800961
0.806625
0.812280
0.817928
0.823568
0.829200
0.834823
0.840438
0.846045
0.851644
0.857234
0.862816
0.868389
0.873953
0.879509
0.885057
0.890595
0.896125
0.901646
0.907158
0.912661
0.918155
0.923640
0.929116
0.934583
0.940040
0.945489
0.950928
0.956357
0.961777
0.967188
0.972589
0.977980
0.983362
0.988734
0.994096
0.999449
1.004791
1.010124
1.015447
1.020760
1.026062
1.031355
1.036637
1.041909
1.047171
1.052423
1.057664
1.062895
1.068115
1.073324
1.078523
1.083712
1.088890
1.094057
1.099213
1.104358
1.109492
1.114616
1.119728
1.124830
1.129920
1.134999
1.140067
1.145124
1.150169
1.155203
1.160226
1.165237
1.170237
1.175225
1.180202
1.185167
1.190120
1.195061
1.199991
1.204909
1.209815
1.214709
1.219591
1.224461
1.229319
1.234164
1.238998
1.243819
1.248628
1.253425
1.258209
1.262981
1.267741
1.272488
1.277222
1.281944
1.286653
1.291350
1.296033
1.300704
1.305362
1.310008
1.314640
1.319259
1.323865
1.328459
1.333039
1.337606
1.342159
1.346700
1.351227
1.355741
1.360242
1.364729
1.369202
1.373662
1.378109
1.382542
1.386961
1.391367
1.395758
1.400137
1.404501
1.408851
1.413188
1.417510
1.421819
1.426113
1.430394
1.434660
1.438912
1.443150
1.447374
1.451583
1.455779
1.459959
1.464126
1.468278
1.472415
1.476538
1.480646
1.484740
1.488819
1.492883
1.496933
1.500968
1.504988
1.508993
1.512983
1.516958
1.520919
1.524864
1.528794
1.532710
1.536610
1.540495
1.544364
1.548219
1.552058
1.555882
1.559690
1.563483
1.567261
1.571023
1.574770
1.578501
1.582217
1.585917
1.589601
1.593270
1.596923
1.600560
1.604181
1.607787
1.611376
1.614950
1.618508
1.622050
1.625576
1.629085
1.632579
1.636057
1.639518
1.642963
1.646392
1.649805
1.653202
1.656582
1.659946
1.663293
1.666624
1.669939
1.673237
1.676519
1.679784
1.683032
1.686264
1.689479
1.692678
1.695860
1.699025
1.702173
1.705305
1.708420
1.711517
1.714598
1.717662
1.720709
1.723740
1.726753
1.729749
1.732728
1.735690
1.738634
1.741562
1.744472
1.747365
1.750241
1.753100
1.755941
1.758765
1.761572
1.764361
1.767133
1.769888
1.772625
1.775344
1.778046
1.780730
1.783397
1.786047
1.788678
1.791292
1.793888
1.796467
1.799028
1.801571
1.804096
1.806604
1.809093
1.811565
1.814019
1.816455
1.818873
1.821273
1.823655
1.826019
1.828366
1.830694
1.833004
1.835296
1.837569
1.839825
1.842063
1.844282
1.846483
1.848666
1.850831
1.852977
1.855105
1.857215
1.859307
1.861380
1.863434
1.865471
1.867489
1.869488
1.871469
1.873432
1.875376
1.877302
1.879209
1.881097
1.882967
1.884819
1.886651
1.888466
1.890261
1.892038
1.893796
1.895536
1.897256
1.898958
1.900642
1.902306
1.903952
1.905579
1.907187
1.908777
1.910347
1.911899
1.913432
1.914946
1.916441
1.917917
1.919374
1.920812
1.922231
1.923632
1.925013
1.926375
1.927719
1.929043
1.930348
1.931634
1.932901
1.934149
1.935378
1.936588
1.937779
1.938951
1.940103
1.941236
1.942351
1.943446
1.944521
1.945578
1.946616
1.947634
1.948633
1.949613
1.950573
1.951514
1.952436
1.953339
1.954223
1.955087
1.955932
1.956757
1.957563
1.958350
1.959118
1.959866
1.960595
1.961305
1.961995
1.962666
1.963317
1.963949
1.964562
1.965156
1.965729
1.966284
1.966819
1.967335
1.967831
1.968308
1.968766
1.969204
1.969622
1.970021
1.970401
1.970761
1.971102
1.971423
1.971725
1.972008
1.972271
1.972514
1.972738
1.972943
1.973128
1.973294
1.973440
1.973567
1.973674
1.973761
1.973830
1.973878
1.973908
1.973918
1.973908
1.973879
1.973830
1.973762
1.973674
1.973567
1.973441
1.973295
1.973129
1.972944
1.972740
1.972516
1.972272
1.972009
1.971727
1.971425
1.971104
1.970763
1.970403
1.970024
1.969625
1.969206
1.968768
1.968311
1.967834
1.967338
1.966822
1.966287
1.965733
1.965159
1.964566
1.963953
1.963321
1.962670
1.961999
1.961309
1.960599
1.959871
1.959122
1.958355
1.957568
1.956762
1.955937
1.955092
1.954228
1.953344
1.952442
1.951520
1.950579
1.949618
1.948639
1.947640
1.946622
1.945584
1.944528
1.943452
1.942357
1.941243
1.940110
1.938958
1.937786
1.936595
1.935386
1.934157
1.932909
1.931642
1.930356
1.929051
1.927726
1.926383
1.925021
1.923640
1.922240
1.920821
1.919382
1.917925
1.916449
1.914954
1.913441
1.911908
1.910356
1.908786
1.907197
1.905589
1.903962
1.902316
1.900652
1.898968
1.897266
1.895546
1.893806
1.892048
1.890272
1.888476
1.886662
1.884829
1.882978
1.881108
1.879220
1.877313
1.875387
1.873443
1.871481
1.869500
1.867501
1.865483
1.863447
1.861392
1.859319
1.857227
1.855118
1.852990
1.850843
1.848679
1.846496
1.844295
1.842076
1.839838
1.837583
1.835309
1.833017
1.830707
1.828379
1.826033
1.823669
1.821287
1.818887
1.816469
1.814033
1.811580
1.809108
1.806618
1.804111
1.801586
1.799043
1.796482
1.793904
1.791307
1.788694
1.786062
1.783413
1.780746
1.778062
1.775360
1.772641
1.769904
1.767150
1.764378
1.761589
1.758782
1.755958
1.753117
1.750258
1.747383
1.744489
1.741579
1.738652
1.735707
1.732745
1.729766
1.726770
1.723757
1.720727
1.717680
1.714616
1.711536
1.708438
1.705323
1.702192
1.699044
1.695879
1.692697
1.689498
1.686283
1.683051
1.679803
1.676538
1.673257
1.669959
1.666644
1.663313
1.659966
1.656602
1.653222
1.649825
1.646413
1.642984
1.639539
1.636077
1.632600
1.629106
1.625596
1.622071
1.618529
1.614971
1.611398
1.607808
1.604203
1.600581
1.596944
1.593291
1.589623
1.585939
1.582239
1.578523
1.574792
1.571046
1.567283
1.563506
1.559713
1.555904
1.552081
1.548241
1.544387
1.540517
1.536633
1.532733
1.528817
1.524887
1.520942
1.516982
1.513007
1.509016
1.505011
1.500991
1.496957
1.492907
1.488843
1.484764
1.480670
1.476562
1.472439
1.468302
1.464150
1.459984
1.455803
1.451608
1.447399
1.443175
1.438937
1.434685
1.430419
1.426139
1.421844
1.417536
1.413213
1.408877
1.404527
1.400162
1.395784
1.391393
1.386987
1.382568
1.378135
1.373689
1.369229
1.364755
1.360268
1.355768
1.351254
1.346727
1.342186
1.337633
1.333066
1.328486
1.323893
1.319286
1.314667
1.310035
1.305390
1.300732
1.296061
1.291377
1.286681
1.281972
1.277250
1.272516
1.267769
1.263010
1.258238
1.253453
1.248657
1.243848
1.239026
1.234193
1.229347
1.224489
1.219620
1.214738
1.209844
1.204938
1.200020
1.195090
1.190149
1.185196
1.180231
1.175255
1.170266
1.165267
1.160256
1.155233
1.150199
1.145154
1.140097
1.135029
1.129950
1.124860
1.119759
1.114646
1.109523
1.104388
1.099243
1.094087
1.088920
1.083742
1.078554
1.073355
1.068146
1.062925
1.057695
1.052454
1.047202
1.041941
1.036668
1.031386
1.026094
1.020791
1.015478
1.010156
1.004823
0.999480
0.994128
0.988766
0.983394
0.978012
0.972621
0.967220
0.961809
0.956389
0.950960
0.945521
0.940073
0.934615
0.929149
0.923673
0.918188
0.912694
0.907191
0.901679
0.896158
0.890628
0.885090
0.879542
0.873986
0.868422
0.862849
0.857267
0.851677
0.846078
0.840472
0.834856
0.829233
0.823601
0.817962
0.812314
0.806658
0.800994
0.795323
0.789643
0.783956
0.778261
0.772558
0.766848
0.761130
0.755404
0.749671
0.743931
0.738183
0.732429
0.726666
0.720897
0.715121
0.709337
0.703547
0.697749
0.691945
0.686134
0.680316
0.674491
0.668660
0.662822
0.656978
0.651127
0.645269
0.639406
0.633536
0.627659
0.621777
0.615888
0.609993
0.604093
0.598186
0.592274
0.586355
0.580431
0.574501
0.568565
0.562624
0.556677
0.550725
0.544767
0.538804
0.532836
0.526862
0.520883
0.514899
0.508910
0.502916
0.496917
0.490913
0.484904
0.478891
0.472872
0.466849
0.460822
0.454790
0.448753
0.442712
0.436667
0.430617
0.424563
0.418505
0.412442
0.406376
0.400306
0.394231
0.388153
0.382071
0.375985
0.369896
0.363802
0.357706
0.351605
0.345501
0.339394
0.333284
0.327170
0.321053
0.314933
0.308809
0.302683
0.296553
0.290421
0.284286
0.278148
0.272007
0.265864
0.259718
0.253569
0.247418
0.241265
0.235109
0.228950
0.222790
0.216627
0.210462
0.204295
0.198126
0.191956
0.185783
0.179608
0.173432
0.167254
0.161074
0.154893
0.148710
0.142525
0.136340
0.130152
0.123964
0.117775
0.111584
0.105392
0.099199
0.093005
0.086810
0.080615
0.074418
0.068221
0.062023
0.055825
0.049626
0.043426
0.037226
0.031026
0.024825
0.018624
0.012423
0.006222
0.000021
-0.006180
-0.012381
-0.018582
-0.024783
-0.030984
-0.037184
-0.043384
-0.049584
-0.055783
-0.061981
-0.068179
-0.074376
-0.080573
-0.086768
-0.092963
-0.099157
-0.105350
-0.111542
-0.117733
-0.123922
-0.130111
-0.136298
-0.142484
-0.148668
-0.154851
-0.161032
-0.167212
-0.173390
-0.179566
-0.185741
-0.191914
-0.198085
-0.204254
-0.210421
-0.216585
-0.222748
-0.228909
-0.235067
-0.241223
-0.247376
-0.253528
-0.259676
-0.265822
-0.271966
-0.278106
-0.284244
-0.290380
-0.296512
-0.302641
-0.308768
-0.314891
-0.321011
-0.327129
-0.333242
-0.339353
-0.345460
-0.351564
-0.357664
-0.363761
-0.369854
-0.375944
-0.382030
-0.388112
-0.394190
-0.400265
-0.406335
-0.412401
-0.418464
-0.424522
-0.430576
-0.436626
-0.442671
-0.448712
-0.454749
-0.460781
-0.466809
-0.472832
-0.478850
-0.484864
-0.490873
-0.496877
-0.502876
-0.508870
-0.514859
-0.520843
-0.526822
-0.532796
-0.538764
-0.544727
-0.550685
-0.556637
-0.562584
-0.568525
-0.574461
-0.580391
-0.586315
-0.592234
-0.598146
-0.604053
-0.609954
-0.615848
-0.621737
-0.627620
-0.633496
-0.639366
-0.645230
-0.651087
-0.656938
-0.662783
-0.668620
-0.674452
-0.680276
-0.686094
-0.691906
-0.697710
-0.703508
-0.709298
-0.715082
-0.720858
-0.726627
-0.732390
-0.738145
-0.743892
-0.749633
-0.755366
-0.761091
-0.766809
-0.772519
-0.778222
-0.783917
-0.789605
-0.795284
-0.800956
-0.806620
-0.812276
-0.817924
-0.823563
-0.829195
-0.834818
-0.840434
-0.846041
-0.851639
-0.857229
-0.862811
-0.868384
-0.873949
-0.879505
-0.885052
-0.890591
-0.896120
-0.901641
-0.907153
-0.912657
-0.918151
-0.923636
-0.929112
-0.934578
-0.940036
-0.945484
-0.950923
-0.956352
-0.961773
-0.967183
-0.972584
-0.977976
-0.983357
-0.988729
-0.994092
-0.999444
-1.004787
-1.010120
-1.015442
-1.020755
-1.026058
-1.031350
-1.036633
-1.041905
-1.047167
-1.052418
-1.057659
-1.062890
-1.068110
-1.073320
-1.078519
-1.083707
-1.088885
-1.094052
-1.099208
-1.104354
-1.109488
-1.114612
-1.119724
-1.124825
-1.129916
-1.134995
-1.140063
-1.145120
-1.150165
-1.155199
-1.160222
-1.165233
-1.170233
-1.175221
-1.180197
-1.185162
-1.190116
-1.195057
-1.199987
-1.204905
-1.209811
-1.214705
-1.219587
-1.224457
-1.229314
-1.234160
-1.238994
-1.243815
-1.248624
-1.253421
-1.258205
-1.262977
-1.267737
-1.272484
-1.277218
-1.281940
-1.286649
-1.291346
-1.296029
-1.300700
-1.305358
-1.310004
-1.314636
-1.319255
-1.323862
-1.328455
-1.333035
-1.337602
-1.342156
-1.346696
-1.351223
-1.355737
-1.360238
-1.364725
-1.369198
-1.373659
-1.378105
-1.382538
-1.386957
-1.391363
-1.395755
-1.400133
-1.404497
-1.408848
-1.413184
-1.417507
-1.421815
-1.426110
-1.430390
-1.434657
-1.438909
-1.443147
-1.447370
-1.451580
-1.455775
-1.459956
-1.464122
-1.468274
-1.472411
-1.476534
-1.480643
-1.484736
-1.488815
-1.492880
-1.496929
-1.500964
-1.504984
-1.508989
-1.512980
-1.516955
-1.520915
-1.524861
-1.528791
-1.532706
-1.536606
-1.540491
-1.544361
-1.548215
-1.552055
-1.555879
-1.559687
-1.563480
-1.567258
-1.571020
-1.574767
-1.578498
-1.582214
-1.585914
-1.589598
-1.593267
-1.596920
-1.600557
-1.604178
-1.607784
-1.611373
-1.614947
-1.618505
-1.622047
-1.625573
-1.629082
-1.632576
-1.636054
-1.639515
-1.642961
-1.646390
-1.649802
-1.653199
-1.656579
-1.659943
-1.663291
-1.666622
-1.669936
-1.673234
-1.676516
-1.679781
-1.683030
-1.686261
-1.689477
-1.692675
-1.695857
-1.699022
-1.702171
-1.705302
-1.708417
-1.711515
-1.714596
-1.717660
-1.720707
-1.723737
-1.726750
-1.729746
-1.732725
-1.735687
-1.738632
-1.741559
-1.744470
-1.747363
-1.750239
-1.753098
-1.755939
-1.758763
-1.761570
-1.764359
-1.767131
-1.769885
-1.772622
-1.775342
-1.778044
-1.780728
-1.783395
-1.786044
-1.788676
-1.791290
-1.793886
-1.796465
-1.799026
-1.801569
-1.804094
-1.806601
-1.809091
-1.811563
-1.814017
-1.816453
-1.818871
-1.821271
-1.823653
-1.826017
-1.828364
-1.830692
-1.833002
-1.835294
-1.837568
-1.839823
-1.842061
-1.844280
-1.846481
-1.848664
-1.850829
-1.852975
-1.855103
-1.857213
-1.859305
-1.861378
-1.863433
-1.865469
-1.867487
-1.869487
-1.871468
-1.873430
-1.875374
-1.877300
-1.879207
-1.881096
-1.882966
-1.884817
-1.886650
-1.888464
-1.890260
-1.892036
-1.893795
-1.895534
-1.897255
-1.898957
-1.900640
-1.902305
-1.903951
-1.905578
-1.907186
-1.908775
-1.910346
-1.911898
-1.913430
-1.914944
-1.916439
-1.917915
-1.919373
-1.920811
-1.922230
-1.923630
-1.925012
-1.926374
-1.927717
-1.929042
-1.930347
-1.931633
-1.932900
-1.934148
-1.935377
-1.936587
-1.937778
-1.938950
-1.940102
-1.941236
-1.942350
-1.943445
-1.944521
-1.945577
-1.946615
-1.947633
-1.948632
-1.949612
-1.950572
-1.951514
-1.952436
-1.953338
-1.954222
-1.955086
-1.955931
-1.956756
-1.957563
-1.958350
-1.959117
-1.959866
-1.960595
-1.961304
-1.961994
-1.962665
-1.963317
-1.963949
-1.964562
-1.965155
-1.965729
-1.966284
-1.966819
-1.967334
-1.967831
-1.968308
-1.968765
-1.969203
-1.969622
-1.970021
-1.970401
-1.970761
-1.971102
-1.971423
-1.971725
-1.972008
-1.972271
-1.972514
-1.972738
-1.972943
-1.973128
-1.973294
-1.973440
-1.973566
-1.973674
-1.973761
-1.973830
-1.973878
-1.973908
-1.973918
-1.973908
-1.973879
-1.973830
-1.973762
-1.973674
-1.973567
-1.973441
-1.973295
-1.973129
-1.972944
-1.972740
-1.972516
-1.972273
-1.972010
-1.971727
-1.971426
-1.971104
-1.970764
-1.970404
-1.970024
-1.969625
-1.969206
-1.968769
-1.968311
-1.967834
-1.967338
-1.966823
-1.966288
-1.965733
-1.965159
-1.964566
-1.963954
-1.963322
-1.962670
-1.962000
-1.961309
-1.960600
-1.959871
-1.959123
-1.958356
-1.957569
-1.956763
-1.955937
-1.955092
-1.954228
-1.953345
-1.952442
-1.951521
-1.950579
-1.949619
-1.948639
-1.947641
-1.946622
-1.945585
-1.944529
-1.943453
-1.942358
-1.941244
-1.940111
-1.938959
-1.937787
-1.936596
-1.935387
-1.934158
-1.932910
-1.931643
-1.930357
-1.929052
-1.927728
-1.926384
-1.925022
-1.923641
-1.922241
-1.920822
-1.919384
-1.917927
-1.916451
-1.914956
-1.913442
-1.911909
-1.910358
-1.908787
-1.907198
-1.905590
-1.903963
-1.902317
-1.900653
-1.898970
-1.897268
-1.895547
-1.893808
-1.892050
-1.890273
-1.888478
-1.886664
-1.884831
-1.882980
-1.881110
-1.879222
-1.877315
-1.875389
-1.873445
-1.871483
-1.869502
-1.867502
-1.865484
-1.863448
-1.861394
-1.859321
-1.857229
-1.855120
-1.852992
-1.850845
-1.848681
-1.846498
-1.844297
-1.842078
-1.839840
-1.837585
-1.835311
-1.833019
-1.830709
-1.828381
-1.826035
-1.823671
-1.821289
-1.818889
-1.816471
-1.814035
-1.811582
-1.809110
-1.806620
-1.804113
-1.801588
-1.799045
-1.796484
-1.793906
-1.791310
-1.788696
-1.786064
-1.783415
-1.780749
-1.778064
-1.775362
-1.772643
-1.769906
-1.767152
-1.764380
-1.761591
-1.758784
-1.755961
-1.753119
-1.750261
-1.747385
-1.744492
-1.741582
-1.738654
-1.735710
-1.732748
-1.729769
-1.726773
-1.723760
-1.720730
-1.717683
-1.714619
-1.711538
-1.708441
-1.705326
-1.702194
-1.699046
-1.695881
-1.692700
-1.689501
-1.686286
-1.683054
-1.679806
-1.676541
-1.673259
-1.669961
-1.666647
-1.663316
-1.659969
-1.656605
-1.653225
-1.649828
-1.646416
-1.642987
-1.639541
-1.636080
-1.632603
-1.629109
-1.625599
-1.622074
-1.618532
-1.614974
-1.611401
-1.607811
-1.604206
-1.600584
-1.596947
-1.593295
-1.589626
-1.585942
-1.582242
-1.578526
-1.574795
-1.571049
-1.567287
-1.563509
-1.559716
-1.555908
-1.552084
-1.548245
-1.544390
-1.540521
-1.536636
-1.532736
-1.528821
-1.524891
-1.520945
-1.516985
-1.513010
-1.509020
-1.505015
-1.500995
-1.496960
-1.492911
-1.488846
-1.484767
-1.480674
-1.476566
-1.472443
-1.468306
-1.464154
-1.459987
-1.455807
-1.451612
-1.447402
-1.443179
-1.438941
-1.434689
-1.430423
-1.426142
-1.421848
-1.417539
-1.413217
-1.408881
-1.404530
-1.400166
-1.395788
-1.391396
-1.386991
-1.382572
-1.378139
-1.373692
-1.369232
-1.364759
-1.360272
-1.355771
-1.351258
-1.346731
-1.342190
-1.337637
-1.333070
-1.328490
-1.323897
-1.319290
-1.314671
-1.310039
-1.305394
-1.300736
-1.296065
-1.291381
-1.286685
-1.281976
-1.277254
-1.272520
-1.267773
-1.263014
-1.258242
-1.253457
-1.248661
-1.243852
-1.239030
-1.234197
-1.229351
-1.224494
-1.219624
-1.214742
-1.209848
-1.204942
-1.200024
-1.195095
-1.190153
-1.185200
-1.180235
-1.175259
-1.170271
-1.165271
-1.160260
-1.155237
-1.150203
-1.145158
-1.140101
-1.135034
-1.129954
-1.124864
-1.119763
-1.114650
-1.109527
-1.104393
-1.099247
-1.094091
-1.088924
-1.083747
-1.078559
-1.073360
-1.068150
-1.062930
-1.057699
-1.052458
-1.047207
-1.041945
-1.036673
-1.031391
-1.026098
-1.020796
-1.015483
-1.010160
-1.004828
-0.999485
-0.994133
-0.988770
-0.983398
-0.978017
-0.972625
-0.967224
-0.961814
-0.956394
-0.950964
-0.945525
-0.940077
-0.934620
-0.929153
-0.923677
-0.918192
-0.912698
-0.907195
-0.901683
-0.896162
-0.890633
-0.885094
-0.879547
-0.873991
-0.868426
-0.862853
-0.857272
-0.851682
-0.846083
-0.840476
-0.834861
-0.829238
-0.823606
-0.817966
-0.812319
-0.806663
-0.800999
-0.795327
-0.789648
-0.783961
-0.778266
-0.772563
-0.766852
-0.761135
-0.755409
-0.749676
-0.743936
-0.738188
-0.732433
-0.726671
-0.720902
-0.715126
-0.709342
-0.703552
-0.697754
-0.691950
-0.686139
-0.680321
-0.674496
-0.668665
-0.662827
-0.656983
-0.651132
-0.645274
-0.639411
-0.633541
-0.627664
-0.621782
-0.615893
-0.609998
-0.604098
-0.598191
-0.592279
-0.586360
-0.580436
-0.574506
-0.568570
-0.562629
-0.556682
-0.550730
-0.544772
-0.538809
-0.532841
-0.526867
-0.520888
-0.514904
-0.508915
-0.502921
-0.496922
-0.490918
-0.484909
-0.478896
-0.472878
-0.466855
-0.460827
-0.454795
-0.448758
-0.442717
-0.436672
-0.430622
-0.424568
-0.418510
-0.412447
-0.406381
-0.400311
-0.394236
-0.388158
-0.382076
-0.375990
-0.369901
-0.363807
-0.357711
-0.351610
-0.345507
-0.339399
-0.333289
-0.327175
-0.321058
-0.314938
-0.308814
-0.302688
-0.296559
-0.290426
-0.284291
-0.278153
-0.272012
-0.265869
-0.259723
-0.253574
-0.247423
-0.241270
-0.235114
-0.228956
-0.222795
-0.216632
-0.210467
-0.204301
-0.198132
-0.191961
-0.185788
-0.179613
-0.173437
-0.167259
-0.161079
-0.154898
-0.148715
-0.142531
-0.136345
-0.130158
-0.123969
-0.117780
-0.111589
-0.105397
-0.099204
-0.093010
-0.086816
-0.080620
-0.074423
-0.068226
-0.062028
-0.055830
-0.049631
-0.043431
-0.037231
-0.031031
-0.024830
-0.018630
-0.012429
-0.006227
-0.000026
0.006175
0.012376
0.018577
0.024778
0.030979
0.037179
0.043379
0.049579
0.055778
0.061976
0.068174
0.074371
0.080568
0.086763
0.092958
0.099152
0.105345
0.111537
0.117727
0.123917
0.130105
0.136293
0.142478
0.148663
0.154846
0.161027
0.167207
0.173385
0.179561
0.185736
0.191909
0.198080
0.204248
0.210415
0.216580
0.222743
0.228904
0.235062
0.241218
0.247371
0.253522
0.259671
0.265817
0.271961
0.278101
0.284239
0.290374
0.296507
0.302636
0.308763
0.314886
0.321006
0.327123
0.333237
0.339348
0.345455
0.351559
0.357659
0.363756
0.369849
0.375939
0.382025
0.388107
0.394185
0.400259
0.406330
0.412396
0.418459
0.424517
0.430571
0.436621
0.442666
0.448707
0.454744
0.460776
0.466804
0.472827
0.478845
0.484859
0.490868
0.496872
0.502871
0.508865
0.514854
0.520838
0.526817
0.532791
0.538759
0.544722
0.550680
0.556632
0.562579
0.568520
0.574456
0.580386
0.586310
0.592229
0.598141
0.604048
0.609949
0.615843
0.621732
0.627615
0.633491
0.639361
0.645225
0.651082
0.656933
0.662778
0.668616
0.674447
0.680272
0.686090
0.691901
0.697705
0.703503
0.709293
0.715077
0.720853
0.726623
0.732385
0.738140
0.743887
0.749628
0.755361
0.761086
0.766804
0.772515
0.778217
0.783913
0.789600
0.795279
0.800951
0.806615
0.812271
0.817919
0.823559
0.829190
0.834814
0.840429
0.846036
0.851634
0.857225
0.862806
0.868379
0.873944
0.879500
0.885047
0.890586
0.896116
0.901637
0.907149
0.912652
0.918146
0.923631
0.929107
0.934574
0.940031
0.945479
0.950918
0.956348
0.961768
0.967179
0.972580
0.977971
0.983353
0.988725
0.994087
0.999440
1.004782
1.010115
1.015438
1.020751
1.026053
1.031346
1.036628
1.041900
1.047162
1.052414
1.057655
1.062886
1.068106
1.073316
1.078515
1.083703
1.088881
1.094048
1.099204
1.104349
1.109484
1.114607
1.119720
1.124821
1.129912
1.134991
1.140059
1.145115
1.150161
1.155195
1.160218
1.165229
1.170229
1.175217
1.180193
1.185158
1.190111
1.195053
1.199983
1.204900
1.209806
1.214700
1.219582
1.224452
1.229310
1.234156
1.238990
1.243811
1.248620
1.253417
1.258201
1.262973
1.267733
1.272480
1.277214
1.281936
1.286645
1.291342
1.296025
1.300696
1.305355
1.310000
1.314632
1.319251
1.323858
1.328451
1.333031
1.337598
1.342152
1.346692
1.351220
1.355733
1.360234
1.364721
1.369195
1.373655
1.378101
1.382534
1.386954
1.391359
1.395751
1.400129
1.404493
1.408844
1.413180
1.417503
1.421812
1.426106
1.430387
1.434653
1.438905
1.443143
1.447367
1.451576
1.455771
1.459952
1.464119
1.468271
1.472408
1.476531
1.480639
1.484733
1.488812
1.492876
1.496926
1.500961
1.504981
1.508986
1.512976
1.516952
1.520912
1.524857
1.528788
1.532703
1.536603
1.540488
1.544358
1.548212
1.552051
1.555875
1.559684
1.563477
1.567255
1.571017
1.574764
1.578495
1.582211
1.585911
1.589595
1.593264
1.596917
1.600554
1.604175
1.607781
1.611370
1.614944
1.618502
1.622044
1.625570
1.629079
1.632573
1.636051
1.639512
1.642958
1.646387
1.649800
1.653196
1.656576
1.659940
1.663288
1.666619
1.669933
1.673232
1.676513
1.679778
1.683027
1.686259
1.689474
1.692673
1.695854
1.699020
1.702168
1.705300
1.708414
1.711512
1.714593
1.717657
1.720704
1.723734
1.726748
1.729744
1.732723
1.735685
1.738629
1.741557
1.744467
1.747361
1.750237
1.753095
1.755937
1.758761
1.761567
1.764357
1.767129
1.769883
1.772620
1.775340
1.778042
1.780726
1.783393
1.786042
1.788674
1.791288
1.793884
1.796463
1.799023
1.801566
1.804092
1.806599
1.809089
1.811561
1.814015
1.816451
1.818869
1.821269
1.823651
1.826015
1.828362
1.830690
1.833000
1.835292
1.837566
1.839821
1.842059
1.844278
1.846479
1.848662
1.850827
1.852974
1.855102
1.857211
1.859303
1.861376
1.863431
1.865467
1.867485
1.869485
1.871466
1.873429
1.875373
1.877298
1.879206
1.881094
1.882964
1.884815
1.886648
1.888462
1.890258
1.892035
1.893793
1.895533
1.897253
1.898956
1.900639
1.902304
1.903949
1.905576
1.907185
1.908774
1.910345
1.911896
1.913429
1.914943
1.916438
1.917914
1.919371
1.920810
1.922229
1.923629
1.925011
1.926373
1.927716
1.929041
1.930346
1.931632
1.932899
1.934147
1.935376
1.936586
1.937777
1.938949
1.940101
1.941235
1.942349
1.943444
1.944520
1.945576
1.946614
1.947632
1.948631
1.949611
1.950571
1.951513
1.952435
1.953338
1.954221
1.955085
1.955930
1.956756
1.957562
1.958349
1.959117
1.959865
1.960594
1.961304
1.961994
1.962665
1.963316
1.963948
1.964561
1.965155
1.965729
1.966283
1.966818
1.967334
1.967830
1.968307
1.968765
1.969203
1.969621
1.970021
1.970400
1.970761
1.971102
1.971423
1.971725
1.972007
1.972270
1.972514
1.972738
1.972943
1.973128
1.973293
1.973440
1.973566
1.973674
1.973761
1.973830
1.973878
1.973908
1.973918
1.973908
1.973879
1.973830
1.973762
1.973674
1.973567
1.973441
1.973295
1.973129
1.972944
1.972740
1.972516
1.972273
1.972010
1.971728
1.971426
1.971105
1.970764
1.970404
1.970024
1.969625
1.969207
1.968769
1.968312
1.967835
1.967339
1.966823
1.966288
1.965734
1.965160
1.964567
1.963954
1.963322
1.962671
1.962000
1.961310
1.960601
1.959872
1.959124
1.958356
1.957569
1.956763
1.955938
1.955093
1.954229
1.953346
1.952443
1.951521
1.950580
1.949620
1.948640
1.947641
1.946623
1.945586
1.944530
1.943454
1.942359
1.941245
1.940112
1.938959
1.937788
1.936597
1.935388
1.934159
1.932911
1.931644
1.930358
1.929053
1.927729
1.926386
1.925023
1.923642
1.922242
1.920823
1.919385
1.917928
1.916452
1.914957
1.913443
1.911911
1.910359
1.908789
1.907199
1.905591
1.903965
1.902319
1.900654
1.898971
1.897269
1.895549
1.893809
1.892051
1.890275
1.888479
1.886665
1.884833
1.882981
1.881112
1.879223
1.877316
1.875391
1.873447
1.871484
1.869503
1.867504
1.865486
1.863450
1.861395
1.859322
1.857231
1.855121
1.852993
1.850847
1.848683
1.846500
1.844299
1.842080
1.839842
1.837587
1.835313
1.833021
1.830711
1.828383
1.826037
1.823673
1.821291
1.818891
1.816473
1.814037
1.811584
1.809112
1.806622
1.804115
1.801590
1.799047
1.796486
1.793908
1.791312
1.788698
1.786067
1.783417
1.780751
1.778067
1.775365
1.772645
1.769909
1.767154
1.764383
1.761593
1.758787
1.755963
1.753122
1.750263
1.747387
1.744494
1.741584
1.738657
1.735712
1.732750
1.729771
1.726775
1.723763
1.720733
1.717686
1.714622
1.711541
1.708443
1.705329
1.702197
1.699049
1.695884
1.692702
1.689504
1.686289
1.683057
1.679809
1.676544
1.673262
1.669964
1.666650
1.663319
1.659971
1.656608
1.653228
1.649831
1.646418
1.642990
1.639544
1.636083
1.632606
1.629112
1.625602
1.622077
1.618535
1.614977
1.611404
1.607814
1.604209
1.600587
1.596950
1.593298
1.589629
1.585945
1.582245
1.578530
1.574798
1.571052
1.567290
1.563512
1.559719
1.555911
1.552087
1.548248
1.544394
1.540524
1.536639
1.532739
1.528824
1.524894
1.520949
1.516988
1.513013
1.509023
1.505018
1.500998
1.496963
1.492914
1.488850
1.484771
1.480677
1.476569
1.472446
1.468309
1.464157
1.459991
1.455810
1.451615
1.447406
1.443182
1.438945
1.434692
1.430426
1.426146
1.421851
1.417543
1.413221
1.408884
1.404534
1.400170
1.395792
1.391400
1.386995
1.382575
1.378143
1.373696
1.369236
1.364763
1.360276
1.355775
1.351262
1.346734
1.342194
1.337640
1.333074
1.328494
1.323900
1.319294
1.314675
1.310043
1.305398
1.300740
1.296069
1.291385
1.286689
1.281980
1.277258
1.272524
1.267777
1.263018
1.258246
1.253461
1.248665
1.243856
1.239035
1.234201
1.229355
1.224498
1.219628
1.214746
1.209852
1.204946
1.200028
1.195099
1.190157
1.185204
1.180239
1.175263
1.170275
1.165275
1.160264
1.155242
1.150208
1.145162
1.140106
1.135038
1.129959
1.124869
1.119767
1.114655
1.109531
1.104397
1.099252
1.094096
1.088929
1.083751
1.078563
1.073364
1.068154
1.062934
1.057704
1.052463
1.047211
1.041949
1.036677
1.031395
1.026103
1.020800
1.015487
1.010165
1.004832
0.999489
0.994137
0.988775
0.983403
0.978021
0.972630
0.967229
0.961818
0.956398
0.950969
0.945530
0.940082
0.934624
0.929158
0.923682
0.918197
0.912703
0.907200
0.901688
0.896167
0.890637
0.885099
0.879552
0.873996
0.868431
0.862858
0.857276
0.851686
0.846088
0.840481
0.834866
0.829242
0.823611
0.817971
0.812323
0.806668
0.801004
0.795332
0.789653
0.783965
0.778270
0.772568
0.766857
0.761139
0.755414
0.749681
0.743941
0.738193
0.732438
0.726676
0.720907
0.715130
0.709347
0.703556
0.697759
0.691955
0.686144
0.680326
0.674501
0.668670
0.662832
0.656987
0.651137
0.645279
0.639415
0.633545
0.627669
0.621787
0.615898
0.610003
0.604103
0.598196
0.592284
0.586365
0.580441
0.574511
0.568575
0.562634
0.556687
0.550735
0.544777
0.538814
0.532846
0.526872
0.520894
0.514910
0.508920
0.502926
0.496927
0.490923
0.484915
0.478901
0.472883
0.466860
0.460832
0.454800
0.448763
0.442722
0.436677
0.430627
0.424573
0.418515
0.412453
0.406386
0.400316
0.394242
0.388163
0.382081
0.375995
0.369906
0.363813
0.357716
0.351616
0.345512
0.339405
0.333294
0.327180
0.321063
0.314943
0.308820
0.302693
0.296564
0.290431
0.284296
0.278158
0.272018
0.265874
0.259728
0.253580
0.247428
0.241275
0.235119
0.228961
0.222800
0.216638
0.210473
0.204306
0.198137
0.191966
0.185793
0.179619
0.173442
0.167264
0.161084
0.154903
0.148720
0.142536
0.136350
0.130163
0.123975
0.117785
0.111594
0.105402
0.099209
0.093016
0.086821
0.080625
0.074429
0.068231
0.062034
0.055835
0.049636
0.043437
0.037237
0.031036
0.024836
0.018635
0.012434
0.006233
0.000031
-0.006170
-0.012371
-0.018572
-0.024773
-0.030973
-0.037174
-0.043374
-0.049573
-0.055772
-0.061971
-0.068169
-0.074366
-0.080562
-0.086758
-0.092953
-0.099147
-0.105340
-0.111531
-0.117722
-0.123912
-0.130100
-0.136287
-0.142473
-0.148657
-0.154840
-0.161022
-0.167201
-0.173380
-0.179556
-0.185731
-0.191903
-0.198074
-0.204243
-0.210410
-0.216575
-0.222738
-0.228898
-0.235057
-0.241213
-0.247366
-0.253517
-0.259666
-0.265812
-0.271955
-0.278096
-0.284234
-0.290369
-0.296502
-0.302631
-0.308757
-0.314881
-0.321001
-0.327118
-0.333232
-0.339343
-0.345450
-0.351554
-0.357654
-0.363751
-0.369844
-0.375934
-0.382020
-0.388102
-0.394180
-0.400254
-0.406325
-0.412391
-0.418453
-0.424512
-0.430566
-0.436616
-0.442661
-0.448702
-0.454739
-0.460771
-0.466799
-0.472822
-0.478840
-0.484854
-0.490862
-0.496866
-0.502866
-0.508860
-0.514849
-0.520833
-0.526812
-0.532785
-0.538754
-0.544717
-0.550675
-0.556627
-0.562574
-0.568515
-0.574451
-0.580381
-0.586305
-0.592224
-0.598136
-0.604043
-0.609944
-0.615838
-0.621727
-0.627610
-0.633486
-0.639356
-0.645220
-0.651077
-0.656928
-0.662773
-0.668611
-0.674442
-0.680267
-0.686085
-0.691896
-0.697700
-0.703498
-0.709288
-0.715072
-0.720848
-0.726618
-0.732380
-0.738135
-0.743883
-0.749623
-0.755356
-0.761081
-0.766799
-0.772510
-0.778213
-0.783908
-0.789595
-0.795275
-0.800946
-0.806610
-0.812266
-0.817914
-0.823554
-0.829185
-0.834809
-0.840424
-0.846031
-0.851630
-0.857220
-0.862802
-0.868375
-0.873939
-0.879495
-0.885043
-0.890581
-0.896111
-0.901632
-0.907144
-0.912647
-0.918141
-0.923626
-0.929102
-0.934569
-0.940027
-0.945475
-0.950914
-0.956343
-0.961763
-0.967174
-0.972575
-0.977967
-0.983348
-0.988720
-0.994083
-0.999435
-1.004778
-1.010111
-1.015433
-1.020746
-1.026049
-1.031342
-1.036624
-1.041896
-1.047158
-1.052409
-1.057651
-1.062881
-1.068102
-1.073311
-1.078510
-1.083699
-1.088876
-1.094043
-1.099200
-1.104345
-1.109479
-1.114603
-1.119715
-1.124817
-1.129907
-1.134986
-1.140054
-1.145111
-1.150157
-1.155191
-1.160213
-1.165225
-1.170224
-1.175213
-1.180189
-1.185154
-1.190107
-1.195049
-1.199978
-1.204896
-1.209802
-1.214696
-1.219578
-1.224448
-1.229306
-1.234152
-1.238986
-1.243807
-1.248616
-1.253413
-1.258197
-1.262969
-1.267729
-1.272476
-1.277210
-1.281932
-1.286641
-1.291338
-1.296022
-1.300692
-1.305351
-1.309996
-1.314628
-1.319247
-1.323854
-1.328447
-1.333027
-1.337594
-1.342148
-1.346688
-1.351216
-1.355730
-1.360230
-1.364717
-1.369191
-1.373651
-1.378098
-1.382531
-1.386950
-1.391355
-1.395747
-1.400125
-1.404490
-1.408840
-1.413177
-1.417499
-1.421808
-1.426102
-1.430383
-1.434649
-1.438902
-1.443140
-1.447363
-1.451573
-1.455768
-1.459949
-1.464115
-1.468267
-1.472404
-1.476527
-1.480636
-1.484729
-1.488808
-1.492873
-1.496922
-1.500957
-1.504977
-1.508983
-1.512973
-1.516948
-1.520909
-1.524854
-1.528784
-1.532700
-1.536600
-1.540485
-1.544354
-1.548209
-1.552048
-1.555872
-1.559681
-1.563474
-1.567252
-1.571014
-1.574761
-1.578492
-1.582207
-1.585907
-1.589592
-1.593260
-1.596913
-1.600551
-1.604172
-1.607778
-1.611367
-1.614941
-1.618499
-1.622041
-1.625567
-1.629077
-1.632570
-1.636048
-1.639509
-1.642955
-1.646384
-1.649797
-1.653193
-1.656573
-1.659937
-1.663285
-1.666616
-1.669931
-1.673229
-1.676510
-1.679776
-1.683024
-1.686256
-1.689471
-1.692670
-1.695852
-1.699017
-1.702165
-1.705297
-1.708412
-1.711510
-1.714591
-1.717655
-1.720702
-1.723732
-1.726745
-1.729741
-1.732720
-1.735682
-1.738627
-1.741554
-1.744465
-1.747358
-1.750234
-1.753093
-1.755934
-1.758758
-1.761565
-1.764354
-1.767126
-1.769881
-1.772618
-1.775337
-1.778039
-1.780724
-1.783391
-1.786040
-1.788671
-1.791285
-1.793882
-1.796460
-1.799021
-1.801564
-1.804090
-1.806597
-1.809087
-1.811559
-1.814013
-1.816449
-1.818867
-1.821267
-1.823649
-1.826013
-1.828360
-1.830688
-1.832998
-1.835290
-1.837564
-1.839819
-1.842057
-1.844276
-1.846478
-1.848661
-1.850825
-1.852972
-1.855100
-1.857210
-1.859301
-1.861374
-1.863429
-1.865466
-1.867484
-1.869483
-1.871464
-1.873427
-1.875371
-1.877297
-1.879204
-1.881092
-1.882962
-1.884814
-1.886647
-1.888461
-1.890257
-1.892033
-1.893792
-1.895531
-1.897252
-1.898954
-1.900638
-1.902302
-1.903948
-1.905575
-1.907183
-1.908773
-1.910343
-1.911895
-1.913428
-1.914942
-1.916437
-1.917913
-1.919370
-1.920808
-1.922228
-1.923628
-1.925010
-1.926372
-1.927715
-1.929040
-1.930345
-1.931631
-1.932898
-1.934146
-1.935375
-1.936585
-1.937776
-1.938948
-1.940100
-1.941234
-1.942348
-1.943443
-1.944519
-1.945575
-1.946613
-1.947631
-1.948630
-1.949610
-1.950571
-1.951512
-1.952434
-1.953337
-1.954220
-1.955085
-1.955929
-1.956755
-1.957561
-1.958348
-1.959116
-1.959864
-1.960593
-1.961303
-1.961993
-1.962664
-1.963316
-1.963948
-1.964561
-1.965154
-1.965728
-1.966283
-1.966818
-1.967334
-1.967830
-1.968307
-1.968764
-1.969202
-1.969621
-1.970020
-1.970400
-1.970760
-1.971101
-1.971423
-1.971725
-1.972007
-1.972270
-1.972514
-1.972738
-1.972942
-1.973128
-1.973293
-1.973440
-1.973566
-1.973673
-1.973761
-1.973830
-1.973878
-1.973908
-1.973918
-1.973908
-1.973879
-1.973830
-1.973762
-1.973675
-1.973568
-1.973441
-1.973295
-1.973130
-1.972945
-1.972740
-1.972516
-1.972273
-1.972010
-1.971728
-1.971426
-1.971105
-1.970764
-1.970404
-1.970025
-1.969626
-1.969207
-1.968769
-1.968312
-1.967835
-1.967339
-1.966824
-1.966289
-1.965734
-1.965160
-1.964567
-1.963955
-1.963323
-1.962671
-1.962001
-1.961311
-1.960601
-1.959872
-1.959124
-1.958357
-1.957570
-1.956764
-1.955939
-1.955094
-1.954230
-1.953347
-1.952444
-1.951522
-1.950581
-1.949621
-1.948641
-1.947642
-1.946624
-1.945587
-1.944530
-1.943455
-1.942360
-1.941246
-1.940113
-1.938960
-1.937789
-1.936598
-1.935389
-1.934160
-1.932912
-1.931645
-1.930359
-1.929054
-1.927730
-1.926387
-1.925025
-1.923643
-1.922243
-1.920824
-1.919386
-1.917929
-1.916453
-1.914958
-1.913445
-1.911912
-1.910360
-1.908790
-1.907201
-1.905593
-1.903966
-1.902320
-1.900656
-1.898973
-1.897271
-1.895550
-1.893811
-1.892053
-1.890276
-1.888481
-1.886667
-1.884834
-1.882983
-1.881113
-1.879225
-1.877318
-1.875392
-1.873448
-1.871486
-1.869505
-1.867506
-1.865488
-1.863452
-1.861397
-1.859324
-1.857233
-1.855123
-1.852995
-1.850849
-1.848684
-1.846502
-1.844301
-1.842081
-1.839844
-1.837589
-1.835315
-1.833023
-1.830713
-1.828385
-1.826039
-1.823675
-1.821293
-1.818893
-1.816475
-1.814040
-1.811586
-1.809114
-1.806625
-1.804117
-1.801592
-1.799049
-1.796489
-1.793910
-1.791314
-1.788700
-1.786069
-1.783420
-1.780753
-1.778069
-1.775367
-1.772648
-1.769911
-1.767157
-1.764385
-1.761596
-1.758789
-1.755965
-1.753124
-1.750266
-1.747390
-1.744497
-1.741587
-1.738659
-1.735715
-1.732753
-1.729774
-1.726778
-1.723765
-1.720735
-1.717688
-1.714624
-1.711543
-1.708446
-1.705331
-1.702200
-1.699052
-1.695887
-1.692705
-1.689506
-1.686291
-1.683060
-1.679811
-1.676546
-1.673265
-1.669967
-1.666652
-1.663322
-1.659974
-1.656610
-1.653230
-1.649834
-1.646421
-1.642992
-1.639547
-1.636086
-1.632609
-1.629115
-1.625605
-1.622080
-1.618538
-1.614980
-1.611407
-1.607817
-1.604212
-1.600590
-1.596953
-1.593301
-1.589632
-1.585948
-1.582248
-1.578533
-1.574802
-1.571055
-1.567293
-1.563515
-1.559722
-1.555914
-1.552090
-1.548251
-1.544397
-1.540527
-1.536642
-1.532743
-1.528827
-1.524897
-1.520952
-1.516992
-1.513017
-1.509026
-1.505021
-1.501002
-1.496967
-1.492917
-1.488853
-1.484774
-1.480681
-1.476573
-1.472450
-1.468313
-1.464161
-1.459995
-1.455814
-1.451619
-1.447410
-1.443186
-1.438948
-1.434696
-1.430430
-1.426150
-1.421855
-1.417547
-1.413224
-1.408888
-1.404538
-1.400173
-1.395795
-1.391404
-1.386998
-1.382579
-1.378146
-1.373700
-1.369240
-1.364766
-1.360279
-1.355779
-1.351265
-1.346738
-1.342198
-1.337644
-1.333077
-1.328497
-1.323904
-1.319298
-1.314679
-1.310047
-1.305402
-1.300744
-1.296073
-1.291389
-1.286693
-1.281984
-1.277262
-1.272528
-1.267781
-1.263022
-1.258250
-1.253465
-1.248669
-1.243860
-1.239039
-1.234205
-1.229360
-1.224502
-1.219632
-1.214750
-1.209856
-1.204950
-1.200033
-1.195103
-1.190162
-1.185208
-1.180244
-1.175267
-1.170279
-1.165280
-1.160268
-1.155246
-1.150212
-1.145167
-1.140110
-1.135042
-1.129963
-1.124873
-1.119771
-1.114659
-1.109536
-1.104401
-1.099256
-1.094100
-1.088933
-1.083756
-1.078567
-1.073368
-1.068159
-1.062939
-1.057708
-1.052467
-1.047216
-1.041954
-1.036682
-1.031400
-1.026107
-1.020805
-1.015492
-1.010169
-1.004837
-0.999494
-0.994142
-0.988779
-0.983407
-0.978026
-0.972634
-0.967233
-0.961823
-0.956403
-0.950973
-0.945535
-0.940086
-0.934629
-0.929162
-0.923687
-0.918202
-0.912708
-0.907205
-0.901693
-0.896172
-0.890642
-0.885104
-0.879556
-0.874000
-0.868436
-0.862863
-0.857281
-0.851691
-0.846093
-0.840486
-0.834871
-0.829247
-0.823616
-0.817976
-0.812328
-0.806672
-0.801009
-0.795337
-0.789658
-0.783970
-0.778275
-0.772572
-0.766862
-0.761144
-0.755419
-0.749686
-0.743946
-0.738198
-0.732443
-0.726681
-0.720912
-0.715135
-0.709352
-0.703561
-0.697764
-0.691960
-0.686148
-0.680331
-0.674506
-0.668675
-0.662837
-0.656992
-0.651141
-0.645284
-0.639420
-0.633550
-0.627674
-0.621792
-0.615903
-0.610008
-0.604108
-0.598201
-0.592289
-0.586370
-0.580446
-0.574516
-0.568580
-0.562639
-0.556692
-0.550740
-0.544783
-0.538819
-0.532851
-0.526877
-0.520899
-0.514915
-0.508926
-0.502931
-0.496932
-0.490928
-0.484920
-0.478906
-0.472888
-0.466865
-0.460837
-0.454805
-0.448768
-0.442727
-0.436682
-0.430632
-0.424578
-0.418520
-0.412458
-0.406391
-0.400321
-0.394247
-0.388168
-0.382086
-0.376001
-0.369911
-0.363818
-0.357721
-0.351621
-0.345517
-0.339410
-0.333299
-0.327185
-0.321068
-0.314948
-0.308825
-0.302698
-0.296569
-0.290437
-0.284301
-0.278163
-0.272023
-0.265879
-0.259733
-0.253585
-0.247434
-0.241280
-0.235124
-0.228966
-0.222805
-0.216643
-0.210478
-0.204311
-0.198142
-0.191971
-0.185798
-0.179624
-0.173447
-0.167269
-0.161090
-0.154908
-0.148725
-0.142541
-0.136355
-0.130168
-0.123980
-0.117790
-0.111599
-0.105408
-0.099215
-0.093021
-0.086826
-0.080630
-0.074434
-0.068237
-0.062039
-0.055840
-0.049641
-0.043442
-0.037242
-0.031042
-0.024841
-0.018640
-0.012439
-0.006238
-0.000037
0.006165
0.012366
0.018567
0.024768
0.030968
0.037169
0.043369
0.049568
0.055767
0.061966
0.068163
0.074361
0.080557
0.086753
0.092948
0.099141
0.105334
0.111526
0.117717
0.123907
0.130095
0.136282
0.142468
0.148652
0.154835
0.161016
0.167196
0.173374
0.179551
0.185725
0.191898
0.198069
0.204238
0.210405
0.216570
0.222733
0.228893
0.235051
0.241207
0.247361
0.253512
0.259661
0.265807
0.271950
0.278091
0.284229
0.290364
0.296496
0.302626
0.308752
0.314876
0.320996
0.327113
0.333227
0.339337
0.345445
0.351549
0.357649
0.363746
0.369839
0.375929
0.382014
0.388097
0.394175
0.400249
0.406320
0.412386
0.418448
0.424507
0.430561
0.436610
0.442656
0.448697
0.454734
0.460766
0.466794
0.472817
0.478835
0.484849
0.490857
0.496861
0.502861
0.508855
0.514844
0.520828
0.526807
0.532780
0.538749
0.544712
0.550670
0.556622
0.562569
0.568510
0.574446
0.580376
0.586300
0.592219
0.598131
0.604038
0.609939
0.615833
0.621722
0.627605
0.633481
0.639351
0.645215
0.651072
0.656923
0.662768
0.668606
0.674437
0.680262
0.686080
0.691891
0.697695
0.703493
0.709283
0.715067
0.720843
0.726613
0.732375
0.738130
0.743878
0.749618
0.755351
0.761077
0.766795
0.772505
0.778208
0.783903
0.789590
0.795270
0.800942
0.806605
0.812261
0.817909
0.823549
0.829181
0.834804
0.840419
0.846026
0.851625
0.857215
0.862797
0.868370
0.873935
0.879491
0.885038
0.890577
0.896106
0.901627
0.907139
0.912643
0.918137
0.923622
0.929098
0.934564
0.940022
0.945470
0.950909
0.956339
0.961759
0.967169
0.972570
0.977962
0.983344
0.988716
0.994078
0.999431
1.004773
1.010106
1.015429
1.020742
1.026044
1.031337
1.036619
1.041892
1.047153
1.052405
1.057646
1.062877
1.068097
1.073307
1.078506
1.083694
1.088872
1.094039
1.099195
1.104341
1.109475
1.114599
1.119711
1.124813
1.129903
1.134982
1.140050
1.145107
1.150152
1.155186
1.160209
1.165220
1.170220
1.175208
1.180185
1.185150
1.190103
1.195045
1.199974
1.204892
1.209798
1.214692
1.219574
1.224444
1.229302
1.234148
1.238982
1.243803
1.248612
1.253409
1.258193
1.262965
1.267725
1.272472
1.277206
1.281928
1.286637
1.291334
1.296018
1.300689
1.305347
1.309992
1.314624
1.319244
1.323850
1.328443
1.333023
1.337590
1.342144
1.346685
1.351212
1.355726
1.360226
1.364713
1.369187
1.373647
1.378094
1.382527
1.386946
1.391352
1.395744
1.400122
1.404486
1.408837
1.413173
1.417496
1.421804
1.426099
1.430379
1.434646
1.438898
1.443136
1.447360
1.451569
1.455764
1.459945
1.464112
1.468264
1.472401
1.476524
1.480632
1.484726
1.488805
1.492869
1.496919
1.500954
1.504974
1.508979
1.512970
1.516945
1.520905
1.524851
1.528781
1.532696
1.536596
1.540481
1.544351
1.548206
1.552045
1.555869
1.559677
1.563471
1.567248
1.571011
1.574757
1.578489
1.582204
1.585904
1.589589
1.593257
1.596910
1.600548
1.604169
1.607775
1.611364
1.614938
1.618496
1.622038
1.625564
1.629074
1.632567
1.636045
1.639506
1.642952
1.646381
1.649794
1.653190
1.656571
1.659935
1.663282
1.666613
1.669928
1.673226
1.676508
1.679773
1.683021
1.686253
1.689469
1.692667
1.695849
1.699014
1.702163
1.705294
1.708409
1.711507
1.714588
1.717652
1.720699
1.723729
1.726743
1.729739
1.732718
1.735680
1.738624
1.741552
1.744462
1.747356
1.750232
1.753090
1.755932
1.758756
1.761563
1.764352
1.767124
1.769878
1.772615
1.775335
1.778037
1.780721
1.783388
1.786038
1.788669
1.791283
1.793880
1.796458
1.799019
1.801562
1.804088
1.806595
1.809085
1.811557
1.814011
1.816447
1.818865
1.821265
1.823647
1.826011
1.828358
1.830686
1.832996
1.835288
1.837562
1.839818
1.842055
1.844275
1.846476
1.848659
1.850823
1.852970
1.855098
1.857208
1.859299
1.861373
1.863427
1.865464
1.867482
1.869482
1.871463
1.873425
1.875370
1.877295
1.879202
1.881091
1.882961
1.884812
1.886645
1.888459
1.890255
1.892032
1.893790
1.895530
1.897251
1.898953
1.900636
1.902301
1.903947
1.905574
1.907182
1.908771
1.910342
1.911894
1.913426
1.914940
1.916436
1.917912
1.919369
1.920807
1.922227
1.923627
1.925008
1.926371
1.927714
1.929038
1.930344
1.931630
1.932897
1.934145
1.935374
1.936584
1.937775
1.938947
1.940099
1.941233
1.942347
1.943442
1.944518
1.945575
1.946612
1.947630
1.948629
1.949609
1.950570
1.951511
1.952433
1.953336
1.954220
1.955084
1.955929
1.956754
1.957561
1.958348
1.959115
1.959864
1.960593
1.961302
1.961993
1.962664
1.963315
1.963947
1.964560
1.965154
1.965728
1.966282
1.966817
1.967333
1.967830
1.968306
1.968764
1.969202
1.969621
1.970020
1.970400
1.970760
1.971101
1.971422
1.971724
1.972007
1.972270
1.972514
1.972738
1.972942
1.973127
1.973293
1.973439
1.973566
1.973673
1.973761
1.973830
1.973878
1.973908
1.973918
1.973908
1.973879
1.973830
1.973762
1.973675
1.973568
1.973441
1.973295
1.973130
1.972945
1.972740
1.972517
1.972273
1.972010
1.971728
1.971426
1.971105
1.970765
1.970404
1.970025
1.969626
1.969208
1.968770
1.968312
1.967836
1.967340
1.966824
1.966289
1.965735
1.965161
1.964568
1.963955
1.963323
1.962672
1.962001
1.961311
1.960602
1.959873
1.959125
1.958358
1.957571
1.956765
1.955939
1.955095
1.954231
1.953347
1.952445
1.951523
1.950582
1.949622
1.948642
1.947643
1.946625
1.945588
1.944531
1.943456
1.942361
1.941247
1.940114
1.938961
1.937790
1.936599
1.935390
1.934161
1.932913
1.931646
1.930360
1.929055
1.927731
1.926388
1.925026
1.923645
1.922244
1.920825
1.919387
1.917930
1.916454
1.914960
1.913446
1.911913
1.910362
1.908791
1.907202
1.905594
1.903967
1.902322
1.900657
1.898974
1.897272
1.895552
1.893812
1.892054
1.890278
1.888482
1.886668
1.884836
1.882984
1.881115
1.879226
1.877319
1.875394
1.873450
1.871488
1.869507
1.867507
1.865490
1.863453
1.861399
1.859326
1.857235
1.855125
1.852997
1.850851
1.848686
1.846503
1.844303
1.842083
1.839846
1.837590
1.835317
1.833025
1.830715
1.828387
1.826041
1.823677
1.821295
1.818895
1.816477
1.814042
1.811588
1.809116
1.806627
1.804119
1.801594
1.799051
1.796491
1.793912
1.791316
1.788702
1.786071
1.783422
1.780755
1.778071
1.775369
1.772650
1.769913
1.767159
1.764387
1.761598
1.758792
1.755968
1.753127
1.750268
1.747392
1.744499
1.741589
1.738662
1.735717
1.732755
1.729776
1.726781
1.723768
1.720738
1.717691
1.714627
1.711546
1.708448
1.705334
1.702202
1.699054
1.695889
1.692708
1.689509
1.686294
1.683062
1.679814
1.676549
1.673268
1.669970
1.666655
1.663324
1.659977
1.656613
1.653233
1.649837
1.646424
1.642995
1.639550
1.636089
1.632611
1.629118
1.625608
1.622083
1.618541
1.614983
1.611410
1.607820
1.604215
1.600594
1.596957
1.593304
1.589635
1.585951
1.582251
1.578536
1.574805
1.571058
1.567296
1.563519
1.559726
1.555917
1.552093
1.548254
1.544400
1.540531
1.536646
1.532746
1.528831
1.524901
1.520955
1.516995
1.513020
1.509030
1.505025
1.501005
1.496970
1.492921
1.488857
1.484778
1.480684
1.476576
1.472453
1.468316
1.464164
1.459998
1.455817
1.451622
1.447413
1.443190
1.438952
1.434700
1.430433
1.426153
1.421859
1.417550
1.413228
1.408892
1.404541
1.400177
1.395799
1.391407
1.387002
1.382583
1.378150
1.373704
1.369244
1.364770
1.360283
1.355783
1.351269
1.346742
1.342202
1.337648
1.333081
1.328501
1.323908
1.319302
1.314683
1.310051
1.305406
1.300748
1.296077
1.291393
1.286697
1.281988
1.277266
1.272532
1.267785
1.263026
1.258254
1.253470
1.248673
1.243864
1.239043
1.234209
1.229364
1.224506
1.219636
1.214754
1.209860
1.204954
1.200037
1.195107
1.190166
1.185213
1.180248
1.175271
1.170283
1.165284
1.160273
1.155250
1.150216
1.145171
1.140114
1.135046
1.129967
1.124877
1.119776
1.114663
1.109540
1.104406
1.099261
1.094104
1.088938
1.083760
1.078572
1.073373
1.068163
1.062943
1.057712
1.052471
1.047220
1.041958
1.036686
1.031404
1.026112
1.020809
1.015496
1.010174
1.004841
0.999499
0.994146
0.988784
0.983412
0.978030
0.972639
0.967238
0.961827
0.956407
0.950978
0.945539
0.940091
0.934634
0.929167
0.923691
0.918206
0.912712
0.907209
0.901697
0.896176
0.890647
0.885108
0.879561
0.874005
0.868441
0.862867
0.857286
0.851696
0.846097
0.840490
0.834875
0.829252
0.823620
0.817981
0.812333
0.806677
0.801013
0.795342
0.789662
0.783975
0.778280
0.772577
0.766867
0.761149
0.755424
0.749691
0.743951
0.738203
0.732448
0.726686
0.720917
0.715140
0.709357
0.703566
0.697769
0.691965
0.686153
0.680335
0.674511
0.668680
0.662842
0.656997
0.651146
0.645289
0.639425
0.633555
0.627679
0.621797
0.615908
0.610013
0.604113
0.598206
0.592294
0.586375
0.580451
0.574521
0.568585
0.562644
0.556697
0.550745
0.544788
0.538824
0.532856
0.526882
0.520904
0.514920
0.508931
0.502937
0.496937
0.490934
0.484925
0.478911
0.472893
0.466870
0.460842
0.454810
0.448774
0.442732
0.436687
0.430637
0.424583
0.418525
0.412463
0.406396
0.400326
0.394252
0.388174
0.382091
0.376006
0.369916
0.363823
0.357726
0.351626
0.345522
0.339415
0.333304
0.327190
0.321073
0.314953
0.308830
0.302703
0.296574
0.290442
0.284307
0.278169
0.272028
0.265885
0.259739
0.253590
0.247439
0.241285
0.235129
0.228971
0.222811
0.216648
0.210483
0.204316
0.198147
0.191976
0.185804
0.179629
0.173453
0.167275
0.161095
0.154913
0.148731
0.142546
0.136360
0.130173
0.123985
0.117795
0.111605
0.105413
0.099220
0.093026
0.086831
0.080636
0.074439
0.068242
0.062044
0.055846
0.049647
0.043447
0.037247
0.031047
0.024846
0.018645
0.012444
0.006243
0.000042
-0.006159
-0.012360
-0.018562
-0.024762
-0.030963
-0.037163
-0.043363
-0.049563
-0.055762
-0.061960
-0.068158
-0.074355
-0.080552
-0.086748
-0.092942
-0.099136
-0.105329
-0.111521
-0.117712
-0.123901
-0.130090
-0.136277
-0.142463
-0.148647
-0.154830
-0.161011
-0.167191
-0.173369
-0.179546
-0.185720
-0.191893
-0.198064
-0.204233
-0.210400
-0.216565
-0.222727
-0.228888
-0.235046
-0.241202
-0.247356
-0.253507
-0.259655
-0.265802
-0.271945
-0.278086
-0.284224
-0.290359
-0.296491
-0.302621
-0.308747
-0.314870
-0.320991
-0.327108
-0.333222
-0.339332
-0.345440
-0.351543
-0.357644
-0.363741
-0.369834
-0.375923
-0.382009
-0.388091
-0.394170
-0.400244
-0.406314
-0.412381
-0.418443
-0.424501
-0.430556
-0.436605
-0.442651
-0.448692
-0.454729
-0.460761
-0.466788
-0.472811
-0.478830
-0.484843
-0.490852
-0.496856
-0.502855
-0.508850
-0.514839
-0.520823
-0.526802
-0.532775
-0.538744
-0.544707
-0.550665
-0.556617
-0.562564
-0.568505
-0.574441
-0.580371
-0.586295
-0.592214
-0.598126
-0.604033
-0.609934
-0.615828
-0.621717
-0.627600
-0.633476
-0.639346
-0.645210
-0.651067
-0.656918
-0.662763
-0.668601
-0.674432
-0.680257
-0.686075
-0.691886
-0.697690
-0.703488
-0.709279
-0.715062
-0.720839
-0.726608
-0.732370
-0.738125
-0.743873
-0.749613
-0.755346
-0.761072
-0.766790
-0.772500
-0.778203
-0.783898
-0.789585
-0.795265
-0.800937
-0.806601
-0.812257
-0.817904
-0.823544
-0.829176
-0.834799
-0.840415
-0.846022
-0.851620
-0.857210
-0.862792
-0.868365
-0.873930
-0.879486
-0.885033
-0.890572
-0.896102
-0.901623
-0.907135
-0.912638
-0.918132
-0.923617
-0.929093
-0.934560
-0.940017
-0.945466
-0.950905
-0.956334
-0.961754
-0.967165
-0.972566
-0.977957
-0.983339
-0.988711
-0.994074
-0.999426
-1.004769
-1.010102
-1.015425
-1.020737
-1.026040
-1.031333
-1.036615
-1.041887
-1.047149
-1.052401
-1.057642
-1.062872
-1.068093
-1.073302
-1.078501
-1.083690
-1.088868
-1.094035
-1.099191
-1.104336
-1.109471
-1.114594
-1.119707
-1.124808
-1.129899
-1.134978
-1.140046
-1.145103
-1.150148
-1.155182
-1.160205
-1.165216
-1.170216
-1.175204
-1.180181
-1.185146
-1.190099
-1.195040
-1.199970
-1.204888
-1.209794
-1.214688
-1.219570
-1.224440
-1.229298
-1.234144
-1.238977
-1.243799
-1.248608
-1.253405
-1.258189
-1.262961
-1.267721
-1.272468
-1.277202
-1.281924
-1.286633
-1.291330
-1.296014
-1.300685
-1.305343
-1.309988
-1.314620
-1.319240
-1.323846
-1.328439
-1.333019
-1.337586
-1.342140
-1.346681
-1.351208
-1.355722
-1.360223
-1.364710
-1.369183
-1.373643
-1.378090
-1.382523
-1.386942
-1.391348
-1.395740
-1.400118
-1.404482
-1.408833
-1.413169
-1.417492
-1.421801
-1.426095
-1.430376
-1.434642
-1.438894
-1.443132
-1.447356
-1.451566
-1.455761
-1.459942
-1.464108
-1.468260
-1.472397
-1.476520
-1.480629
-1.484722
-1.488802
-1.492866
-1.496916
-1.500951
-1.504971
-1.508976
-1.512966
-1.516942
-1.520902
-1.524847
-1.528778
-1.532693
-1.536593
-1.540478
-1.544348
-1.548202
-1.552042
-1.555866
-1.559674
-1.563467
-1.567245
-1.571007
-1.574754
-1.578485
-1.582201
-1.585901
-1.589586
-1.593254
-1.596907
-1.600545
-1.604166
-1.607772
-1.611361
-1.614935
-1.618493
-1.622035
-1.625561
-1.629071
-1.632564
-1.636042
-1.639504
-1.642949
-1.646378
-1.649791
-1.653187
-1.656568
-1.659932
-1.663279
-1.666610
-1.669925
-1.673223
-1.676505
-1.679770
-1.683019
-1.686251
-1.689466
-1.692664
-1.695846
-1.699012
-1.702160
-1.705292
-1.708406
-1.711504
-1.714585
-1.717649
-1.720697
-1.723727
-1.726740
-1.729736
-1.732715
-1.735677
-1.738622
-1.741550
-1.744460
-1.747353
-1.750229
-1.753088
-1.755929
-1.758754
-1.761560
-1.764350
-1.767122
-1.769876
-1.772613
-1.775333
-1.778035
-1.780719
-1.783386
-1.786035
-1.788667
-1.791281
-1.793877
-1.796456
-1.799017
-1.801560
-1.804085
-1.806593
-1.809083
-1.811555
-1.814009
-1.816445
-1.818863
-1.821263
-1.823645
-1.826009
-1.828356
-1.830684
-1.832994
-1.835286
-1.837560
-1.839816
-1.842053
-1.844273
-1.846474
-1.848657
-1.850822
-1.852968
-1.855096
-1.857206
-1.859298
-1.861371
-1.863426
-1.865462
-1.867480
-1.869480
-1.871461
-1.873424
-1.875368
-1.877294
-1.879201
-1.881089
-1.882959
-1.884811
-1.886644
-1.888458
-1.890253
-1.892030
-1.893789
-1.895528
-1.897249
-1.898951
-1.900635
-1.902299
-1.903945
-1.905572
-1.907181
-1.908770
-1.910341
-1.911892
-1.913425
-1.914939
-1.916434
-1.917910
-1.919368
-1.920806
-1.922225
-1.923626
-1.925007
-1.926370
-1.927713
-1.929037
-1.930343
-1.931629
-1.932896
-1.934144
-1.935373
-1.936583
-1.937774
-1.938946
-1.940098
-1.941232
-1.942346
-1.943441
-1.944517
-1.945574
-1.946611
-1.947630
-1.948629
-1.949608
-1.950569
-1.951510
-1.952432
-1.953335
-1.954219
-1.955083
-1.955928
-1.956754
-1.957560
-1.958347
-1.959115
-1.959863
-1.960592
-1.961302
-1.961992
-1.962663
-1.963315
-1.963947
-1.964560
-1.965153
-1.965727
-1.966282
-1.966817
-1.967333
-1.967829
-1.968306
-1.968764
-1.969202
-1.969620
-1.970020
-1.970399
-1.970760
-1.971101
-1.971422
-1.971724
-1.972007
-1.972270
-1.972513
-1.972737
-1.972942
-1.973127
-1.973293
-1.973439
-1.973566
-1.973673
-1.973761
-1.973829
-1.973878
-1.973908
-1.973918
-1.973908
-1.973879
-1.973830
-1.973762
-1.973675
-1.973568
-1.973441
-1.973295
-1.973130
-1.972945
-1.972741
-1.972517
-1.972273
-1.972011
-1.971728
-1.971427
-1.971105
-1.970765
-1.970405
-1.970025
-1.969626
-1.969208
-1.968770
-1.968313
-1.967836
-1.967340
-1.966824
-1.966290
-1.965735
-1.965161
-1.964568
-1.963956
-1.963324
-1.962673
-1.962002
-1.961312
-1.960602
-1.959874
-1.959126
-1.958358
-1.957571
-1.956765
-1.955940
-1.955095
-1.954231
-1.953348
-1.952446
-1.951524
-1.950583
-1.949622
-1.948643
-1.947644
-1.946626
-1.945589
-1.944532
-1.943457
-1.942362
-1.941248
-1.940115
-1.938962
-1.937791
-1.936600
-1.935391
-1.934162
-1.932914
-1.931647
-1.930361
-1.929056
-1.927732
-1.926389
-1.925027
-1.923646
-1.922246
-1.920827
-1.919389
-1.917932
-1.916456
-1.914961
-1.913447
-1.911914
-1.910363
-1.908793
-1.907203
-1.905595
-1.903969
-1.902323
-1.900659
-1.898976
-1.897274
-1.895553
-1.893814
-1.892056
-1.890279
-1.888484
-1.886670
-1.884837
-1.882986
-1.881116
-1.879228
-1.877321
-1.875396
-1.873452
-1.871489
-1.869508
-1.867509
-1.865491
-1.863455
-1.861401
-1.859328
-1.857236
-1.855127
-1.852999
-1.850853
-1.848688
-1.846505
-1.844304
-1.842085
-1.839848
-1.837592
-1.835319
-1.833027
-1.830717
-1.828389
-1.826043
-1.823679
-1.821297
-1.818897
-1.816479
-1.814044
-1.811590
-1.809118
-1.806629
-1.804122
-1.801596
-1.799054
-1.796493
-1.793915
-1.791318
-1.788705
-1.786073
-1.783424
-1.780758
-1.778073
-1.775372
-1.772652
-1.769916
-1.767161
-1.764390
-1.761600
-1.758794
-1.755970
-1.753129
-1.750270
-1.747395
-1.744502
-1.741591
-1.738664
-1.735719
-1.732758
-1.729779
-1.726783
-1.723770
-1.720740
-1.717693
-1.714629
-1.711549
-1.708451
-1.705336
-1.702205
-1.699057
-1.695892
-1.692710
-1.689512
-1.686297
-1.683065
-1.679817
-1.676552
-1.673270
-1.669973
-1.666658
-1.663327
-1.659980
-1.656616
-1.653236
-1.649840
-1.646427
-1.642998
-1.639553
-1.636092
-1.632614
-1.629121
-1.625611
-1.622086
-1.618544
-1.614986
-1.611413
-1.607823
-1.604218
-1.600597
-1.596960
-1.593307
-1.589638
-1.585954
-1.582254
-1.578539
-1.574808
-1.571061
-1.567299
-1.563522
-1.559729
-1.555920
-1.552097
-1.548258
-1.544403
-1.540534
-1.536649
-1.532749
-1.528834
-1.524904
-1.520959
-1.516999
-1.513023
-1.509033
-1.505028
-1.501008
-1.496974
-1.492924
-1.488860
-1.484781
-1.480688
-1.476579
-1.472457
-1.468320
-1.464168
-1.460002
-1.455821
-1.451626
-1.447417
-1.443193
-1.438955
-1.434703
-1.430437
-1.426157
-1.421862
-1.417554
-1.413232
-1.408895
-1.404545
-1.400181
-1.395803
-1.391411
-1.387006
-1.382587
-1.378154
-1.373707
-1.369247
-1.364774
-1.360287
-1.355787
-1.351273
-1.346746
-1.342206
-1.337652
-1.333085
-1.328505
-1.323912
-1.319306
-1.314687
-1.310055
-1.305410
-1.300752
-1.296081
-1.291397
-1.286701
-1.281992
-1.277270
-1.272536
-1.267789
-1.263030
-1.258258
-1.253474
-1.248677
-1.243868
-1.239047
-1.234213
-1.229368
-1.224510
-1.219640
-1.214758
-1.209864
-1.204959
-1.200041
-1.195111
-1.190170
-1.185217
-1.180252
-1.175276
-1.170288
-1.165288
-1.160277
-1.155254
-1.150220
-1.145175
-1.140119
-1.135051
-1.129972
-1.124881
-1.119780
-1.114668
-1.109544
-1.104410
-1.099265
-1.094109
-1.088942
-1.083764
-1.078576
-1.073377
-1.068168
-1.062947
-1.057717
-1.052476
-1.047225
-1.041963
-1.036691
-1.031408
-1.026116
-1.020814
-1.015501
-1.010178
-1.004846
-0.999503
-0.994151
-0.988788
-0.983416
-0.978035
-0.972643
-0.967242
-0.961832
-0.956412
-0.950983
-0.945544
-0.940096
-0.934638
-0.929172
-0.923696
-0.918211
-0.912717
-0.907214
-0.901702
-0.896181
-0.890651
-0.885113
-0.879566
-0.874010
-0.868445
-0.862872
-0.857291
-0.851701
-0.846102
-0.840495
-0.834880
-0.829257
-0.823625
-0.817985
-0.812338
-0.806682
-0.801018
-0.795347
-0.789667
-0.783980
-0.778285
-0.772582
-0.766872
-0.761154
-0.755428
-0.749696
-0.743955
-0.738208
-0.732453
-0.726691
-0.720921
-0.715145
-0.709362
-0.703571
-0.697774
-0.691969
-0.686158
-0.680340
-0.674516
-0.668685
-0.662847
-0.657002
-0.651151
-0.645294
-0.639430
-0.633560
-0.627684
-0.621802
-0.615913
-0.610018
-0.604118
-0.598211
-0.592299
-0.586380
-0.580456
-0.574526
-0.568590
-0.562649
-0.556702
-0.550750
-0.544793
-0.538830
-0.532861
-0.526888
-0.520909
-0.514925
-0.508936
-0.502942
-0.496943
-0.490939
-0.484930
-0.478916
-0.472898
-0.466875
-0.460847
-0.454815
-0.448779
-0.442738
-0.436692
-0.430642
-0.424588
-0.418530
-0.412468
-0.406402
-0.400331
-0.394257
-0.388179
-0.382097
-0.376011
-0.369921
-0.363828
-0.357731
-0.351631
-0.345527
-0.339420
-0.333309
-0.327196
-0.321079
-0.314958
-0.308835
-0.302709
-0.296579
-0.290447
-0.284312
-0.278174
-0.272033
-0.265890
-0.259744
-0.253595
-0.247444
-0.241290
-0.235135
-0.228976
-0.222816
-0.216653
-0.210488
-0.204321
-0.198152
-0.191982
-0.185809
-0.179634
-0.173458
-0.167280
-0.161100
-0.154919
-0.148736
-0.142551
-0.136366
-0.130179
-0.123990
-0.117801
-0.111610
-0.105418
-0.099225
-0.093031
-0.086836
-0.080641
-0.074444
-0.068247
-0.062049
-0.055851
-0.049652
-0.043452
-0.037252
-0.031052
-0.024851
-0.018651
-0.012450
-0.006248
-0.000047
0.006154
0.012355
0.018556
0.024757
0.030958
0.037158
0.043358
0.049558
0.055757
0.061955
0.068153
0.074350
0.080547
0.086742
0.092937
0.099131
0.105324
0.111516
0.117707
0.123896
0.130085
0.136272
0.142457
0.148642
0.154825
0.161006
0.167186
0.173364
0.179540
0.185715
0.191888
0.198059
0.204228
0.210395
0.216559
0.222722
0.228883
0.235041
0.241197
0.247350
0.253502
0.259650
0.265796
0.271940
0.278081
0.284219
0.290354
0.296486
0.302615
0.308742
0.314865
0.320986
0.327103
0.333217
0.339327
0.345434
0.351538
0.357639
0.363735
0.369829
0.375918
0.382004
0.388086
0.394165
0.400239
0.406309
0.412376
0.418438
0.424496
0.430550
0.436600
0.442646
0.448687
0.454723
0.460756
0.466783
0.472806
0.478825
0.484838
0.490847
0.496851
0.502850
0.508845
0.514834
0.520818
0.526797
0.532770
0.538739
0.544702
0.550660
0.556612
0.562559
0.568500
0.574436
0.580366
0.586290
0.592209
0.598121
0.604028
0.609929
0.615823
0.621712
0.627595
0.633471
0.639341
0.645205
0.651062
0.656913
0.662758
0.668596
0.674427
0.680252
0.686070
0.691881
0.697686
0.703483
0.709274
0.715057
0.720834
0.726603
0.732365
0.738120
0.743868
0.749608
0.755341
0.761067
0.766785
0.772495
0.778198
0.783893
0.789581
0.795260
0.800932
0.806596
0.812252
0.817900
0.823539
0.829171
0.834795
0.840410
0.846017
0.851615
0.857206
0.862787
0.868361
0.873925
0.879481
0.885029
0.890567
0.896097
0.901618
0.907130
0.912633
0.918127
0.923612
0.929088
0.934555
0.940013
0.945461
0.950900
0.956330
0.961750
0.967160
0.972561
0.977953
0.983335
0.988707
0.994069
0.999422
1.004764
1.010097
1.015420
1.020733
1.026036
1.031328
1.036611
1.041883
1.047145
1.052396
1.057637
1.062868
1.068088
1.073298
1.078497
1.083686
1.088863
1.094030
1.099187
1.104332
1.109466
1.114590
1.119702
1.124804
1.129894
1.134974
1.140042
1.145098
1.150144
1.155178
1.160201
1.165212
1.170212
1.175200
1.180176
1.185141
1.190095
1.195036
1.199966
1.204884
1.209790
1.214684
1.219566
1.224436
1.229294
1.234140
1.238973
1.243795
1.248604
1.253401
1.258185
1.262957
1.267717
1.272464
1.277198
1.281920
1.286629
1.291326
1.296010
1.300681
1.305339
1.309984
1.314616
1.319236
1.323842
1.328435
1.333016
1.337583
1.342136
1.346677
1.351204
1.355718
1.360219
1.364706
1.369180
1.373640
1.378086
1.382519
1.386939
1.391344
1.395736
1.400114
1.404479
1.408829
1.413166
1.417488
1.421797
1.426092
1.430372
1.434639
1.438891
1.443129
1.447353
1.451562
1.455757
1.459938
1.464105
1.468257
1.472394
1.476517
1.480625
1.484719
1.488798
1.492863
1.496912
1.500947
1.504967
1.508972
1.512963
1.516938
1.520899
1.524844
1.528774
1.532690
1.536590
1.540475
1.544345
1.548199
1.552038
1.555862
1.559671
1.563464
1.567242
1.571004
1.574751
1.578482
1.582198
1.585898
1.589582
1.593251
1.596904
1.600541
1.604163
1.607768
1.611358
1.614932
1.618490
1.622032
1.625558
1.629068
1.632561
1.636039
1.639501
1.642946
1.646375
1.649788
1.653185
1.656565
1.659929
1.663276
1.666608
1.669922
1.673220
1.676502
1.679767
1.683016
1.686248
1.689463
1.692662
1.695844
1.699009
1.702157
1.705289
1.708404
1.711502
1.714583
1.717647
1.720694
1.723724
1.726737
1.729734
1.732713
1.735675
1.738619
1.741547
1.744458
1.747351
1.750227
1.753086
1.755927
1.758751
1.761558
1.764347
1.767119
1.769874
1.772611
1.775330
1.778032
1.780717
1.783384
1.786033
1.788665
1.791279
1.793875
1.796454
1.799015
1.801558
1.804083
1.806591
1.809081
1.811552
1.814006
1.816443
1.818861
1.821261
1.823643
1.826007
1.828354
1.830682
1.832992
1.835284
1.837558
1.839814
1.842051
1.844271
1.846472
1.848655
1.850820
1.852966
1.855094
1.857204
1.859296
1.861369
1.863424
1.865461
1.867479
1.869478
1.871459
1.873422
1.875366
1.877292
1.879199
1.881088
1.882958
1.884809
1.886642
1.888456
1.890252
1.892029
1.893787
1.895527
1.897248
1.898950
1.900633
1.902298
1.903944
1.905571
1.907179
1.908769
1.910339
1.911891
1.913424
1.914938
1.916433
1.917909
1.919367
1.920805
1.922224
1.923625
1.925006
1.926368
1.927712
1.929036
1.930342
1.931628
1.932895
1.934143
1.935372
1.936582
1.937773
1.938945
1.940097
1.941231
1.942345
1.943440
1.944516
1.945573
1.946610
1.947629
1.948628
1.949608
1.950568
1.951510
1.952432
1.953335
1.954218
1.955082
1.955927
1.956753
1.957559
1.958346
1.959114
1.959862
1.960592
1.961301
1.961992
1.962662
1.963314
1.963946
1.964559
1.965153
1.965727
1.966281
1.966816
1.967332
1.967829
1.968306
1.968763
1.969201
1.969620
1.970019
1.970399
1.970760
1.971100
1.971422
1.971724
1.972006
1.972270
1.972513
1.972737
1.972942
1.973127
1.973293
1.973439
1.973566
1.973673
1.973761
1.973829
1.973878
1.973908
1.973918
1.973908
1.973879
1.973830
1.973762
1.973675
1.973568
1.973441
1.973295
1.973130
1.972945
1.972741
1.972517
1.972274
1.972011
1.971729
1.971427
1.971106
1.970765
1.970405
1.970026
1.969627
1.969208
1.968770
1.968313
1.967837
1.967340
1.966825
1.966290
1.965736
1.965162
1.964569
1.963956
1.963324
1.962673
1.962002
1.961312
1.960603
1.959874
1.959126
1.958359
1.957572
1.956766
1.955941
1.955096
1.954232
1.953349
1.952446
1.951525
1.950583
1.949623
1.948644
1.947645
1.946627
1.945590
1.944533
1.943458
1.942363
1.941249
1.940116
1.938963
1.937792
1.936601
1.935392
1.934163
1.932915
1.931648
1.930362
1.929057
1.927733
1.926390
1.925028
1.923647
1.922247
1.920828
1.919390
1.917933
1.916457
1.914962
1.913448
1.911916
1.910364
1.908794
1.907205
1.905597
1.903970
1.902324
1.900660
1.898977
1.897275
1.895555
1.893815
1.892057
1.890281
1.888485
1.886671
1.884839
1.882988
1.881118
1.879230
1.877323
1.875397
1.873453
1.871491
1.869510
1.867511
1.865493
1.863457
1.861402
1.859329
1.857238
1.855129
1.853001
1.850854
1.848690
1.846507
1.844306
1.842087
1.839850
1.837594
1.835321
1.833029
1.830719
1.828391
1.826045
1.823681
1.821299
1.818899
1.816482
1.814046
1.811592
1.809120
1.806631
1.804124
1.801599
1.799056
1.796495
1.793917
1.791321
1.788707
1.786075
1.783426
1.780760
1.778076
1.775374
1.772655
1.769918
1.767164
1.764392
1.761603
1.758796
1.755973
1.753131
1.750273
1.747397
1.744504
1.741594
1.738667
1.735722
1.732760
1.729782
1.726786
1.723773
1.720743
1.717696
1.714632
1.711551
1.708454
1.705339
1.702208
1.699060
1.695895
1.692713
1.689515
1.686300
1.683068
1.679820
1.676555
1.673273
1.669975
1.666661
1.663330
1.659983
1.656619
1.653239
1.649843
1.646430
1.643001
1.639556
1.636095
1.632617
1.629124
1.625614
1.622089
1.618547
1.614989
1.611416
1.607826
1.604221
1.600600
1.596963
1.593310
1.589641
1.585957
1.582258
1.578542
1.574811
1.571065
1.567302
1.563525
1.559732
1.555924
1.552100
1.548261
1.544407
1.540537
1.536652
1.532752
1.528837
1.524907
1.520962
1.517002
1.513027
1.509037
1.505032
1.501012
1.496977
1.492928
1.488863
1.484785
1.480691
1.476583
1.472460
1.468323
1.464171
1.460005
1.455825
1.451630
1.447420
1.443197
1.438959
1.434707
1.430441
1.426160
1.421866
1.417558
1.413235
1.408899
1.404549
1.400185
1.395807
1.391415
1.387009
1.382590
1.378158
1.373711
1.369251
1.364778
1.360291
1.355791
1.351277
1.346750
1.342209
1.337656
1.333089
1.328509
1.323916
1.319310
1.314691
1.310059
1.305413
1.300756
1.296085
1.291401
1.286705
1.281996
1.277274
1.272540
1.267793
1.263034
1.258262
1.253478
1.248681
1.243872
1.239051
1.234217
1.229372
1.224514
1.219644
1.214762
1.209869
1.204963
1.200045
1.195115
1.190174
1.185221
1.180256
1.175280
1.170292
1.165292
1.160281
1.155259
1.150225
1.145179
1.140123
1.135055
1.129976
1.124886
1.119784
1.114672
1.109549
1.104414
1.099269
1.094113
1.088946
1.083769
1.078580
1.073382
1.068172
1.062952
1.057721
1.052480
1.047229
1.041967
1.036695
1.031413
1.026121
1.020818
1.015505
1.010183
1.004850
0.999508
0.994155
0.988793
0.983421
0.978039
0.972648
0.967247
0.961837
0.956417
0.950987
0.945548
0.940100
0.934643
0.929176
0.923700
0.918216
0.912722
0.907219
0.901707
0.896186
0.890656
0.885118
0.879570
0.874015
0.868450
0.862877
0.857295
0.851705
0.846107
0.840500
0.834885
0.829261
0.823630
0.817990
0.812343
0.806687
0.801023
0.795351
0.789672
0.783985
0.778290
0.772587
0.766877
0.761159
0.755433
0.749700
0.743960
0.738213
0.732458
0.726696
0.720926
0.715150
0.709366
0.703576
0.697779
0.691974
0.686163
0.680345
0.674521
0.668689
0.662852
0.657007
0.651156
0.645299
0.639435
0.633565
0.627689
0.621807
0.615918
0.610023
0.604123
0.598216
0.592304
0.586385
0.580461
0.574531
0.568595
0.562654
0.556708
0.550755
0.544798
0.538835
0.532866
0.526893
0.520914
0.514930
0.508941
0.502947
0.496948
0.490944
0.484935
0.478921
0.472903
0.466880
0.460852
0.454820
0.448784
0.442743
0.436697
0.430648
0.424594
0.418535
0.412473
0.406407
0.400336
0.394262
0.388184
0.382102
0.376016
0.369926
0.363833
0.357736
0.351636
0.345532
0.339425
0.333315
0.327201
0.321084
0.314964
0.308840
0.302714
0.296584
0.290452
0.284317
0.278179
0.272038
0.265895
0.259749
0.253600
0.247449
0.241296
0.235140
0.228982
0.222821
0.216658
0.210494
0.204327
0.198158
0.191987
0.185814
0.179639
0.173463
0.167285
0.161105
0.154924
0.148741
0.142557
0.136371
0.130184
0.123995
0.117806
0.111615
0.105423
0.099230
0.093036
0.086842
0.080646
0.074450
0.068252
0.062055
0.055856
0.049657
0.043458
0.037258
0.031057
0.024857
0.018656
0.012455
0.006254
