-1.973918
-1.973908
-1.973879
-1.973830
-1.973762
-1.973674
-1.973567
-1.973440
-1.973294
-1.973129
-1.972944
-1.972739
-1.972515
-1.972272
-1.972009
-1.971726
-1.971424
-1.971103
-1.970762
-1.970402
-1.970022
-1.969623
-1.969205
-1.968767
-1.968309
-1.967833
-1.967336
-1.966821
-1.966286
-1.965731
-1.965157
-1.964564
-1.963951
-1.963319
-1.962668
-1.961997
-1.961307
-1.960597
-1.959868
-1.959120
-1.958353
-1.957566
-1.956760
-1.955934
-1.955089
-1.954225
-1.953342
-1.952439
-1.951517
-1.950576
-1.949615
-1.948636
-1.947637
-1.946619
-1.945581
-1.944525
-1.943449
-1.942354
-1.941240
-1.940107
-1.938954
-1.937783
-1.936592
-1.935382
-1.934153
-1.932905
-1.931638
-1.930352
-1.929047
-1.927723
-1.926379
-1.925017
-1.923636
-1.922236
-1.920816
-1.919378
-1.917921
-1.916445
-1.914950
-1.913436
-1.911903
-1.910352
-1.908781
-1.907192
-1.905584
-1.903957
-1.902311
-1.900647
-1.898963
-1.897261
-1.895541
-1.893801
-1.892043
-1.890266
-1.888471
-1.886657
-1.884824
-1.882973
-1.881103
-1.879214
-1.877307
-1.875382
-1.873438
-1.871475
-1.869494
-1.867495
-1.865477
-1.863440
-1.861386
-1.859313
-1.857221
-1.855111
-1.852983
-1.850837
-1.848672
-1.846490
-1.844289
-1.842069
-1.839832
-1.837576
-1.835302
-1.833010
-1.830700
-1.828372
-1.826026
-1.823662
-1.821280
-1.818880
-1.816462
-1.814026
-1.811572
-1.809100
-1.806611
-1.804103
-1.801578
-1.799035
-1.796474
-1.793896
-1.791300
-1.788686
-1.786054
-1.783405
-1.780738
-1.778054
-1.775352
-1.772633
-1.769896
-1.767141
-1.764370
-1.761580
-1.758774
-1.755950
-1.753108
-1.750250
-1.747374
-1.744481
-1.741571
-1.738643
-1.735698
-1.732736
-1.729758
-1.726762
-1.723748
-1.720718
-1.717671
-1.714607
-1.711527
-1.708429
-1.705314
-1.702183
-1.699034
-1.695869
-1.692687
-1.689489
-1.686274
-1.683042
-1.679793
-1.676528
-1.673247
-1.669949
-1.666634
-1.663303
-1.659956
-1.656592
-1.653212
-1.649815
-1.646403
-1.642974
-1.639528
-1.636067
-1.632589
-1.629096
-1.625586
-1.622060
-1.618518
-1.614961
-1.611387
-1.607797
-1.604192
-1.600571
-1.596933
-1.593281
-1.589612
-1.585928
-1.582228
-1.578512
-1.574781
-1.571034
-1.567272
-1.563495
-1.559702
-1.555893
-1.552069
-1.548230
-1.544376
-1.540506
-1.536621
-1.532721
-1.528806
-1.524876
-1.520930
-1.516970
-1.512995
-1.509005
-1.504999
-1.500979
-1.496945
-1.492895
-1.488831
-1.484752
-1.480658
-1.476550
-1.472427
-1.468290
-1.464138
-1.459972
-1.455791
-1.451596
-1.447386
-1.443163
-1.438925
-1.434673
-1.430406
-1.426126
-1.421832
-1.417523
-1.413200
-1.408864
-1.404514
-1.400149
-1.395771
-1.391380
-1.386974
-1.382555
-1.378122
-1.373675
-1.369215
-1.364742
-1.360255
-1.355754
-1.351241
-1.346713
-1.342173
-1.337619
-1.333052
-1.328472
-1.323879
-1.319273
-1.314654
-1.310021
-1.305376
-1.300718
-1.296047
-1.291364
-1.286667
-1.281958
-1.277236
-1.272502
-1.267755
-1.262995
-1.258224
-1.253439
-1.248642
-1.243833
-1.239012
-1.234179
-1.229333
-1.224475
-1.219605
-1.214723
-1.209829
-1.204923
-1.200005
-1.195076
-1.190134
-1.185181
-1.180216
-1.175240
-1.170252
-1.165252
-1.160241
-1.155218
-1.150184
-1.145139
-1.140082
-1.135014
-1.129935
-1.124845
-1.119743
-1.114631
-1.109508
-1.104373
-1.099228
-1.094072
-1.088905
-1.083727
-1.078539
-1.073340
-1.068130
-1.062910
-1.057679
-1.052438
-1.047187
-1.041925
-1.036653
-1.031371
-1.026078
-1.020775
-1.015463
-1.010140
-1.004807
-0.999465
-0.994112
-0.988750
-0.983378
-0.977996
-0.972605
-0.967204
-0.961793
-0.956373
-0.950944
-0.945505
-0.940057
-0.934599
-0.929132
-0.923656
-0.918171
-0.912677
-0.907174
-0.901662
-0.896141
-0.890612
-0.885073
-0.879526
-0.873970
-0.868405
-0.862832
-0.857250
-0.851660
-0.846062
-0.840455
-0.834840
-0.829216
-0.823585
-0.817945
-0.812297
-0.806641
-0.800978
-0.795306
-0.789626
-0.783939
-0.778244
-0.772541
-0.766831
-0.761113
-0.755387
-0.749654
-0.743914
-0.738166
-0.732412
-0.726649
-0.720880
-0.715104
-0.709320
-0.703530
-0.697732
-0.691928
-0.686117
-0.680299
-0.674474
-0.668643
-0.662805
-0.656960
-0.651109
-0.645252
-0.639388
-0.633518
-0.627642
-0.621759
-0.615871
-0.609976
-0.604075
-0.598169
-0.592256
-0.586338
-0.580413
-0.574483
-0.568548
-0.562607
-0.556660
-0.550708
-0.544750
-0.538787
-0.532818
-0.526845
-0.520866
-0.514882
-0.508893
-0.502899
-0.496899
-0.490895
-0.484887
-0.478873
-0.472855
-0.466832
-0.460804
-0.454772
-0.448735
-0.442694
-0.436649
-0.430599
-0.424545
-0.418487
-0.412424
-0.406358
-0.400288
-0.394213
-0.388135
-0.382053
-0.375967
-0.369878
-0.363784
-0.357688
-0.351587
-0.345483
-0.339376
-0.333266
-0.327152
-0.321035
-0.314914
-0.308791
-0.302665
-0.296535
-0.290403
-0.284268
-0.278130
-0.271989
-0.265846
-0.259700
-0.253551
-0.247400
-0.241246
-0.235090
-0.228932
-0.222772
-0.216609
-0.210444
-0.204277
-0.198108
-0.191937
-0.185765
-0.179590
-0.173413
-0.167235
-0.161056
-0.154874
-0.148691
-0.142507
-0.136321
-0.130134
-0.123946
-0.117756
-0.111565
-0.105374
-0.099181
-0.092987
-0.086792
-0.080596
-0.074400
-0.068203
-0.062005
-0.055806
-0.049607
-0.043408
-0.037208
-0.031008
-0.024807
-0.018606
-0.012405
-0.006204
-0.000003
0.006199
0.012400
0.018601
0.024802
0.031002
0.037203
0.043403
0.049602
0.055801
0.062000
0.068197
0.074395
0.080591
0.086787
0.092982
0.099175
0.105368
0.111560
0.117751
0.123941
0.130129
0.136316
0.142502
0.148686
0.154869
0.161050
0.167230
0.173408
0.179585
0.185759
0.191932
0.198103
0.204272
0.210439
0.216604
0.222766
0.228927
0.235085
0.241241
0.247395
0.253546
0.259694
0.265840
0.271984
0.278125
0.284263
0.290398
0.296530
0.302659
0.308786
0.314909
0.321030
0.327147
0.333260
0.339371
0.345478
0.351582
0.357682
0.363779
0.369872
0.375962
0.382048
0.388130
0.394208
0.400283
0.406353
0.412419
0.418482
0.424540
0.430594
0.436644
0.442689
0.448730
0.454767
0.460799
0.466827
0.472850
0.478868
0.484882
0.490890
0.496894
0.502893
0.508888
0.514877
0.520861
0.526840
0.532813
0.538782
0.544745
0.550702
0.556655
0.562602
0.568543
0.574478
0.580408
0.586333
0.592251
0.598164
0.604070
0.609971
0.615866
0.621754
0.627637
0.633513
0.639383
0.645247
0.651104
0.656955
0.662800
0.668638
0.674469
0.680294
0.686112
0.691923
0.697727
0.703525
0.709315
0.715099
0.720875
0.726644
0.732407
0.738162
0.743909
0.749650
0.755383
0.761108
0.766826
0.772536
0.778239
0.783934
0.789622
0.795301
0.800973
0.806637
0.812292
0.817940
0.823580
0.829212
0.834835
0.840450
0.846057
0.851656
0.857246
0.862827
0.868401
0.873965
0.879521
0.885068
0.890607
0.896137
0.901658
0.907170
0.912673
0.918167
0.923652
0.929128
0.934594
0.940052
0.945500
0.950939
0.956368
0.961789
0.967199
0.972600
0.977992
0.983373
0.988745
0.994108
0.999460
1.004803
1.010135
1.015458
1.020771
1.026074
1.031366
1.036648
1.041921
1.047182
1.052434
1.057675
1.062906
1.068126
1.073335
1.078534
1.083723
1.088900
1.094067
1.099224
1.104369
1.109503
1.114627
1.119739
1.124841
1.129931
1.135010
1.140078
1.145135
1.150180
1.155214
1.160237
1.165248
1.170248
1.175236
1.180212
1.185177
1.190130
1.195072
1.200001
1.204919
1.209825
1.214719
1.219601
1.224471
1.229329
1.234175
1.239008
1.243829
1.248638
1.253435
1.258219
1.262991
1.267751
1.272498
1.277232
1.281954
1.286663
1.291360
1.296043
1.300714
1.305372
1.310017
1.314650
1.319269
1.323875
1.328468
1.333048
1.337615
1.342169
1.346710
1.351237
1.355751
1.360251
1.364738
1.369212
1.373672
1.378118
1.382551
1.386970
1.391376
1.395768
1.400146
1.404510
1.408860
1.413197
1.417519
1.421828
1.426122
1.430403
1.434669
1.438921
1.443159
1.447383
1.451592
1.455787
1.459968
1.464134
1.468286
1.472424
1.476546
1.480655
1.484748
1.488827
1.492892
1.496941
1.500976
1.504996
1.509001
1.512991
1.516967
1.520927
1.524872
1.528803
1.532718
1.536618
1.540503
1.544372
1.548227
1.552066
1.555890
1.559698
1.563491
1.567269
1.571031
1.574778
1.578509
1.582225
1.585925
1.589609
1.593277
1.596930
1.600567
1.604189
1.607794
1.611384
1.614958
1.618515
1.622057
1.625583
1.629093
1.632586
1.636064
1.639525
1.642971
1.646400
1.649812
1.653209
1.656589
1.659953
1.663300
1.666631
1.669946
1.673244
1.676526
1.679791
1.683039
1.686271
1.689486
1.692685
1.695866
1.699032
1.702180
1.705311
1.708426
1.711524
1.714605
1.717669
1.720716
1.723746
1.726759
1.729755
1.732734
1.735696
1.738641
1.741568
1.744478
1.747372
1.750247
1.753106
1.755947
1.758771
1.761578
1.764367
1.767139
1.769893
1.772630
1.775350
1.778052
1.780736
1.783403
1.786052
1.788684
1.791298
1.793894
1.796472
1.799033
1.801576
1.804101
1.806609
1.809098
1.811570
1.814024
1.816460
1.818878
1.821278
1.823660
1.826024
1.828370
1.830699
1.833009
1.835300
1.837574
1.839830
1.842067
1.844287
1.846488
1.848671
1.850835
1.852982
1.855110
1.857219
1.859311
1.861384
1.863439
1.865475
1.867493
1.869492
1.871473
1.873436
1.875380
1.877306
1.879213
1.881101
1.882971
1.884822
1.886655
1.888469
1.890265
1.892042
1.893800
1.895539
1.897260
1.898962
1.900645
1.902310
1.903956
1.905583
1.907191
1.908780
1.910350
1.911902
1.913435
1.914949
1.916444
1.917920
1.919377
1.920815
1.922234
1.923635
1.925016
1.926378
1.927721
1.929046
1.930351
1.931637
1.932904
1.934152
1.935381
1.936591
1.937782
1.938953
1.940106
1.941239
1.942353
1.943448
1.944524
1.945580
1.946618
1.947636
1.948635
1.949615
1.950575
1.951516
1.952438
1.953341
1.954224
1.955088
1.955933
1.956759
1.957565
1.958352
1.959120
1.959868
1.960597
1.961306
1.961996
1.962667
1.963319
1.963951
1.964563
1.965157
1.965731
1.966285
1.966820
1.967336
1.967832
1.968309
1.968766
1.969204
1.969623
1.970022
1.970402
1.970762
1.971103
1.971424
1.971726
1.972008
1.972271
1.972515
1.972739
1.972943
1.973128
1.973294
1.973440
1.973567
1.973674
1.973762
1.973830
1.973879
1.973908
1.973918
1.973908
1.973879
1.973830
1.973762
1.973674
1.973567
1.973440
1.973294
1.973129
1.972944
1.972739
1.972515
1.972272
1.972009
1.971727
1.971425
1.971103
1.970763
1.970402
1.970023
1.969624
1.969205
1.968767
1.968310
1.967833
1.967337
1.966821
1.966286
1.965732
1.965158
1.964564
1.963952
1.963320
1.962668
1.961998
1.961307
1.960598
1.959869
1.959121
1.958353
1.957566
1.956760
1.955935
1.955090
1.954226
1.953342
1.952440
1.951518
1.950577
1.949616
1.948637
1.947638
1.946619
1.945582
1.944526
1.943450
1.942355
1.941241
1.940107
1.938955
1.937784
1.936593
1.935383
1.934154
1.932906
1.931639
1.930353
1.929048
1.927724
1.926380
1.925018
1.923637
1.922237
1.920818
1.919379
1.917922
1.916446
1.914951
1.913437
1.911905
1.910353
1.908783
1.907193
1.905585
1.903958
1.902313
1.900648
1.898965
1.897263
1.895542
1.893803
1.892045
1.890268
1.888472
1.886658
1.884826
1.882974
1.881104
1.879216
1.877309
1.875383
1.873439
1.871477
1.869496
1.867496
1.865478
1.863442
1.861387
1.859314
1.857223
1.855113
1.852985
1.850839
1.848674
1.846491
1.844290
1.842071
1.839834
1.837578
1.835304
1.833012
1.830702
1.828374
1.826028
1.823664
1.821282
1.818882
1.816464
1.814028
1.811574
1.809103
1.806613
1.804106
1.801580
1.799037
1.796477
1.793898
1.791302
1.788688
1.786057
1.783407
1.780741
1.778056
1.775354
1.772635
1.769898
1.767144
1.764372
1.761583
1.758776
1.755952
1.753111
1.750252
1.747376
1.744483
1.741573
1.738645
1.735701
1.732739
1.729760
1.726764
1.723751
1.720721
1.717674
1.714610
1.711529
1.708431
1.705317
1.702185
1.699037
1.695872
1.692690
1.689492
1.686276
1.683045
1.679796
1.676531
1.673250
1.669952
1.666637
1.663306
1.659959
1.656595
1.653215
1.649818
1.646405
1.642976
1.639531
1.636070
1.632592
1.629099
1.625589
1.622063
1.618521
1.614964
1.611390
1.607800
1.604195
1.600574
1.596937
1.593284
1.589615
1.585931
1.582231
1.578515
1.574784
1.571038
1.567275
1.563498
1.559705
1.555896
1.552072
1.548233
1.544379
1.540509
1.536624
1.532724
1.528809
1.524879
1.520934
1.516973
1.512998
1.509008
1.505003
1.500983
1.496948
1.492899
1.488834
1.484755
1.480662
1.476553
1.472431
1.468293
1.464141
1.459975
1.455794
1.451599
1.447390
1.443166
1.438928
1.434676
1.430410
1.426130
1.421835
1.417527
1.413204
1.408868
1.404517
1.400153
1.395775
1.391383
1.386978
1.382559
1.378126
1.373679
1.369219
1.364746
1.360259
1.355758
1.351244
1.346717
1.342177
1.337623
1.333056
1.328476
1.323883
1.319277
1.314657
1.310025
1.305380
1.300722
1.296051
1.291368
1.286671
1.281962
1.277240
1.272506
1.267759
1.262999
1.258228
1.253443
1.248647
1.243838
1.239016
1.234183
1.229337
1.224479
1.219609
1.214727
1.209833
1.204927
1.200010
1.195080
1.190139
1.185185
1.180221
1.175244
1.170256
1.165256
1.160245
1.155223
1.150189
1.145143
1.140086
1.135019
1.129939
1.124849
1.119748
1.114635
1.109512
1.104378
1.099232
1.094076
1.088909
1.083732
1.078543
1.073344
1.068135
1.062914
1.057684
1.052443
1.047191
1.041929
1.036657
1.031375
1.026083
1.020780
1.015467
1.010144
1.004812
0.999469
0.994117
0.988754
0.983382
0.978001
0.972609
0.967208
0.961798
0.956378
0.950948
0.945509
0.940061
0.934604
0.929137
0.923661
0.918176
0.912682
0.907179
0.901667
0.896146
0.890616
0.885078
0.879531
0.873975
0.868410
0.862837
0.857255
0.851665
0.846067
0.840460
0.834844
0.829221
0.823589
0.817950
0.812302
0.806646
0.800982
0.795311
0.789631
0.783944
0.778249
0.772546
0.766836
0.761118
0.755392
0.749659
0.743919
0.738171
0.732416
0.726654
0.720885
0.715108
0.709325
0.703534
0.697737
0.691933
0.686121
0.680304
0.674479
0.668648
0.662810
0.656965
0.651114
0.645257
0.639393
0.633523
0.627647
0.621764
0.615876
0.609981
0.604080
0.598174
0.592261
0.586343
0.580418
0.574488
0.568553
0.562612
0.556665
0.550713
0.544755
0.538792
0.532823
0.526850
0.520871
0.514887
0.508898
0.502904
0.496905
0.490901
0.484892
0.478878
0.472860
0.466837
0.460809
0.454777
0.448740
0.442699
0.436654
0.430604
0.424550
0.418492
0.412430
0.406363
0.400293
0.394218
0.388140
0.382058
0.375972
0.369883
0.363789
0.357693
0.351592
0.345489
0.339381
0.333271
0.327157
0.321040
0.314920
0.308796
0.302670
0.296540
0.290408
0.284273
0.278135
0.271994
0.265851
0.259705
0.253556
0.247405
0.241252
0.235096
0.228937
0.222777
0.216614
0.210449
0.204282
0.198113
0.191943
0.185770
0.179595
0.173419
0.167241
0.161061
0.154879
0.148697
0.142512
0.136327
0.130139
0.123951
0.117761
0.111571
0.105379
0.099186
0.092992
0.086797
0.080602
0.074405
0.068208
0.062010
0.055812
0.049613
0.043413
0.037213
0.031013
0.024812
0.018611
0.012410
0.006209
0.000008
-0.006193
-0.012395
-0.018596
-0.024796
-0.030997
-0.037197
-0.043397
-0.049597
-0.055796
-0.061994
-0.068192
-0.074389
-0.080586
-0.086782
-0.092976
-0.099170
-0.105363
-0.111555
-0.117746
-0.123935
-0.130124
-0.136311
-0.142497
-0.148681
-0.154864
-0.161045
-0.167225
-0.173403
-0.179579
-0.185754
-0.191927
-0.198098
-0.204267
-0.210434
-0.216598
-0.222761
-0.228922
-0.235080
-0.241236
-0.247389
-0.253541
-0.259689
-0.265835
-0.271979
-0.278119
-0.284257
-0.290393
-0.296525
-0.302654
-0.308781
-0.314904
-0.321024
-0.327141
-0.333255
-0.339366
-0.345473
-0.351577
-0.357677
-0.363774
-0.369867
-0.375957
-0.382043
-0.388125
-0.394203
-0.400277
-0.406348
-0.412414
-0.418477
-0.424535
-0.430589
-0.436639
-0.442684
-0.448725
-0.454762
-0.460794
-0.466821
-0.472845
-0.478863
-0.484876
-0.490885
-0.496889
-0.502888
-0.508883
-0.514872
-0.520856
-0.526835
-0.532808
-0.538777
-0.544740
-0.550697
-0.556650
-0.562597
-0.568538
-0.574473
-0.580403
-0.586328
-0.592246
-0.598159
-0.604065
-0.609966
-0.615861
-0.621749
-0.627632
-0.633508
-0.639378
-0.645242
-0.651099
-0.656950
-0.662795
-0.668633
-0.674464
-0.680289
-0.686107
-0.691918
-0.697722
-0.703520
-0.709310
-0.715094
-0.720870
-0.726640
-0.732402
-0.738157
-0.743904
-0.749645
-0.755378
-0.761103
-0.766821
-0.772532
-0.778234
-0.783929
-0.789617
-0.795296
-0.800968
-0.806632
-0.812288
-0.817935
-0.823575
-0.829207
-0.834830
-0.840445
-0.846052
-0.851651
-0.857241
-0.862823
-0.868396
-0.873961
-0.879516
-0.885064
-0.890602
-0.896132
-0.901653
-0.907165
-0.912668
-0.918162
-0.923647
-0.929123
-0.934590
-0.940047
-0.945496
-0.950934
-0.956364
-0.961784
-0.967195
-0.972596
-0.977987
-0.983369
-0.988741
-0.994103
-0.999456
-1.004798
-1.010131
-1.015454
-1.020766
-1.026069
-1.031362
-1.036644
-1.041916
-1.047178
-1.052429
-1.057670
-1.062901
-1.068121
-1.073331
-1.078530
-1.083718
-1.088896
-1.094063
-1.099219
-1.104365
-1.109499
-1.114622
-1.119735
-1.124836
-1.129927
-1.135006
-1.140074
-1.145130
-1.150176
-1.155210
-1.160232
-1.165244
-1.170243
-1.175231
-1.180208
-1.185173
-1.190126
-1.195068
-1.199997
-1.204915
-1.209821
-1.214715
-1.219597
-1.224467
-1.229325
-1.234170
-1.239004
-1.243825
-1.248634
-1.253431
-1.258215
-1.262987
-1.267747
-1.272494
-1.277228
-1.281950
-1.286659
-1.291356
-1.296039
-1.300710
-1.305368
-1.310013
-1.314646
-1.319265
-1.323871
-1.328464
-1.333045
-1.337612
-1.342165
-1.346706
-1.351233
-1.355747
-1.360247
-1.364734
-1.369208
-1.373668
-1.378114
-1.382547
-1.386967
-1.391372
-1.395764
-1.400142
-1.404506
-1.408857
-1.413193
-1.417516
-1.421824
-1.426119
-1.430399
-1.434665
-1.438918
-1.443156
-1.447379
-1.451589
-1.455784
-1.459965
-1.464131
-1.468283
-1.472420
-1.476543
-1.480651
-1.484745
-1.488824
-1.492888
-1.496938
-1.500973
-1.504993
-1.508998
-1.512988
-1.516963
-1.520924
-1.524869
-1.528799
-1.532714
-1.536615
-1.540499
-1.544369
-1.548224
-1.552063
-1.555887
-1.559695
-1.563488
-1.567266
-1.571028
-1.574775
-1.578506
-1.582222
-1.585921
-1.589606
-1.593274
-1.596927
-1.600564
-1.604186
-1.607791
-1.611381
-1.614955
-1.618512
-1.622054
-1.625580
-1.629090
-1.632584
-1.636061
-1.639523
-1.642968
-1.646397
-1.649810
-1.653206
-1.656586
-1.659950
-1.663298
-1.666629
-1.669943
-1.673241
-1.676523
-1.679788
-1.683036
-1.686268
-1.689483
-1.692682
-1.695864
-1.699029
-1.702177
-1.705309
-1.708423
-1.711521
-1.714602
-1.717666
-1.720713
-1.723743
-1.726756
-1.729752
-1.732731
-1.735693
-1.738638
-1.741566
-1.744476
-1.747369
-1.750245
-1.753104
-1.755945
-1.758769
-1.761576
-1.764365
-1.767137
-1.769891
-1.772628
-1.775348
-1.778049
-1.780734
-1.783401
-1.786050
-1.788681
-1.791295
-1.793892
-1.796470
-1.799031
-1.801574
-1.804099
-1.806607
-1.809096
-1.811568
-1.814022
-1.816458
-1.818876
-1.821276
-1.823658
-1.826022
-1.828369
-1.830697
-1.833007
-1.835298
-1.837572
-1.839828
-1.842065
-1.844285
-1.846486
-1.848669
-1.850833
-1.852980
-1.855108
-1.857218
-1.859309
-1.861382
-1.863437
-1.865473
-1.867491
-1.869491
-1.871472
-1.873434
-1.875378
-1.877304
-1.879211
-1.881100
-1.882970
-1.884821
-1.886654
-1.888468
-1.890263
-1.892040
-1.893798
-1.895538
-1.897259
-1.898961
-1.900644
-1.902308
-1.903954
-1.905581
-1.907189
-1.908779
-1.910349
-1.911901
-1.913434
-1.914947
-1.916442
-1.917919
-1.919376
-1.920814
-1.922233
-1.923633
-1.925015
-1.926377
-1.927720
-1.929045
-1.930350
-1.931636
-1.932903
-1.934151
-1.935380
-1.936590
-1.937781
-1.938952
-1.940105
-1.941238
-1.942352
-1.943447
-1.944523
-1.945579
-1.946617
-1.947635
-1.948634
-1.949614
-1.950574
-1.951515
-1.952437
-1.953340
-1.954224
-1.955088
-1.955933
-1.956758
-1.957564
-1.958351
-1.959119
-1.959867
-1.960596
-1.961306
-1.961996
-1.962667
-1.963318
-1.963950
-1.964563
-1.965156
-1.965730
-1.966285
-1.966820
-1.967336
-1.967832
-1.968309
-1.968766
-1.969204
-1.969623
-1.970022
-1.970402
-1.970762
-1.971103
-1.971424
-1.971726
-1.972008
-1.972271
-1.972515
-1.972739
-1.972943
-1.973128
-1.973294
-1.973440
-1.973567
-1.973674
-1.973762
-1.973830
-1.973879
-1.973908
-1.973918
-1.973908
-1.973879
-1.973830
-1.973762
-1.973674
-1.973567
-1.973440
-1.973294
-1.973129
-1.972944
-1.972739
-1.972515
-1.972272
-1.972009
-1.971727
-1.971425
-1.971104
-1.970763
-1.970403
-1.970023
-1.969624
-1.969206
-1.968768
-1.968310
-1.967833
-1.967337
-1.966822
-1.966287
-1.965732
-1.965158
-1.964565
-1.963952
-1.963320
-1.962669
-1.961998
-1.961308
-1.960599
-1.959870
-1.959121
-1.958354
-1.957567
-1.956761
-1.955935
-1.955091
-1.954227
-1.953343
-1.952441
-1.951519
-1.950577
-1.949617
-1.948637
-1.947638
-1.946620
-1.945583
-1.944526
-1.943451
-1.942356
-1.941242
-1.940108
-1.938956
-1.937785
-1.936594
-1.935384
-1.934155
-1.932907
-1.931640
-1.930354
-1.929049
-1.927725
-1.926382
-1.925019
-1.923638
-1.922238
-1.920819
-1.919381
-1.917923
-1.916447
-1.914953
-1.913439
-1.911906
-1.910354
-1.908784
-1.907195
-1.905587
-1.903960
-1.902314
-1.900650
-1.898966
-1.897264
-1.895544
-1.893804
-1.892046
-1.890269
-1.888474
-1.886660
-1.884827
-1.882976
-1.881106
-1.879218
-1.877311
-1.875385
-1.873441
-1.871478
-1.869497
-1.867498
-1.865480
-1.863444
-1.861389
-1.859316
-1.857225
-1.855115
-1.852987
-1.850841
-1.848676
-1.846493
-1.844292
-1.842073
-1.839836
-1.837580
-1.835306
-1.833014
-1.830704
-1.828376
-1.826030
-1.823666
-1.821284
-1.818884
-1.816466
-1.814030
-1.811576
-1.809105
-1.806615
-1.804108
-1.801583
-1.799040
-1.796479
-1.793900
-1.791304
-1.788690
-1.786059
-1.783410
-1.780743
-1.778059
-1.775357
-1.772637
-1.769900
-1.767146
-1.764374
-1.761585
-1.758779
-1.755955
-1.753113
-1.750255
-1.747379
-1.744486
-1.741575
-1.738648
-1.735703
-1.732741
-1.729763
-1.726767
-1.723754
-1.720724
-1.717677
-1.714613
-1.711532
-1.708434
-1.705319
-1.702188
-1.699040
-1.695875
-1.692693
-1.689494
-1.686279
-1.683047
-1.679799
-1.676534
-1.673252
-1.669954
-1.666640
-1.663309
-1.659961
-1.656598
-1.653218
-1.649821
-1.646408
-1.642979
-1.639534
-1.636073
-1.632595
-1.629102
-1.625592
-1.622066
-1.618524
-1.614967
-1.611393
-1.607803
-1.604198
-1.600577
-1.596940
-1.593287
-1.589618
-1.585934
-1.582234
-1.578519
-1.574787
-1.571041
-1.567279
-1.563501
-1.559708
-1.555899
-1.552076
-1.548237
-1.544382
-1.540513
-1.536628
-1.532728
-1.528813
-1.524882
-1.520937
-1.516977
-1.513001
-1.509011
-1.505006
-1.500986
-1.496951
-1.492902
-1.488838
-1.484759
-1.480665
-1.476557
-1.472434
-1.468297
-1.464145
-1.459979
-1.455798
-1.451603
-1.447394
-1.443170
-1.438932
-1.434680
-1.430414
-1.426133
-1.421839
-1.417530
-1.413208
-1.408871
-1.404521
-1.400157
-1.395779
-1.391387
-1.386981
-1.382562
-1.378129
-1.373683
-1.369223
-1.364749
-1.360262
-1.355762
-1.351248
-1.346721
-1.342181
-1.337627
-1.333060
-1.328480
-1.323887
-1.319281
-1.314661
-1.310029
-1.305384
-1.300726
-1.296055
-1.291371
-1.286675
-1.281966
-1.277244
-1.272510
-1.267763
-1.263003
-1.258232
-1.253447
-1.248651
-1.243842
-1.239020
-1.234187
-1.229341
-1.224483
-1.219613
-1.214731
-1.209837
-1.204932
-1.200014
-1.195084
-1.190143
-1.185190
-1.180225
-1.175248
-1.170260
-1.165261
-1.160249
-1.155227
-1.150193
-1.145147
-1.140091
-1.135023
-1.129944
-1.124853
-1.119752
-1.114640
-1.109516
-1.104382
-1.099237
-1.094080
-1.088914
-1.083736
-1.078548
-1.073349
-1.068139
-1.062919
-1.057688
-1.052447
-1.047196
-1.041934
-1.036662
-1.031379
-1.026087
-1.020784
-1.015472
-1.010149
-1.004816
-0.999474
-0.994121
-0.988759
-0.983387
-0.978005
-0.972614
-0.967213
-0.961802
-0.956382
-0.950953
-0.945514
-0.940066
-0.934608
-0.929142
-0.923666
-0.918181
-0.912687
-0.907184
-0.901672
-0.896151
-0.890621
-0.885083
-0.879535
-0.873979
-0.868415
-0.862842
-0.857260
-0.851670
-0.846071
-0.840464
-0.834849
-0.829226
-0.823594
-0.817954
-0.812307
-0.806651
-0.800987
-0.795315
-0.789636
-0.783949
-0.778254
-0.772551
-0.766840
-0.761122
-0.755397
-0.749664
-0.743924
-0.738176
-0.732421
-0.726659
-0.720890
-0.715113
-0.709330
-0.703539
-0.697742
-0.691938
-0.686126
-0.680308
-0.674484
-0.668653
-0.662815
-0.656970
-0.651119
-0.645262
-0.639398
-0.633528
-0.627652
-0.621769
-0.615881
-0.609986
-0.604085
-0.598179
-0.592266
-0.586348
-0.580423
-0.574493
-0.568558
-0.562617
-0.556670
-0.550718
-0.544760
-0.538797
-0.532828
-0.526855
-0.520876
-0.514892
-0.508903
-0.502909
-0.496910
-0.490906
-0.484897
-0.478883
-0.472865
-0.466842
-0.460814
-0.454782
-0.448745
-0.442704
-0.436659
-0.430609
-0.424555
-0.418497
-0.412435
-0.406368
-0.400298
-0.394224
-0.388145
-0.382063
-0.375977
-0.369888
-0.363795
-0.357698
-0.351597
-0.345494
-0.339386
-0.333276
-0.327162
-0.321045
-0.314925
-0.308801
-0.302675
-0.296546
-0.290413
-0.284278
-0.278140
-0.271999
-0.265856
-0.259710
-0.253561
-0.247410
-0.241257
-0.235101
-0.228943
-0.222782
-0.216619
-0.210454
-0.204288
-0.198119
-0.191948
-0.185775
-0.179600
-0.173424
-0.167246
-0.161066
-0.154885
-0.148702
-0.142517
-0.136332
-0.130145
-0.123956
-0.117767
-0.111576
-0.105384
-0.099191
-0.092997
-0.086802
-0.080607
-0.074410
-0.068213
-0.062015
-0.055817
-0.049618
-0.043418
-0.037218
-0.031018
-0.024817
-0.018617
-0.012415
-0.006214
-0.000013
0.006188
0.012389
0.018590
0.024791
0.030992
0.037192
0.043392
0.049592
0.055791
0.061989
0.068187
0.074384
0.080581
0.086776
0.092971
0.099165
0.105358
0.111550
0.117741
0.123930
0.130119
0.136306
0.142491
0.148676
0.154859
0.161040
0.167220
0.173398
0.179574
0.185749
0.191922
0.198093
0.204262
0.210428
0.216593
0.222756
0.228917
0.235075
0.241231
0.247384
0.253535
0.259684
0.265830
0.271973
0.278114
0.284252
0.290387
0.296520
0.302649
0.308776
0.314899
0.321019
0.327136
0.333250
0.339361
0.345468
0.351572
0.357672
0.363769
0.369862
0.375952
0.382038
0.388120
0.394198
0.400272
0.406343
0.412409
0.418471
0.424530
0.430584
0.436633
0.442679
0.448720
0.454757
0.460789
0.466816
0.472839
0.478858
0.484871
0.490880
0.496884
0.502883
0.508877
0.514867
0.520851
0.526829
0.532803
0.538772
0.544735
0.550692
0.556645
0.562592
0.568533
0.574468
0.580398
0.586323
0.592241
0.598154
0.604060
0.609961
0.615856
0.621744
0.627627
0.633503
0.639373
0.645237
0.651094
0.656945
0.662790
0.668628
0.674459
0.680284
0.686102
0.691913
0.697717
0.703515
0.709305
0.715089
0.720865
0.726635
0.732397
0.738152
0.743900
0.749640
0.755373
0.761098
0.766816
0.772527
0.778229
0.783925
0.789612
0.795291
0.800963
0.806627
0.812283
0.817931
0.823570
0.829202
0.834825
0.840441
0.846048
0.851646
0.857236
0.862818
0.868391
0.873956
0.879512
0.885059
0.890598
0.896127
0.901648
0.907160
0.912663
0.918158
0.923643
0.929118
0.934585
0.940043
0.945491
0.950930
0.956359
0.961779
0.967190
0.972591
0.977982
0.983364
0.988736
0.994099
0.999451
1.004794
1.010126
1.015449
1.020762
1.026065
1.031357
1.036639
1.041912
1.047173
1.052425
1.057666
1.062897
1.068117
1.073327
1.078526
1.083714
1.088892
1.094059
1.099215
1.104360
1.109495
1.114618
1.119731
1.124832
1.129922
1.135001
1.140069
1.145126
1.150171
1.155206
1.160228
1.165239
1.170239
1.175227
1.180204
1.185169
1.190122
1.195063
1.199993
1.204911
1.209817
1.214711
1.219593
1.224463
1.229321
1.234166
1.239000
1.243821
1.248630
1.253427
1.258211
1.262983
1.267743
1.272490
1.277224
1.281946
1.286655
1.291352
1.296035
1.300706
1.305364
1.310010
1.314642
1.319261
1.323867
1.328461
1.333041
1.337608
1.342161
1.346702
1.351229
1.355743
1.360243
1.364730
1.369204
1.373664
1.378111
1.382544
1.386963
1.391368
1.395760
1.400138
1.404503
1.408853
1.413190
1.417512
1.421821
1.426115
1.430396
1.434662
1.438914
1.443152
1.447376
1.451585
1.455780
1.459961
1.464127
1.468279
1.472417
1.476540
1.480648
1.484741
1.488821
1.492885
1.496934
1.500969
1.504989
1.508994
1.512985
1.516960
1.520920
1.524866
1.528796
1.532711
1.536611
1.540496
1.544366
1.548220
1.552060
1.555883
1.559692
1.563485
1.567263
1.571025
1.574772
1.578503
1.582218
1.585918
1.589603
1.593271
1.596924
1.600561
1.604183
1.607788
1.611378
1.614952
1.618509
1.622051
1.625577
1.629087
1.632581
1.636058
1.639520
1.642965
1.646394
1.649807
1.653203
1.656583
1.659947
1.663295
1.666626
1.669940
1.673239
1.676520
1.679785
1.683034
1.686266
1.689481
1.692679
1.695861
1.699026
1.702175
1.705306
1.708421
1.711519
1.714600
1.717664
1.720711
1.723741
1.726754
1.729750
1.732729
1.735691
1.738636
1.741563
1.744474
1.747367
1.750243
1.753101
1.755943
1.758767
1.761573
1.764363
1.767134
1.769889
1.772626
1.775345
1.778047
1.780732
1.783398
1.786048
1.788679
1.791293
1.793889
1.796468
1.799029
1.801572
1.804097
1.806605
1.809094
1.811566
1.814020
1.816456
1.818874
1.821274
1.823656
1.826020
1.828367
1.830695
1.833005
1.835297
1.837570
1.839826
1.842064
1.844283
1.846484
1.848667
1.850832
1.852978
1.855106
1.857216
1.859307
1.861381
1.863435
1.865472
1.867490
1.869489
1.871470
1.873433
1.875377
1.877302
1.879210
1.881098
1.882968
1.884819
1.886652
1.888466
1.890262
1.892039
1.893797
1.895536
1.897257
1.898959
1.900642
1.902307
1.903953
1.905580
1.907188
1.908777
1.910348
1.911899
1.913432
1.914946
1.916441
1.917917
1.919374
1.920813
1.922232
1.923632
1.925014
1.926376
1.927719
1.929043
1.930349
1.931635
1.932902
1.934150
1.935379
1.936589
1.937780
1.938951
1.940104
1.941237
1.942351
1.943446
1.944522
1.945579
1.946616
1.947634
1.948633
1.949613
1.950573
1.951515
1.952437
1.953339
1.954223
1.955087
1.955932
1.956757
1.957564
1.958351
1.959118
1.959867
1.960595
1.961305
1.961995
1.962666
1.963318
1.963950
1.964562
1.965156
1.965730
1.966284
1.966819
1.967335
1.967831
1.968308
1.968766
1.969204
1.969622
1.970021
1.970401
1.970761
1.971102
1.971424
1.971726
1.972008
1.972271
1.972514
1.972738
1.972943
1.973128
1.973294
1.973440
1.973567
1.973674
1.973761
1.973830
1.973878
1.973908
1.973918
1.973908
1.973879
1.973830
1.973762
1.973674
1.973567
1.973441
1.973295
1.973129
1.972944
1.972740
1.972516
1.972272
1.972009
1.971727
1.971425
1.971104
1.970763
1.970403
1.970023
1.969624
1.969206
1.968768
1.968311
1.967834
1.967338
1.966822
1.966287
1.965733
1.965159
1.964565
1.963953
1.963321
1.962669
1.961999
1.961309
1.960599
1.959870
1.959122
1.958355
1.957568
1.956762
1.955936
1.955091
1.954227
1.953344
1.952441
1.951519
1.950578
1.949618
1.948638
1.947639
1.946621
1.945584
1.944527
1.943452
1.942357
1.941243
1.940109
1.938957
1.937786
1.936595
1.935385
1.934156
1.932908
1.931641
1.930355
1.929050
1.927726
1.926383
1.925021
1.923639
1.922239
1.920820
1.919382
1.917925
1.916449
1.914954
1.913440
1.911907
1.910356
1.908785
1.907196
1.905588
1.903961
1.902315
1.900651
1.898968
1.897266
1.895545
1.893806
1.892048
1.890271
1.888475
1.886661
1.884829
1.882977
1.881108
1.879219
1.877312
1.875387
1.873443
1.871480
1.869499
1.867500
1.865482
1.863446
1.861391
1.859318
1.857227
1.855117
1.852989
1.850843
1.848678
1.846495
1.844294
1.842075
1.839837
1.837582
1.835308
1.833016
1.830706
1.828378
1.826032
1.823668
1.821286
1.818886
1.816468
1.814032
1.811578
1.809107
1.806617
1.804110
1.801585
1.799042
1.796481
1.793902
1.791306
1.788692
1.786061
1.783412
1.780745
1.778061
1.775359
1.772640
1.769903
1.767148
1.764377
1.761587
1.758781
1.755957
1.753116
1.750257
1.747381
1.744488
1.741578
1.738650
1.735706
1.732744
1.729765
1.726769
1.723756
1.720726
1.717679
1.714615
1.711534
1.708437
1.705322
1.702190
1.699042
1.695877
1.692695
1.689497
1.686282
1.683050
1.679802
1.676537
1.673255
1.669957
1.666643
1.663312
1.659964
1.656601
1.653220
1.649824
1.646411
1.642982
1.639537
1.636076
1.632598
1.629105
1.625595
1.622069
1.618527
1.614970
1.611396
1.607806
1.604201
1.600580
1.596943
1.593290
1.589621
1.585937
1.582237
1.578522
1.574791
1.571044
1.567282
1.563504
1.559711
1.555903
1.552079
1.548240
1.544385
1.540516
1.536631
1.532731
1.528816
1.524886
1.520940
1.516980
1.513005
1.509015
1.505010
1.500990
1.496955
1.492905
1.488841
1.484762
1.480669
1.476560
1.472438
1.468300
1.464148
1.459982
1.455802
1.451606
1.447397
1.443173
1.438936
1.434683
1.430417
1.426137
1.421842
1.417534
1.413211
1.408875
1.404525
1.400161
1.395783
1.391391
1.386985
1.382566
1.378133
1.373687
1.369227
1.364753
1.360266
1.355766
1.351252
1.346725
1.342184
1.337631
1.333064
1.328484
1.323891
1.319285
1.314665
1.310033
1.305388
1.300730
1.296059
1.291375
1.286679
1.281970
1.277248
1.272514
1.267767
1.263008
1.258236
1.253451
1.248655
1.243846
1.239024
1.234191
1.229345
1.224487
1.219617
1.214736
1.209842
1.204936
1.200018
1.195088
1.190147
1.185194
1.180229
1.175252
1.170264
1.165265
1.160254
1.155231
1.150197
1.145152
1.140095
1.135027
1.129948
1.124858
1.119756
1.114644
1.109521
1.104386
1.099241
1.094085
1.088918
1.083740
1.078552
1.073353
1.068143
1.062923
1.057693
1.052452
1.047200
1.041938
1.036666
1.031384
1.026091
1.020789
1.015476
1.010153
1.004821
0.999478
0.994126
0.988763
0.983391
0.978010
0.972618
0.967217
0.961807
0.956387
0.950957
0.945519
0.940070
0.934613
0.929146
0.923670
0.918185
0.912691
0.907188
0.901676
0.896155
0.890626
0.885087
0.879540
0.873984
0.868419
0.862846
0.857265
0.851675
0.846076
0.840469
0.834854
0.829231
0.823599
0.817959
0.812311
0.806656
0.800992
0.795320
0.789641
0.783953
0.778258
0.772556
0.766845
0.761127
0.755402
0.749669
0.743929
0.738181
0.732426
0.726664
0.720895
0.715118
0.709335
0.703544
0.697747
0.691942
0.686131
0.680313
0.674489
0.668657
0.662820
0.656975
0.651124
0.645267
0.639403
0.633533
0.627657
0.621774
0.615886
0.609991
0.604090
0.598184
0.592271
0.586353
0.580428
0.574498
0.568563
0.562622
0.556675
0.550723
0.544765
0.538802
0.532833
0.526860
0.520881
0.514897
0.508908
0.502914
0.496915
0.490911
0.484902
0.478888
0.472870
0.466847
0.460819
0.454787
0.448751
0.442709
0.436664
0.430614
0.424560
0.418502
0.412440
0.406373
0.400303
0.394229
0.388150
0.382068
0.375983
0.369893
0.363800
0.357703
0.351603
0.345499
0.339392
0.333281
0.327167
0.321050
0.314930
0.308807
0.302680
0.296551
0.290418
0.284283
0.278145
0.272005
0.265861
0.259715
0.253567
0.247415
0.241262
0.235106
0.228948
0.222787
0.216625
0.210460
0.204293
0.198124
0.191953
0.185780
0.179606
0.173429
0.167251
0.161071
0.154890
0.148707
0.142523
0.136337
0.130150
0.123962
0.117772
0.111581
0.105389
0.099196
0.093002
0.086808
0.080612
0.074416
0.068218
0.062021
0.055822
0.049623
0.043424
0.037224
0.031023
0.024823
0.018622
0.012421
0.006220
0.000018
-0.006183
-0.012384
-0.018585
-0.024786
-0.030987
-0.037187
-0.043387
-0.049586
-0.055785
-0.061984
-0.068182
-0.074379
-0.080575
-0.086771
-0.092966
-0.099160
-0.105353
-0.111545
-0.117735
-0.123925
-0.130113
-0.136300
-0.142486
-0.148670
-0.154853
-0.161035
-0.167214
-0.173393
-0.179569
-0.185744
-0.191916
-0.198087
-0.204256
-0.210423
-0.216588
-0.222751
-0.228911
-0.235070
-0.241226
-0.247379
-0.253530
-0.259679
-0.265825
-0.271968
-0.278109
-0.284247
-0.290382
-0.296515
-0.302644
-0.308770
-0.314894
-0.321014
-0.327131
-0.333245
-0.339356
-0.345463
-0.351567
-0.357667
-0.363764
-0.369857
-0.375947
-0.382032
-0.388114
-0.394193
-0.400267
-0.406338
-0.412404
-0.418466
-0.424525
-0.430579
-0.436628
-0.442674
-0.448715
-0.454752
-0.460784
-0.466811
-0.472834
-0.478853
-0.484866
-0.490875
-0.496879
-0.502878
-0.508872
-0.514862
-0.520846
-0.526824
-0.532798
-0.538767
-0.544730
-0.550687
-0.556640
-0.562586
-0.568528
-0.574463
-0.580393
-0.586318
-0.592236
-0.598149
-0.604055
-0.609956
-0.615851
-0.621740
-0.627622
-0.633498
-0.639368
-0.645232
-0.651090
-0.656941
-0.662785
-0.668623
-0.674454
-0.680279
-0.686097
-0.691908
-0.697712
-0.703510
-0.709301
-0.715084
-0.720861
-0.726630
-0.732392
-0.738147
-0.743895
-0.749635
-0.755368
-0.761093
-0.766811
-0.772522
-0.778225
-0.783920
-0.789607
-0.795287
-0.800958
-0.806622
-0.812278
-0.817926
-0.823566
-0.829197
-0.834821
-0.840436
-0.846043
-0.851641
-0.857232
-0.862813
-0.868387
-0.873951
-0.879507
-0.885054
-0.890593
-0.896123
-0.901644
-0.907156
-0.912659
-0.918153
-0.923638
-0.929114
-0.934581
-0.940038
-0.945486
-0.950925
-0.956355
-0.961775
-0.967185
-0.972586
-0.977978
-0.983360
-0.988732
-0.994094
-0.999447
-1.004789
-1.010122
-1.015445
-1.020757
-1.026060
-1.031353
-1.036635
-1.041907
-1.047169
-1.052421
-1.057662
-1.062892
-1.068113
-1.073322
-1.078521
-1.083710
-1.088887
-1.094054
-1.099211
-1.104356
-1.109490
-1.114614
-1.119726
-1.124828
-1.129918
-1.134997
-1.140065
-1.145122
-1.150167
-1.155201
-1.160224
-1.165235
-1.170235
-1.175223
-1.180200
-1.185164
-1.190118
-1.195059
-1.199989
-1.204907
-1.209813
-1.214707
-1.219589
-1.224459
-1.229317
-1.234162
-1.238996
-1.243817
-1.248626
-1.253423
-1.258207
-1.262979
-1.267739
-1.272486
-1.277220
-1.281942
-1.286651
-1.291348
-1.296031
-1.300702
-1.305360
-1.310006
-1.314638
-1.319257
-1.323864
-1.328457
-1.333037
-1.337604
-1.342158
-1.346698
-1.351225
-1.355739
-1.360240
-1.364727
-1.369200
-1.373660
-1.378107
-1.382540
-1.386959
-1.391365
-1.395757
-1.400135
-1.404499
-1.408849
-1.413186
-1.417508
-1.421817
-1.426112
-1.430392
-1.434658
-1.438910
-1.443148
-1.447372
-1.451582
-1.455777
-1.459958
-1.464124
-1.468276
-1.472413
-1.476536
-1.480644
-1.484738
-1.488817
-1.492881
-1.496931
-1.500966
-1.504986
-1.508991
-1.512981
-1.516957
-1.520917
-1.524862
-1.528793
-1.532708
-1.536608
-1.540493
-1.544363
-1.548217
-1.552056
-1.555880
-1.559689
-1.563482
-1.567260
-1.571022
-1.574768
-1.578500
-1.582215
-1.585915
-1.589600
-1.593268
-1.596921
-1.600558
-1.604180
-1.607785
-1.611375
-1.614949
-1.618506
-1.622048
-1.625574
-1.629084
-1.632578
-1.636055
-1.639517
-1.642962
-1.646391
-1.649804
-1.653200
-1.656581
-1.659944
-1.663292
-1.666623
-1.669938
-1.673236
-1.676517
-1.679782
-1.683031
-1.686263
-1.689478
-1.692677
-1.695858
-1.699024
-1.702172
-1.705303
-1.708418
-1.711516
-1.714597
-1.717661
-1.720708
-1.723738
-1.726751
-1.729747
-1.732726
-1.735688
-1.738633
-1.741561
-1.744471
-1.747364
-1.750240
-1.753099
-1.755940
-1.758764
-1.761571
-1.764360
-1.767132
-1.769887
-1.772624
-1.775343
-1.778045
-1.780729
-1.783396
-1.786045
-1.788677
-1.791291
-1.793887
-1.796466
-1.799027
-1.801570
-1.804095
-1.806602
-1.809092
-1.811564
-1.814018
-1.816454
-1.818872
-1.821272
-1.823654
-1.826018
-1.828365
-1.830693
-1.833003
-1.835295
-1.837568
-1.839824
-1.842062
-1.844281
-1.846482
-1.848665
-1.850830
-1.852976
-1.855104
-1.857214
-1.859306
-1.861379
-1.863434
-1.865470
-1.867488
-1.869487
-1.871468
-1.873431
-1.875375
-1.877301
-1.879208
-1.881096
-1.882966
-1.884818
-1.886651
-1.888465
-1.890260
-1.892037
-1.893795
-1.895535
-1.897256
-1.898958
-1.900641
-1.902306
-1.903951
-1.905578
-1.907187
-1.908776
-1.910347
-1.911898
-1.913431
-1.914945
-1.916440
-1.917916
-1.919373
-1.920811
-1.922231
-1.923631
-1.925012
-1.926375
-1.927718
-1.929042
-1.930348
-1.931634
-1.932901
-1.934149
-1.935378
-1.936588
-1.937779
-1.938950
-1.940103
-1.941236
-1.942350
-1.943445
-1.944521
-1.945578
-1.946615
-1.947633
-1.948632
-1.949612
-1.950573
-1.951514
-1.952436
-1.953339
-1.954222
-1.955086
-1.955931
-1.956757
-1.957563
-1.958350
-1.959118
-1.959866
-1.960595
-1.961304
-1.961995
-1.962666
-1.963317
-1.963949
-1.964562
-1.965155
-1.965729
-1.966284
-1.966819
-1.967335
-1.967831
-1.968308
-1.968765
-1.969203
-1.969622
-1.970021
-1.970401
-1.970761
-1.971102
-1.971423
-1.971725
-1.972008
-1.972271
-1.972514
-1.972738
-1.972943
-1.973128
-1.973294
-1.973440
-1.973566
-1.973674
-1.973761
-1.973830
-1.973878
-1.973908
-1.973918
-1.973908
-1.973879
-1.973830
-1.973762
-1.973674
-1.973567
-1.973441
-1.973295
-1.973129
-1.972944
-1.972740
-1.972516
-1.972272
-1.972010
-1.971727
-1.971425
-1.971104
-1.970764
-1.970403
-1.970024
-1.969625
-1.969206
-1.968768
-1.968311
-1.967834
-1.967338
-1.966822
-1.966287
-1.965733
-1.965159
-1.964566
-1.963953
-1.963321
-1.962670
-1.961999
-1.961309
-1.960600
-1.959871
-1.959123
-1.958355
-1.957568
-1.956762
-1.955937
-1.955092
-1.954228
-1.953345
-1.952442
-1.951520
-1.950579
-1.949619
-1.948639
-1.947640
-1.946622
-1.945585
-1.944528
-1.943453
-1.942358
-1.941244
-1.940110
-1.938958
-1.937787
-1.936596
-1.935386
-1.934157
-1.932909
-1.931642
-1.930356
-1.929051
-1.927727
-1.926384
-1.925022
-1.923640
-1.922240
-1.920821
-1.919383
-1.917926
-1.916450
-1.914955
-1.913441
-1.911909
-1.910357
-1.908787
-1.907197
-1.905589
-1.903962
-1.902317
-1.900652
-1.898969
-1.897267
-1.895547
-1.893807
-1.892049
-1.890272
-1.888477
-1.886663
-1.884830
-1.882979
-1.881109
-1.879221
-1.877314
-1.875388
-1.873444
-1.871482
-1.869501
-1.867501
-1.865484
-1.863447
-1.861393
-1.859320
-1.857228
-1.855119
-1.852991
-1.850844
-1.848680
-1.846497
-1.844296
-1.842077
-1.839839
-1.837584
-1.835310
-1.833018
-1.830708
-1.828380
-1.826034
-1.823670
-1.821288
-1.818888
-1.816470
-1.814034
-1.811581
-1.809109
-1.806619
-1.804112
-1.801587
-1.799044
-1.796483
-1.793905
-1.791309
-1.788695
-1.786063
-1.783414
-1.780747
-1.778063
-1.775361
-1.772642
-1.769905
-1.767151
-1.764379
-1.761590
-1.758783
-1.755959
-1.753118
-1.750260
-1.747384
-1.744491
-1.741580
-1.738653
-1.735708
-1.732746
-1.729768
-1.726772
-1.723759
-1.720729
-1.717682
-1.714618
-1.711537
-1.708439
-1.705325
-1.702193
-1.699045
-1.695880
-1.692698
-1.689500
-1.686285
-1.683053
-1.679804
-1.676539
-1.673258
-1.669960
-1.666645
-1.663314
-1.659967
-1.656603
-1.653223
-1.649827
-1.646414
-1.642985
-1.639540
-1.636079
-1.632601
-1.629108
-1.625598
-1.622072
-1.618530
-1.614973
-1.611399
-1.607810
-1.604204
-1.600583
-1.596946
-1.593293
-1.589624
-1.585940
-1.582240
-1.578525
-1.574794
-1.571047
-1.567285
-1.563507
-1.559714
-1.555906
-1.552082
-1.548243
-1.544389
-1.540519
-1.536634
-1.532734
-1.528819
-1.524889
-1.520944
-1.516983
-1.513008
-1.509018
-1.505013
-1.500993
-1.496958
-1.492909
-1.488845
-1.484766
-1.480672
-1.476564
-1.472441
-1.468304
-1.464152
-1.459986
-1.455805
-1.451610
-1.447401
-1.443177
-1.438939
-1.434687
-1.430421
-1.426140
-1.421846
-1.417538
-1.413215
-1.408879
-1.404528
-1.400164
-1.395786
-1.391394
-1.386989
-1.382570
-1.378137
-1.373690
-1.369230
-1.364757
-1.360270
-1.355770
-1.351256
-1.346729
-1.342188
-1.337635
-1.333068
-1.328488
-1.323895
-1.319288
-1.314669
-1.310037
-1.305392
-1.300734
-1.296063
-1.291379
-1.286683
-1.281974
-1.277252
-1.272518
-1.267771
-1.263012
-1.258240
-1.253455
-1.248659
-1.243850
-1.239028
-1.234195
-1.229349
-1.224491
-1.219622
-1.214740
-1.209846
-1.204940
-1.200022
-1.195093
-1.190151
-1.185198
-1.180233
-1.175257
-1.170269
-1.165269
-1.160258
-1.155235
-1.150201
-1.145156
-1.140099
-1.135031
-1.129952
-1.124862
-1.119761
-1.114648
-1.109525
-1.104391
-1.099245
-1.094089
-1.088922
-1.083745
-1.078556
-1.073357
-1.068148
-1.062928
-1.057697
-1.052456
-1.047205
-1.041943
-1.036671
-1.031388
-1.026096
-1.020793
-1.015481
-1.010158
-1.004825
-0.999483
-0.994130
-0.988768
-0.983396
-0.978014
-0.972623
-0.967222
-0.961811
-0.956391
-0.950962
-0.945523
-0.940075
-0.934617
-0.929151
-0.923675
-0.918190
-0.912696
-0.907193
-0.901681
-0.896160
-0.890630
-0.885092
-0.879545
-0.873989
-0.868424
-0.862851
-0.857269
-0.851679
-0.846081
-0.840474
-0.834859
-0.829235
-0.823604
-0.817964
-0.812316
-0.806660
-0.800997
-0.795325
-0.789646
-0.783958
-0.778263
-0.772560
-0.766850
-0.761132
-0.755407
-0.749674
-0.743934
-0.738186
-0.732431
-0.726669
-0.720900
-0.715123
-0.709340
-0.703549
-0.697752
-0.691947
-0.686136
-0.680318
-0.674494
-0.668662
-0.662824
-0.656980
-0.651129
-0.645272
-0.639408
-0.633538
-0.627662
-0.621779
-0.615891
-0.609996
-0.604095
-0.598189
-0.592276
-0.586358
-0.580433
-0.574503
-0.568568
-0.562627
-0.556680
-0.550728
-0.544770
-0.538807
-0.532838
-0.526865
-0.520886
-0.514902
-0.508913
-0.502919
-0.496920
-0.490916
-0.484907
-0.478893
-0.472875
-0.466852
-0.460824
-0.454792
-0.448756
-0.442715
-0.436669
-0.430619
-0.424565
-0.418507
-0.412445
-0.406379
-0.400308
-0.394234
-0.388156
-0.382073
-0.375988
-0.369898
-0.363805
-0.357708
-0.351608
-0.345504
-0.339397
-0.333286
-0.327172
-0.321055
-0.314935
-0.308812
-0.302685
-0.296556
-0.290424
-0.284288
-0.278151
-0.272010
-0.265866
-0.259720
-0.253572
-0.247421
-0.241267
-0.235111
-0.228953
-0.222792
-0.216630
-0.210465
-0.204298
-0.198129
-0.191958
-0.185785
-0.179611
-0.173434
-0.167256
-0.161076
-0.154895
-0.148712
-0.142528
-0.136342
-0.130155
-0.123967
-0.117777
-0.111586
-0.105395
-0.099202
-0.093008
-0.086813
-0.080617
-0.074421
-0.068224
-0.062026
-0.055827
-0.049628
-0.043429
-0.037229
-0.031028
-0.024828
-0.018627
-0.012426
-0.006225
-0.000024
0.006178
0.012379
0.018580
0.024781
0.030981
0.037182
0.043382
0.049581
0.055780
0.061979
0.068177
0.074374
0.080570
0.086766
0.092961
0.099155
0.105347
0.111539
0.117730
0.123920
0.130108
0.136295
0.142481
0.148665
0.154848
0.161030
0.167209
0.173387
0.179564
0.185738
0.191911
0.198082
0.204251
0.210418
0.216583
0.222746
0.228906
0.235064
0.241220
0.247374
0.253525
0.259674
0.265820
0.271963
0.278104
0.284242
0.290377
0.296509
0.302639
0.308765
0.314889
0.321009
0.327126
0.333240
0.339350
0.345458
0.351561
0.357662
0.363759
0.369852
0.375941
0.382027
0.388109
0.394188
0.400262
0.406332
0.412399
0.418461
0.424519
0.430573
0.436623
0.442669
0.448710
0.454746
0.460779
0.466806
0.472829
0.478848
0.484861
0.490870
0.496874
0.502873
0.508867
0.514856
0.520840
0.526819
0.532793
0.538761
0.544725
0.550682
0.556635
0.562581
0.568523
0.574458
0.580388
0.586313
0.592231
0.598144
0.604050
0.609951
0.615846
0.621735
0.627617
0.633493
0.639363
0.645227
0.651085
0.656936
0.662780
0.668618
0.674449
0.680274
0.686092
0.691903
0.697708
0.703505
0.709296
0.715079
0.720856
0.726625
0.732387
0.738142
0.743890
0.749630
0.755363
0.761089
0.766807
0.772517
0.778220
0.783915
0.789602
0.795282
0.800954
0.806617
0.812273
0.817921
0.823561
0.829193
0.834816
0.840431
0.846038
0.851637
0.857227
0.862809
0.868382
0.873946
0.879502
0.885050
0.890588
0.896118
0.901639
0.907151
0.912654
0.918148
0.923633
0.929109
0.934576
0.940033
0.945482
0.950921
0.956350
0.961770
0.967181
0.972582
0.977973
0.983355
0.988727
0.994090
0.999442
1.004785
1.010117
1.015440
1.020753
1.026056
1.031348
1.036631
1.041903
1.047165
1.052416
1.057657
1.062888
1.068108
1.073318
1.078517
1.083705
1.088883
1.094050
1.099206
1.104351
1.109486
1.114609
1.119722
1.124823
1.129914
1.134993
1.140061
1.145118
1.150163
1.155197
1.160220
1.165231
1.170231
1.175219
1.180195
1.185160
1.190114
1.195055
1.199985
1.204903
1.209808
1.214703
1.219585
1.224455
1.229312
1.234158
1.238992
1.243813
1.248622
1.253419
1.258203
1.262975
1.267735
1.272482
1.277216
1.281938
1.286647
1.291344
1.296027
1.300698
1.305357
1.310002
1.314634
1.319253
1.323860
1.328453
1.333033
1.337600
1.342154
1.346694
1.351221
1.355735
1.360236
1.364723
1.369197
1.373657
1.378103
1.382536
1.386955
1.391361
1.395753
1.400131
1.404495
1.408846
1.413182
1.417505
1.421813
1.426108
1.430388
1.434655
1.438907
1.443145
1.447369
1.451578
1.455773
1.459954
1.464120
1.468272
1.472410
1.476533
1.480641
1.484735
1.488814
1.492878
1.496928
1.500962
1.504982
1.508988
1.512978
1.516953
1.520914
1.524859
1.528789
1.532705
1.536605
1.540490
1.544359
1.548214
1.552053
1.555877
1.559685
1.563479
1.567256
1.571019
1.574765
1.578496
1.582212
1.585912
1.589596
1.593265
1.596918
1.600555
1.604177
1.607782
1.611372
1.614946
1.618503
1.622045
1.625571
1.629081
1.632575
1.636052
1.639514
1.642959
1.646388
1.649801
1.653198
1.656578
1.659942
1.663289
1.666620
1.669935
1.673233
1.676515
1.679780
1.683028
1.686260
1.689475
1.692674
1.695856
1.699021
1.702169
1.705301
1.708416
1.711513
1.714594
1.717658
1.720706
1.723736
1.726749
1.729745
1.732724
1.735686
1.738631
1.741558
1.744469
1.747362
1.750238
1.753096
1.755938
1.758762
1.761569
1.764358
1.767130
1.769884
1.772621
1.775341
1.778043
1.780727
1.783394
1.786043
1.788675
1.791289
1.793885
1.796464
1.799024
1.801568
1.804093
1.806600
1.809090
1.811562
1.814016
1.816452
1.818870
1.821270
1.823652
1.826016
1.828363
1.830691
1.833001
1.835293
1.837567
1.839822
1.842060
1.844279
1.846480
1.848663
1.850828
1.852974
1.855103
1.857212
1.859304
1.861377
1.863432
1.865468
1.867486
1.869486
1.871467
1.873429
1.875374
1.877299
1.879206
1.881095
1.882965
1.884816
1.886649
1.888463
1.890259
1.892036
1.893794
1.895533
1.897254
1.898956
1.900640
1.902304
1.903950
1.905577
1.907185
1.908775
1.910345
1.911897
1.913430
1.914944
1.916439
1.917915
1.919372
1.920810
1.922230
1.923630
1.925011
1.926374
1.927717
1.929041
1.930346
1.931633
1.932900
1.934148
1.935377
1.936587
1.937778
1.938949
1.940102
1.941235
1.942349
1.943444
1.944520
1.945577
1.946614
1.947632
1.948632
1.949611
1.950572
1.951513
1.952435
1.953338
1.954221
1.955086
1.955931
1.956756
1.957562
1.958349
1.959117
1.959865
1.960594
1.961304
1.961994
1.962665
1.963317
1.963949
1.964561
1.965155
1.965729
1.966283
1.966818
1.967334
1.967831
1.968307
1.968765
1.969203
1.969622
1.970021
1.970401
1.970761
1.971102
1.971423
1.971725
1.972007
1.972270
1.972514
1.972738
1.972943
1.973128
1.973294
1.973440
1.973566
1.973674
1.973761
1.973830
1.973878
1.973908
1.973918
1.973908
1.973879
1.973830
1.973762
1.973674
1.973567
1.973441
1.973295
1.973129
1.972944
1.972740
1.972516
1.972273
1.972010
1.971727
1.971426
1.971104
1.970764
1.970404
1.970024
1.969625
1.969207
1.968769
1.968311
1.967835
1.967339
1.966823
1.966288
1.965734
1.965160
1.964567
1.963954
1.963322
1.962671
1.962000
1.961310
1.960600
1.959872
1.959123
1.958356
1.957569
1.956763
1.955938
1.955093
1.954229
1.953345
1.952443
1.951521
1.950580
1.949619
1.948640
1.947641
1.946623
1.945586
1.944529
1.943453
1.942359
1.941245
1.940111
1.938959
1.937788
1.936597
1.935387
1.934158
1.932910
1.931643
1.930357
1.929052
1.927728
1.926385
1.925023
1.923642
1.922241
1.920822
1.919384
1.917927
1.916451
1.914956
1.913443
1.911910
1.910358
1.908788
1.907199
1.905591
1.903964
1.902318
1.900654
1.898971
1.897269
1.895548
1.893809
1.892051
1.890274
1.888478
1.886664
1.884832
1.882981
1.881111
1.879222
1.877315
1.875390
1.873446
1.871483
1.869503
1.867503
1.865485
1.863449
1.861394
1.859321
1.857230
1.855120
1.852992
1.850846
1.848682
1.846499
1.844298
1.842079
1.839841
1.837586
1.835312
1.833020
1.830710
1.828382
1.826036
1.823672
1.821290
1.818890
1.816472
1.814036
1.811583
1.809111
1.806621
1.804114
1.801589
1.799046
1.796485
1.793907
1.791311
1.788697
1.786065
1.783416
1.780750
1.778065
1.775364
1.772644
1.769907
1.767153
1.764381
1.761592
1.758786
1.755962
1.753121
1.750262
1.747386
1.744493
1.741583
1.738655
1.735711
1.732749
1.729770
1.726774
1.723761
1.720731
1.717684
1.714620
1.711540
1.708442
1.705327
1.702196
1.699048
1.695883
1.692701
1.689502
1.686287
1.683056
1.679807
1.676542
1.673261
1.669963
1.666648
1.663317
1.659970
1.656606
1.653226
1.649830
1.646417
1.642988
1.639543
1.636082
1.632604
1.629111
1.625601
1.622075
1.618533
1.614976
1.611402
1.607813
1.604207
1.600586
1.596949
1.593296
1.589628
1.585943
1.582243
1.578528
1.574797
1.571050
1.567288
1.563511
1.559718
1.555909
1.552085
1.548246
1.544392
1.540522
1.536638
1.532738
1.528822
1.524892
1.520947
1.516987
1.513012
1.509021
1.505016
1.500996
1.496962
1.492912
1.488848
1.484769
1.480676
1.476567
1.472445
1.468307
1.464155
1.459989
1.455809
1.451614
1.447404
1.443181
1.438943
1.434691
1.430424
1.426144
1.421850
1.417541
1.413219
1.408882
1.404532
1.400168
1.395790
1.391398
1.386993
1.382573
1.378141
1.373694
1.369234
1.364761
1.360274
1.355773
1.351260
1.346733
1.342192
1.337638
1.333072
1.328492
1.323898
1.319292
1.314673
1.310041
1.305396
1.300738
1.296067
1.291383
1.286687
1.281978
1.277256
1.272522
1.267775
1.263016
1.258244
1.253459
1.248663
1.243854
1.239033
1.234199
1.229353
1.224496
1.219626
1.214744
1.209850
1.204944
1.200026
1.195097
1.190155
1.185202
1.180237
1.175261
1.170273
1.165273
1.160262
1.155240
1.150206
1.145160
1.140104
1.135036
1.129957
1.124866
1.119765
1.114653
1.109529
1.104395
1.099250
1.094094
1.088927
1.083749
1.078561
1.073362
1.068152
1.062932
1.057701
1.052460
1.047209
1.041947
1.036675
1.031393
1.026100
1.020798
1.015485
1.010162
1.004830
0.999487
0.994135
0.988773
0.983401
0.978019
0.972627
0.967227
0.961816
0.956396
0.950967
0.945528
0.940080
0.934622
0.929155
0.923680
0.918195
0.912701
0.907198
0.901686
0.896165
0.890635
0.885097
0.879549
0.873993
0.868429
0.862856
0.857274
0.851684
0.846085
0.840479
0.834863
0.829240
0.823609
0.817969
0.812321
0.806665
0.801001
0.795330
0.789650
0.783963
0.778268
0.772565
0.766855
0.761137
0.755412
0.749679
0.743938
0.738191
0.732436
0.726674
0.720904
0.715128
0.709344
0.703554
0.697757
0.691952
0.686141
0.680323
0.674499
0.668667
0.662829
0.656985
0.651134
0.645277
0.639413
0.633543
0.627667
0.621784
0.615896
0.610001
0.604100
0.598194
0.592281
0.586363
0.580438
0.574508
0.568573
0.562632
0.556685
0.550733
0.544775
0.538812
0.532843
0.526870
0.520891
0.514907
0.508918
0.502924
0.496925
0.490921
0.484912
0.478898
0.472880
0.466857
0.460830
0.454797
0.448761
0.442720
0.436674
0.430625
0.424571
0.418512
0.412450
0.406384
0.400313
0.394239
0.388161
0.382079
0.375993
0.369903
0.363810
0.357713
0.351613
0.345509
0.339402
0.333291
0.327178
0.321061
0.314940
0.308817
0.302691
0.296561
0.290429
0.284294
0.278156
0.272015
0.265872
0.259726
0.253577
0.247426
0.241272
0.235116
0.228958
0.222798
0.216635
0.210470
0.204303
0.198134
0.191963
0.185791
0.179616
0.173440
0.167261
0.161082
0.154900
0.148718
0.142533
0.136347
0.130160
0.123972
0.117782
0.111592
0.105400
0.099207
0.093013
0.086818
0.080622
0.074426
0.068229
0.062031
0.055833
0.049633
0.043434
0.037234
0.031034
0.024833
0.018632
0.012431
0.006230
0.000029
-0.006172
-0.012374
-0.018575
-0.024775
-0.030976
-0.037176
-0.043376
-0.049576
-0.055775
-0.061973
-0.068171
-0.074368
-0.080565
-0.086761
-0.092955
-0.099149
-0.105342
-0.111534
-0.117725
-0.123914
-0.130103
-0.136290
-0.142476
-0.148660
-0.154843
-0.161024
-0.167204
-0.173382
-0.179559
-0.185733
-0.191906
-0.198077
-0.204246
-0.210413
-0.216578
-0.222740
-0.228901
-0.235059
-0.241215
-0.247369
-0.253520
-0.259668
-0.265814
-0.271958
-0.278099
-0.284237
-0.290372
-0.296504
-0.302634
-0.308760
-0.314883
-0.321004
-0.327121
-0.333235
-0.339345
-0.345452
-0.351556
-0.357657
-0.363753
-0.369847
-0.375936
-0.382022
-0.388104
-0.394182
-0.400257
-0.406327
-0.412394
-0.418456
-0.424514
-0.430568
-0.436618
-0.442664
-0.448705
-0.454741
-0.460774
-0.466801
-0.472824
-0.478843
-0.484856
-0.490865
-0.496869
-0.502868
-0.508862
-0.514851
-0.520835
-0.526814
-0.532788
-0.538756
-0.544720
-0.550677
-0.556630
-0.562576
-0.568518
-0.574453
-0.580383
-0.586308
-0.592226
-0.598139
-0.604045
-0.609946
-0.615841
-0.621730
-0.627612
-0.633488
-0.639358
-0.645222
-0.651080
-0.656931
-0.662775
-0.668613
-0.674444
-0.680269
-0.686087
-0.691898
-0.697703
-0.703500
-0.709291
-0.715074
-0.720851
-0.726620
-0.732382
-0.738137
-0.743885
-0.749625
-0.755358
-0.761084
-0.766802
-0.772512
-0.778215
-0.783910
-0.789598
-0.795277
-0.800949
-0.806613
-0.812269
-0.817916
-0.823556
-0.829188
-0.834811
-0.840426
-0.846033
-0.851632
-0.857222
-0.862804
-0.868377
-0.873942
-0.879498
-0.885045
-0.890584
-0.896113
-0.901634
-0.907146
-0.912650
-0.918144
-0.923629
-0.929105
-0.934571
-0.940029
-0.945477
-0.950916
-0.956346
-0.961766
-0.967176
-0.972577
-0.977969
-0.983351
-0.988723
-0.994085
-0.999438
-1.004780
-1.010113
-1.015436
-1.020749
-1.026051
-1.031344
-1.036626
-1.041898
-1.047160
-1.052412
-1.057653
-1.062883
-1.068104
-1.073313
-1.078512
-1.083701
-1.088879
-1.094046
-1.099202
-1.104347
-1.109482
-1.114605
-1.119718
-1.124819
-1.129909
-1.134989
-1.140057
-1.145113
-1.150159
-1.155193
-1.160215
-1.165227
-1.170226
-1.175215
-1.180191
-1.185156
-1.190109
-1.195051
-1.199981
-1.204898
-1.209804
-1.214698
-1.219580
-1.224450
-1.229308
-1.234154
-1.238988
-1.243809
-1.248618
-1.253415
-1.258199
-1.262971
-1.267731
-1.272478
-1.277212
-1.281934
-1.286643
-1.291340
-1.296024
-1.300694
-1.305353
-1.309998
-1.314630
-1.319249
-1.323856
-1.328449
-1.333029
-1.337596
-1.342150
-1.346690
-1.351218
-1.355732
-1.360232
-1.364719
-1.369193
-1.373653
-1.378099
-1.382532
-1.386952
-1.391357
-1.395749
-1.400127
-1.404492
-1.408842
-1.413179
-1.417501
-1.421810
-1.426104
-1.430385
-1.434651
-1.438903
-1.443141
-1.447365
-1.451575
-1.455770
-1.459950
-1.464117
-1.468269
-1.472406
-1.476529
-1.480637
-1.484731
-1.488810
-1.492875
-1.496924
-1.500959
-1.504979
-1.508984
-1.512975
-1.516950
-1.520910
-1.524856
-1.528786
-1.532701
-1.536601
-1.540486
-1.544356
-1.548211
-1.552050
-1.555874
-1.559682
-1.563475
-1.567253
-1.571015
-1.574762
-1.578493
-1.582209
-1.585909
-1.589593
-1.593262
-1.596915
-1.600552
-1.604174
-1.607779
-1.611369
-1.614943
-1.618500
-1.622042
-1.625568
-1.629078
-1.632572
-1.636049
-1.639511
-1.642956
-1.646385
-1.649798
-1.653195
-1.656575
-1.659939
-1.663286
-1.666617
-1.669932
-1.673230
-1.676512
-1.679777
-1.683025
-1.686257
-1.689473
-1.692671
-1.695853
-1.699018
-1.702167
-1.705298
-1.708413
-1.711511
-1.714592
-1.717656
-1.720703
-1.723733
-1.726746
-1.729742
-1.732721
-1.735683
-1.738628
-1.741556
-1.744466
-1.747359
-1.750235
-1.753094
-1.755935
-1.758759
-1.761566
-1.764356
-1.767127
-1.769882
-1.772619
-1.775338
-1.778040
-1.780725
-1.783392
-1.786041
-1.788673
-1.791287
-1.793883
-1.796461
-1.799022
-1.801565
-1.804091
-1.806598
-1.809088
-1.811560
-1.814014
-1.816450
-1.818868
-1.821268
-1.823650
-1.826014
-1.828361
-1.830689
-1.832999
-1.835291
-1.837565
-1.839820
-1.842058
-1.844277
-1.846478
-1.848661
-1.850826
-1.852973
-1.855101
-1.857211
-1.859302
-1.861375
-1.863430
-1.865466
-1.867484
-1.869484
-1.871465
-1.873428
-1.875372
-1.877298
-1.879205
-1.881093
-1.882963
-1.884815
-1.886648
-1.888462
-1.890257
-1.892034
-1.893792
-1.895532
-1.897253
-1.898955
-1.900638
-1.902303
-1.903949
-1.905576
-1.907184
-1.908773
-1.910344
-1.911896
-1.913428
-1.914942
-1.916437
-1.917914
-1.919371
-1.920809
-1.922228
-1.923629
-1.925010
-1.926372
-1.927716
-1.929040
-1.930345
-1.931632
-1.932899
-1.934147
-1.935376
-1.936586
-1.937777
-1.938948
-1.940101
-1.941234
-1.942348
-1.943443
-1.944519
-1.945576
-1.946613
-1.947632
-1.948631
-1.949610
-1.950571
-1.951512
-1.952434
-1.953337
-1.954221
-1.955085
-1.955930
-1.956755
-1.957562
-1.958349
-1.959116
-1.959865
-1.960594
-1.961303
-1.961994
-1.962664
-1.963316
-1.963948
-1.964561
-1.965154
-1.965728
-1.966283
-1.966818
-1.967334
-1.967830
-1.968307
-1.968765
-1.969203
-1.969621
-1.970021
-1.970400
-1.970761
-1.971101
-1.971423
-1.971725
-1.972007
-1.972270
-1.972514
-1.972738
-1.972943
-1.973128
-1.973293
-1.973440
-1.973566
-1.973674
-1.973761
-1.973830
-1.973878
-1.973908
-1.973918
-1.973908
-1.973879
-1.973830
-1.973762
-1.973675
-1.973567
-1.973441
-1.973295
-1.973129
-1.972945
-1.972740
-1.972516
-1.972273
-1.972010
-1.971728
-1.971426
-1.971105
-1.970764
-1.970404
-1.970024
-1.969625
-1.969207
-1.968769
-1.968312
-1.967835
-1.967339
-1.966823
-1.966288
-1.965734
-1.965160
-1.964567
-1.963954
-1.963322
-1.962671
-1.962000
-1.961310
-1.960601
-1.959872
-1.959124
-1.958357
-1.957570
-1.956764
-1.955938
-1.955094
-1.954230
-1.953346
-1.952444
-1.951522
-1.950581
-1.949620
-1.948641
-1.947642
-1.946624
-1.945587
-1.944530
-1.943454
-1.942360
-1.941245
-1.940112
-1.938960
-1.937789
-1.936598
-1.935388
-1.934159
-1.932912
-1.931645
-1.930359
-1.929053
-1.927729
-1.926386
-1.925024
-1.923643
-1.922243
-1.920824
-1.919385
-1.917928
-1.916453
-1.914958
-1.913444
-1.911911
-1.910360
-1.908789
-1.907200
-1.905592
-1.903965
-1.902320
-1.900655
-1.898972
-1.897270
-1.895549
-1.893810
-1.892052
-1.890275
-1.888480
-1.886666
-1.884833
-1.882982
-1.881112
-1.879224
-1.877317
-1.875392
-1.873448
-1.871485
-1.869504
-1.867505
-1.865487
-1.863451
-1.861396
-1.859323
-1.857232
-1.855122
-1.852994
-1.850848
-1.848683
-1.846501
-1.844300
-1.842081
-1.839843
-1.837588
-1.835314
-1.833022
-1.830712
-1.828384
-1.826038
-1.823674
-1.821292
-1.818892
-1.816474
-1.814038
-1.811585
-1.809113
-1.806624
-1.804116
-1.801591
-1.799048
-1.796487
-1.793909
-1.791313
-1.788699
-1.786068
-1.783419
-1.780752
-1.778068
-1.775366
-1.772647
-1.769910
-1.767155
-1.764384
-1.761595
-1.758788
-1.755964
-1.753123
-1.750264
-1.747389
-1.744496
-1.741585
-1.738658
-1.735713
-1.732752
-1.729773
-1.726777
-1.723764
-1.720734
-1.717687
-1.714623
-1.711542
-1.708444
-1.705330
-1.702198
-1.699050
-1.695885
-1.692704
-1.689505
-1.686290
-1.683058
-1.679810
-1.676545
-1.673264
-1.669966
-1.666651
-1.663320
-1.659973
-1.656609
-1.653229
-1.649833
-1.646420
-1.642991
-1.639546
-1.636085
-1.632607
-1.629114
-1.625604
-1.622078
-1.618536
-1.614979
-1.611405
-1.607816
-1.604210
-1.600589
-1.596952
-1.593299
-1.589631
-1.585946
-1.582247
-1.578531
-1.574800
-1.571053
-1.567291
-1.563514
-1.559721
-1.555912
-1.552089
-1.548250
-1.544395
-1.540526
-1.536641
-1.532741
-1.528826
-1.524896
-1.520950
-1.516990
-1.513015
-1.509025
-1.505020
-1.501000
-1.496965
-1.492916
-1.488851
-1.484773
-1.480679
-1.476571
-1.472448
-1.468311
-1.464159
-1.459993
-1.455812
-1.451617
-1.447408
-1.443184
-1.438946
-1.434694
-1.430428
-1.426148
-1.421853
-1.417545
-1.413222
-1.408886
-1.404536
-1.400172
-1.395794
-1.391402
-1.386996
-1.382577
-1.378144
-1.373698
-1.369238
-1.364765
-1.360278
-1.355777
-1.351263
-1.346736
-1.342196
-1.337642
-1.333075
-1.328495
-1.323902
-1.319296
-1.314677
-1.310045
-1.305400
-1.300742
-1.296071
-1.291387
-1.286691
-1.281982
-1.277260
-1.272526
-1.267779
-1.263020
-1.258248
-1.253463
-1.248667
-1.243858
-1.239037
-1.234203
-1.229357
-1.224500
-1.219630
-1.214748
-1.209854
-1.204948
-1.200030
-1.195101
-1.190160
-1.185206
-1.180242
-1.175265
-1.170277
-1.165277
-1.160266
-1.155244
-1.150210
-1.145164
-1.140108
-1.135040
-1.129961
-1.124871
-1.119769
-1.114657
-1.109534
-1.104399
-1.099254
-1.094098
-1.088931
-1.083753
-1.078565
-1.073366
-1.068157
-1.062936
-1.057706
-1.052465
-1.047213
-1.041952
-1.036680
-1.031397
-1.026105
-1.020802
-1.015490
-1.010167
-1.004834
-0.999492
-0.994139
-0.988777
-0.983405
-0.978023
-0.972632
-0.967231
-0.961821
-0.956401
-0.950971
-0.945532
-0.940084
-0.934627
-0.929160
-0.923684
-0.918199
-0.912705
-0.907202
-0.901690
-0.896169
-0.890640
-0.885101
-0.879554
-0.873998
-0.868434
-0.862860
-0.857279
-0.851689
-0.846090
-0.840483
-0.834868
-0.829245
-0.823613
-0.817974
-0.812326
-0.806670
-0.801006
-0.795335
-0.789655
-0.783968
-0.778273
-0.772570
-0.766860
-0.761142
-0.755416
-0.749684
-0.743943
-0.738196
-0.732441
-0.726679
-0.720909
-0.715133
-0.709349
-0.703559
-0.697761
-0.691957
-0.686146
-0.680328
-0.674503
-0.668672
-0.662834
-0.656990
-0.651139
-0.645282
-0.639418
-0.633548
-0.627672
-0.621789
-0.615901
-0.610006
-0.604105
-0.598199
-0.592286
-0.586368
-0.580443
-0.574513
-0.568578
-0.562637
-0.556690
-0.550738
-0.544780
-0.538817
-0.532849
-0.526875
-0.520896
-0.514912
-0.508923
-0.502929
-0.496930
-0.490926
-0.484917
-0.478904
-0.472885
-0.466862
-0.460835
-0.454802
-0.448766
-0.442725
-0.436679
-0.430630
-0.424576
-0.418517
-0.412455
-0.406389
-0.400318
-0.394244
-0.388166
-0.382084
-0.375998
-0.369908
-0.363815
-0.357718
-0.351618
-0.345514
-0.339407
-0.333297
-0.327183
-0.321066
-0.314945
-0.308822
-0.302696
-0.296566
-0.290434
-0.284299
-0.278161
-0.272020
-0.265877
-0.259731
-0.253582
-0.247431
-0.241278
-0.235122
-0.228963
-0.222803
-0.216640
-0.210475
-0.204308
-0.198139
-0.191969
-0.185796
-0.179621
-0.173445
-0.167267
-0.161087
-0.154906
-0.148723
-0.142538
-0.136353
-0.130166
-0.123977
-0.117788
-0.111597
-0.105405
-0.099212
-0.093018
-0.086823
-0.080628
-0.074431
-0.068234
-0.062036
-0.055838
-0.049639
-0.043439
-0.037239
-0.031039
-0.024838
-0.018637
-0.012436
-0.006235
-0.000034
0.006167
0.012368
0.018569
0.024770
0.030971
0.037171
0.043371
0.049571
0.055770
0.061968
0.068166
0.074363
0.080560
0.086755
0.092950
0.099144
0.105337
0.111529
0.117720
0.123909
0.130098
0.136285
0.142470
0.148655
0.154838
0.161019
0.167199
0.173377
0.179553
0.185728
0.191901
0.198072
0.204241
0.210408
0.216572
0.222735
0.228896
0.235054
0.241210
0.247363
0.253515
0.259663
0.265809
0.271953
0.278093
0.284231
0.290367
0.296499
0.302628
0.308755
0.314878
0.320998
0.327116
0.333229
0.339340
0.345447
0.351551
0.357651
0.363748
0.369842
0.375931
0.382017
0.388099
0.394177
0.400252
0.406322
0.412389
0.418451
0.424509
0.430563
0.436613
0.442658
0.448700
0.454736
0.460768
0.466796
0.472819
0.478837
0.484851
0.490860
0.496864
0.502863
0.508857
0.514846
0.520830
0.526809
0.532783
0.538751
0.544715
0.550672
0.556625
0.562571
0.568513
0.574448
0.580378
0.586303
0.592221
0.598134
0.604040
0.609941
0.615836
0.621725
0.627607
0.633483
0.639354
0.645217
0.651075
0.656926
0.662770
0.668608
0.674440
0.680264
0.686082
0.691893
0.697698
0.703495
0.709286
0.715069
0.720846
0.726615
0.732377
0.738132
0.743880
0.749621
0.755353
0.761079
0.766797
0.772507
0.778210
0.783905
0.789593
0.795272
0.800944
0.806608
0.812264
0.817912
0.823551
0.829183
0.834807
0.840422
0.846029
0.851627
0.857217
0.862799
0.868372
0.873937
0.879493
0.885040
0.890579
0.896109
0.901630
0.907142
0.912645
0.918139
0.923624
0.929100
0.934567
0.940024
0.945473
0.950911
0.956341
0.961761
0.967172
0.972573
0.977964
0.983346
0.988718
0.994080
0.999433
1.004776
1.010108
1.015431
1.020744
1.026047
1.031339
1.036622
1.041894
1.047156
1.052407
1.057648
1.062879
1.068099
1.073309
1.078508
1.083697
1.088874
1.094041
1.099197
1.104343
1.109477
1.114601
1.119713
1.124815
1.129905
1.134984
1.140052
1.145109
1.150154
1.155189
1.160211
1.165222
1.170222
1.175210
1.180187
1.185152
1.190105
1.195047
1.199976
1.204894
1.209800
1.214694
1.219576
1.224446
1.229304
1.234150
1.238984
1.243805
1.248614
1.253411
1.258195
1.262967
1.267727
1.272474
1.277208
1.281930
1.286639
1.291336
1.296020
1.300691
1.305349
1.309994
1.314626
1.319246
1.323852
1.328445
1.333025
1.337592
1.342146
1.346687
1.351214
1.355728
1.360228
1.364715
1.369189
1.373649
1.378096
1.382529
1.386948
1.391354
1.395745
1.400124
1.404488
1.408838
1.413175
1.417497
1.421806
1.426101
1.430381
1.434648
1.438900
1.443138
1.447362
1.451571
1.455766
1.459947
1.464113
1.468265
1.472403
1.476526
1.480634
1.484728
1.488807
1.492871
1.496921
1.500956
1.504976
1.508981
1.512971
1.516947
1.520907
1.524852
1.528783
1.532698
1.536598
1.540483
1.544353
1.548207
1.552047
1.555870
1.559679
1.563472
1.567250
1.571012
1.574759
1.578490
1.582206
1.585906
1.589590
1.593259
1.596912
1.600549
1.604171
1.607776
1.611366
1.614940
1.618497
1.622039
1.625565
1.629075
1.632569
1.636046
1.639508
1.642953
1.646382
1.649795
1.653192
1.656572
1.659936
1.663283
1.666615
1.669929
1.673227
1.676509
1.679774
1.683023
1.686255
1.689470
1.692669
1.695850
1.699016
1.702164
1.705296
1.708410
1.711508
1.714589
1.717653
1.720700
1.723731
1.726744
1.729740
1.732719
1.735681
1.738626
1.741553
1.744464
1.747357
1.750233
1.753092
1.755933
1.758757
1.761564
1.764353
1.767125
1.769880
1.772617
1.775336
1.778038
1.780723
1.783389
1.786039
1.788670
1.791284
1.793881
1.796459
1.799020
1.801563
1.804089
1.806596
1.809086
1.811558
1.814012
1.816448
1.818866
1.821266
1.823648
1.826012
1.828359
1.830687
1.832997
1.835289
1.837563
1.839818
1.842056
1.844275
1.846477
1.848660
1.850824
1.852971
1.855099
1.857209
1.859300
1.861374
1.863428
1.865465
1.867483
1.869482
1.871463
1.873426
1.875370
1.877296
1.879203
1.881092
1.882962
1.884813
1.886646
1.888460
1.890256
1.892033
1.893791
1.895530
1.897251
1.898953
1.900637
1.902301
1.903947
1.905574
1.907183
1.908772
1.910343
1.911894
1.913427
1.914941
1.916436
1.917912
1.919370
1.920808
1.922227
1.923628
1.925009
1.926371
1.927715
1.929039
1.930344
1.931631
1.932898
1.934146
1.935375
1.936585
1.937776
1.938947
1.940100
1.941233
1.942347
1.943442
1.944518
1.945575
1.946613
1.947631
1.948630
1.949610
1.950570
1.951512
1.952434
1.953336
1.954220
1.955084
1.955929
1.956755
1.957561
1.958348
1.959116
1.959864
1.960593
1.961303
1.961993
1.962664
1.963315
1.963948
1.964560
1.965154
1.965728
1.966282
1.966818
1.967333
1.967830
1.968307
1.968764
1.969202
1.969621
1.970020
1.970400
1.970760
1.971101
1.971423
1.971725
1.972007
1.972270
1.972514
1.972738
1.972942
1.973128
1.973293
1.973439
1.973566
1.973673
1.973761
1.973830
1.973878
1.973908
1.973918
1.973908
1.973879
1.973830
1.973762
1.973675
1.973568
1.973441
1.973295
1.973130
1.972945
1.972740
1.972516
1.972273
1.972010
1.971728
1.971426
1.971105
1.970764
1.970404
1.970025
1.969626
1.969207
1.968770
1.968312
1.967836
1.967339
1.966824
1.966289
1.965734
1.965161
1.964568
1.963955
1.963323
1.962672
1.962001
1.961311
1.960602
1.959873
1.959125
1.958357
1.957570
1.956764
1.955939
1.955094
1.954230
1.953347
1.952444
1.951523
1.950581
1.949621
1.948642
1.947643
1.946625
1.945587
1.944531
1.943455
1.942360
1.941246
1.940113
1.938961
1.937790
1.936599
1.935389
1.934160
1.932913
1.931646
1.930360
1.929055
1.927730
1.926387
1.925025
1.923644
1.922244
1.920825
1.919387
1.917930
1.916454
1.914959
1.913445
1.911913
1.910361
1.908791
1.907201
1.905593
1.903967
1.902321
1.900657
1.898973
1.897272
1.895551
1.893812
1.892054
1.890277
1.888482
1.886668
1.884835
1.882984
1.881114
1.879226
1.877319
1.875393
1.873449
1.871487
1.869506
1.867507
1.865489
1.863453
1.861398
1.859325
1.857234
1.855124
1.852996
1.850850
1.848685
1.846503
1.844302
1.842082
1.839845
1.837590
1.835316
1.833024
1.830714
1.828386
1.826040
1.823676
1.821294
1.818894
1.816476
1.814041
1.811587
1.809115
1.806626
1.804118
1.801593
1.799050
1.796490
1.793911
1.791315
1.788701
1.786070
1.783421
1.780754
1.778070
1.775368
1.772649
1.769912
1.767158
1.764386
1.761597
1.758790
1.755967
1.753125
1.750267
1.747391
1.744498
1.741588
1.738660
1.735716
1.732754
1.729775
1.726779
1.723766
1.720736
1.717689
1.714626
1.711545
1.708447
1.705332
1.702201
1.699053
1.695888
1.692706
1.689508
1.686293
1.683061
1.679813
1.676548
1.673266
1.669968
1.666654
1.663323
1.659976
1.656612
1.653232
1.649835
1.646423
1.642994
1.639549
1.636087
1.632610
1.629116
1.625607
1.622081
1.618539
1.614982
1.611408
1.607819
1.604213
1.600592
1.596955
1.593302
1.589634
1.585950
1.582250
1.578534
1.574803
1.571057
1.567295
1.563517
1.559724
1.555916
1.552092
1.548253
1.544398
1.540529
1.536644
1.532744
1.528829
1.524899
1.520954
1.516993
1.513018
1.509028
1.505023
1.501003
1.496969
1.492919
1.488855
1.484776
1.480682
1.476574
1.472452
1.468314
1.464163
1.459996
1.455816
1.451621
1.447411
1.443188
1.438950
1.434698
1.430432
1.426151
1.421857
1.417549
1.413226
1.408890
1.404539
1.400175
1.395797
1.391406
1.387000
1.382581
1.378148
1.373702
1.369242
1.364768
1.360281
1.355781
1.351267
1.346740
1.342200
1.337646
1.333079
1.328499
1.323906
1.319300
1.314681
1.310049
1.305404
1.300746
1.296075
1.291391
1.286695
1.281986
1.277264
1.272530
1.267783
1.263024
1.258252
1.253468
1.248671
1.243862
1.239041
1.234207
1.229362
1.224504
1.219634
1.214752
1.209858
1.204952
1.200035
1.195105
1.190164
1.185211
1.180246
1.175269
1.170281
1.165282
1.160271
1.155248
1.150214
1.145169
1.140112
1.135044
1.129965
1.124875
1.119774
1.114661
1.109538
1.104404
1.099258
1.094102
1.088935
1.083758
1.078569
1.073371
1.068161
1.062941
1.057710
1.052469
1.047218
1.041956
1.036684
1.031402
1.026109
1.020807
1.015494
1.010171
1.004839
0.999496
0.994144
0.988782
0.983410
0.978028
0.972637
0.967236
0.961825
0.956405
0.950976
0.945537
0.940089
0.934631
0.929165
0.923689
0.918204
0.912710
0.907207
0.901695
0.896174
0.890644
0.885106
0.879559
0.874003
0.868438
0.862865
0.857284
0.851693
0.846095
0.840488
0.834873
0.829250
0.823618
0.817978
0.812331
0.806675
0.801011
0.795339
0.789660
0.783973
0.778278
0.772575
0.766865
0.761147
0.755421
0.749688
0.743948
0.738200
0.732446
0.726683
0.720914
0.715138
0.709354
0.703564
0.697766
0.691962
0.686151
0.680333
0.674508
0.668677
0.662839
0.656995
0.651144
0.645287
0.639423
0.633553
0.627677
0.621794
0.615906
0.610011
0.604110
0.598204
0.592291
0.586373
0.580448
0.574519
0.568583
0.562642
0.556695
0.550743
0.544785
0.538822
0.532854
0.526880
0.520901
0.514917
0.508928
0.502934
0.496935
0.490931
0.484922
0.478909
0.472890
0.466867
0.460840
0.454808
0.448771
0.442730
0.436684
0.430635
0.424581
0.418523
0.412460
0.406394
0.400324
0.394249
0.388171
0.382089
0.376003
0.369914
0.363820
0.357724
0.351623
0.345519
0.339412
0.333302
0.327188
0.321071
0.314951
0.308827
0.302701
0.296572
0.290439
0.284304
0.278166
0.272025
0.265882
0.259736
0.253587
0.247436
0.241283
0.235127
0.228969
0.222808
0.216645
0.210481
0.204314
0.198145
0.191974
0.185801
0.179626
0.173450
0.167272
0.161092
0.154911
0.148728
0.142544
0.136358
0.130171
0.123982
0.117793
0.111602
0.105410
0.099217
0.093023
0.086829
0.080633
0.074437
0.068239
0.062041
0.055843
0.049644
0.043444
0.037245
0.031044
0.024844
0.018643
0.012442
0.006241
0.000039
-0.006162
-0.012363
-0.018564
-0.024765
-0.030966
-0.037166
-0.043366
-0.049565
-0.055764
-0.061963
-0.068161
-0.074358
-0.080554
-0.086750
-0.092945
-0.099139
-0.105332
-0.111524
-0.117714
-0.123904
-0.130092
-0.136279
-0.142465
-0.148650
-0.154832
-0.161014
-0.167194
-0.173372
-0.179548
-0.185723
-0.191896
-0.198066
-0.204235
-0.210402
-0.216567
-0.222730
-0.228891
-0.235049
-0.241205
-0.247358
-0.253509
-0.259658
-0.265804
-0.271948
-0.278088
-0.284226
-0.290362
-0.296494
-0.302623
-0.308750
-0.314873
-0.320993
-0.327110
-0.333224
-0.339335
-0.345442
-0.351546
-0.357646
-0.363743
-0.369836
-0.375926
-0.382012
-0.388094
-0.394172
-0.400247
-0.406317
-0.412383
-0.418446
-0.424504
-0.430558
-0.436608
-0.442653
-0.448694
-0.454731
-0.460763
-0.466791
-0.472814
-0.478832
-0.484846
-0.490855
-0.496859
-0.502858
-0.508852
-0.514841
-0.520825
-0.526804
-0.532778
-0.538746
-0.544710
-0.550667
-0.556620
-0.562566
-0.568508
-0.574443
-0.580373
-0.586298
-0.592216
-0.598129
-0.604035
-0.609936
-0.615831
-0.621720
-0.627602
-0.633478
-0.639349
-0.645212
-0.651070
-0.656921
-0.662765
-0.668603
-0.674435
-0.680259
-0.686077
-0.691888
-0.697693
-0.703490
-0.709281
-0.715065
-0.720841
-0.726610
-0.732373
-0.738128
-0.743875
-0.749616
-0.755349
-0.761074
-0.766792
-0.772503
-0.778205
-0.783901
-0.789588
-0.795267
-0.800939
-0.806603
-0.812259
-0.817907
-0.823547
-0.829178
-0.834802
-0.840417
-0.846024
-0.851623
-0.857213
-0.862794
-0.868368
-0.873932
-0.879488
-0.885036
-0.890574
-0.896104
-0.901625
-0.907137
-0.912640
-0.918134
-0.923619
-0.929095
-0.934562
-0.940020
-0.945468
-0.950907
-0.956336
-0.961757
-0.967167
-0.972568
-0.977960
-0.983342
-0.988714
-0.994076
-0.999429
-1.004771
-1.010104
-1.015427
-1.020740
-1.026042
-1.031335
-1.036617
-1.041889
-1.047151
-1.052403
-1.057644
-1.062875
-1.068095
-1.073305
-1.078504
-1.083692
-1.088870
-1.094037
-1.099193
-1.104338
-1.109473
-1.114596
-1.119709
-1.124810
-1.129901
-1.134980
-1.140048
-1.145105
-1.150150
-1.155184
-1.160207
-1.165218
-1.170218
-1.175206
-1.180183
-1.185148
-1.190101
-1.195043
-1.199972
-1.204890
-1.209796
-1.214690
-1.219572
-1.224442
-1.229300
-1.234146
-1.238980
-1.243801
-1.248610
-1.253407
-1.258191
-1.262963
-1.267723
-1.272470
-1.277204
-1.281926
-1.286635
-1.291332
-1.296016
-1.300687
-1.305345
-1.309990
-1.314622
-1.319242
-1.323848
-1.328441
-1.333021
-1.337588
-1.342142
-1.346683
-1.351210
-1.355724
-1.360224
-1.364712
-1.369185
-1.373645
-1.378092
-1.382525
-1.386944
-1.391350
-1.395742
-1.400120
-1.404484
-1.408835
-1.413171
-1.417494
-1.421802
-1.426097
-1.430378
-1.434644
-1.438896
-1.443134
-1.447358
-1.451567
-1.455763
-1.459943
-1.464110
-1.468262
-1.472399
-1.476522
-1.480630
-1.484724
-1.488803
-1.492868
-1.496917
-1.500952
-1.504972
-1.508978
-1.512968
-1.516943
-1.520904
-1.524849
-1.528779
-1.532695
-1.536595
-1.540480
-1.544350
-1.548204
-1.552043
-1.555867
-1.559676
-1.563469
-1.567247
-1.571009
-1.574756
-1.578487
-1.582203
-1.585903
-1.589587
-1.593256
-1.596909
-1.600546
-1.604167
-1.607773
-1.611363
-1.614937
-1.618494
-1.622036
-1.625562
-1.629072
-1.632566
-1.636044
-1.639505
-1.642950
-1.646379
-1.649792
-1.653189
-1.656569
-1.659933
-1.663281
-1.666612
-1.669926
-1.673225
-1.676506
-1.679771
-1.683020
-1.686252
-1.689467
-1.692666
-1.695848
-1.699013
-1.702161
-1.705293
-1.708408
-1.711506
-1.714587
-1.717651
-1.720698
-1.723728
-1.726741
-1.729737
-1.732716
-1.735678
-1.738623
-1.741551
-1.744461
-1.747355
-1.750231
-1.753089
-1.755931
-1.758755
-1.761561
-1.764351
-1.767123
-1.769877
-1.772614
-1.775334
-1.778036
-1.780720
-1.783387
-1.786036
-1.788668
-1.791282
-1.793878
-1.796457
-1.799018
-1.801561
-1.804086
-1.806594
-1.809084
-1.811556
-1.814010
-1.816446
-1.818864
-1.821264
-1.823646
-1.826010
-1.828357
-1.830685
-1.832995
-1.835287
-1.837561
-1.839817
-1.842054
-1.844274
-1.846475
-1.848658
-1.850823
-1.852969
-1.855097
-1.857207
-1.859299
-1.861372
-1.863427
-1.865463
-1.867481
-1.869481
-1.871462
-1.873425
-1.875369
-1.877294
-1.879202
-1.881090
-1.882960
-1.884812
-1.886644
-1.888459
-1.890254
-1.892031
-1.893789
-1.895529
-1.897250
-1.898952
-1.900635
-1.902300
-1.903946
-1.905573
-1.907181
-1.908771
-1.910341
-1.911893
-1.913426
-1.914940
-1.916435
-1.917911
-1.919368
-1.920807
-1.922226
-1.923626
-1.925008
-1.926370
-1.927714
-1.929038
-1.930343
-1.931629
-1.932897
-1.934145
-1.935374
-1.936584
-1.937775
-1.938946
-1.940099
-1.941232
-1.942346
-1.943442
-1.944517
-1.945574
-1.946612
-1.947630
-1.948629
-1.949609
-1.950569
-1.951511
-1.952433
-1.953336
-1.954219
-1.955083
-1.955928
-1.956754
-1.957560
-1.958347
-1.959115
-1.959863
-1.960592
-1.961302
-1.961992
-1.962663
-1.963315
-1.963947
-1.964560
-1.965153
-1.965727
-1.966282
-1.966817
-1.967333
-1.967829
-1.968306
-1.968764
-1.969202
-1.969621
-1.970020
-1.970400
-1.970760
-1.971101
-1.971422
-1.971724
-1.972007
-1.972270
-1.972513
-1.972738
-1.972942
-1.973127
-1.973293
-1.973439
-1.973566
-1.973673
-1.973761
-1.973829
-1.973878
-1.973908
-1.973918
-1.973908
-1.973879
-1.973830
-1.973762
-1.973675
-1.973568
-1.973441
-1.973295
-1.973130
-1.972945
-1.972740
-1.972517
-1.972273
-1.972010
-1.971728
-1.971427
-1.971105
-1.970765
-1.970405
-1.970025
-1.969626
-1.969208
-1.968770
-1.968313
-1.967836
-1.967340
-1.966824
-1.966289
-1.965735
-1.965161
-1.964568
-1.963955
-1.963324
-1.962672
-1.962002
-1.961312
-1.960602
-1.959873
-1.959125
-1.958358
-1.957571
-1.956765
-1.955940
-1.955095
-1.954231
-1.953348
-1.952445
-1.951523
-1.950582
-1.949622
-1.948642
-1.947644
-1.946626
-1.945588
-1.944532
-1.943456
-1.942361
-1.941247
-1.940114
-1.938962
-1.937791
-1.936600
-1.935390
-1.934162
-1.932914
-1.931647
-1.930361
-1.929056
-1.927732
-1.926388
-1.925026
-1.923645
-1.922245
-1.920826
-1.919388
-1.917931
-1.916455
-1.914960
-1.913446
-1.911914
-1.910362
-1.908792
-1.907203
-1.905595
-1.903968
-1.902322
-1.900658
-1.898975
-1.897273
-1.895552
-1.893813
-1.892055
-1.890278
-1.888483
-1.886669
-1.884836
-1.882985
-1.881115
-1.879227
-1.877320
-1.875395
-1.873451
-1.871488
-1.869508
-1.867508
-1.865490
-1.863454
-1.861400
-1.859327
-1.857235
-1.855126
-1.852998
-1.850852
-1.848687
-1.846504
-1.844303
-1.842084
-1.839847
-1.837591
-1.835318
-1.833026
-1.830716
-1.828388
-1.826042
-1.823678
-1.821296
-1.818896
-1.816478
-1.814043
-1.811589
-1.809117
-1.806628
-1.804120
-1.801595
-1.799052
-1.796492
-1.793913
-1.791317
-1.788704
-1.786072
-1.783423
-1.780756
-1.778072
-1.775370
-1.772651
-1.769914
-1.767160
-1.764388
-1.761599
-1.758793
-1.755969
-1.753128
-1.750269
-1.747393
-1.744500
-1.741590
-1.738663
-1.735718
-1.732757
-1.729778
-1.726782
-1.723769
-1.720739
-1.717692
-1.714628
-1.711547
-1.708450
-1.705335
-1.702204
-1.699056
-1.695891
-1.692709
-1.689511
-1.686295
-1.683064
-1.679815
-1.676551
-1.673269
-1.669971
-1.666657
-1.663326
-1.659978
-1.656615
-1.653235
-1.649838
-1.646426
-1.642997
-1.639552
-1.636090
-1.632613
-1.629119
-1.625610
-1.622084
-1.618542
-1.614985
-1.611411
-1.607822
-1.604216
-1.600595
-1.596958
-1.593305
-1.589637
-1.585953
-1.582253
-1.578537
-1.574806
-1.571060
-1.567298
-1.563520
-1.559727
-1.555919
-1.552095
-1.548256
-1.544402
-1.540532
-1.536647
-1.532747
-1.528832
-1.524902
-1.520957
-1.516997
-1.513022
-1.509032
-1.505027
-1.501007
-1.496972
-1.492923
-1.488858
-1.484779
-1.480686
-1.476578
-1.472455
-1.468318
-1.464166
-1.460000
-1.455819
-1.451624
-1.447415
-1.443191
-1.438954
-1.434701
-1.430435
-1.426155
-1.421861
-1.417552
-1.413230
-1.408893
-1.404543
-1.400179
-1.395801
-1.391409
-1.387004
-1.382585
-1.378152
-1.373706
-1.369246
-1.364772
-1.360285
-1.355785
-1.351271
-1.346744
-1.342204
-1.337650
-1.333083
-1.328503
-1.323910
-1.319304
-1.314685
-1.310053
-1.305408
-1.300750
-1.296079
-1.291395
-1.286699
-1.281990
-1.277268
-1.272534
-1.267787
-1.263028
-1.258256
-1.253472
-1.248675
-1.243866
-1.239045
-1.234211
-1.229366
-1.224508
-1.219638
-1.214756
-1.209862
-1.204956
-1.200039
-1.195109
-1.190168
-1.185215
-1.180250
-1.175274
-1.170285
-1.165286
-1.160275
-1.155252
-1.150218
-1.145173
-1.140116
-1.135049
-1.129969
-1.124879
-1.119778
-1.114666
-1.109542
-1.104408
-1.099263
-1.094107
-1.088940
-1.083762
-1.078574
-1.073375
-1.068165
-1.062945
-1.057715
-1.052474
-1.047222
-1.041961
-1.036689
-1.031406
-1.026114
-1.020811
-1.015499
-1.010176
-1.004843
-0.999501
-0.994148
-0.988786
-0.983414
-0.978032
-0.972641
-0.967240
-0.961830
-0.956410
-0.950980
-0.945542
-0.940093
-0.934636
-0.929169
-0.923694
-0.918209
-0.912715
-0.907212
-0.901700
-0.896179
-0.890649
-0.885111
-0.879563
-0.874007
-0.868443
-0.862870
-0.857288
-0.851698
-0.846100
-0.840493
-0.834878
-0.829254
-0.823623
-0.817983
-0.812335
-0.806680
-0.801016
-0.795344
-0.789665
-0.783977
-0.778282
-0.772580
-0.766869
-0.761151
-0.755426
-0.749693
-0.743953
-0.738205
-0.732450
-0.726688
-0.720919
-0.715143
-0.709359
-0.703569
-0.697771
-0.691967
-0.686156
-0.680338
-0.674513
-0.668682
-0.662844
-0.657000
-0.651149
-0.645292
-0.639428
-0.633558
-0.627682
-0.621799
-0.615911
-0.610016
-0.604115
-0.598209
-0.592296
-0.586378
-0.580453
-0.574524
-0.568588
-0.562647
-0.556700
-0.550748
-0.544790
-0.538827
-0.532859
-0.526885
-0.520906
-0.514922
-0.508933
-0.502939
-0.496940
-0.490936
-0.484927
-0.478914
-0.472895
-0.466872
-0.460845
-0.454813
-0.448776
-0.442735
-0.436690
-0.430640
-0.424586
-0.418528
-0.412465
-0.406399
-0.400329
-0.394254
-0.388176
-0.382094
-0.376008
-0.369919
-0.363826
-0.357729
-0.351628
-0.345525
-0.339417
-0.333307
-0.327193
-0.321076
-0.314956
-0.308832
-0.302706
-0.296577
-0.290444
-0.284309
-0.278171
-0.272031
-0.265887
-0.259741
-0.253593
-0.247441
-0.241288
-0.235132
-0.228974
-0.222813
-0.216651
-0.210486
-0.204319
-0.198150
-0.191979
-0.185806
-0.179632
-0.173455
-0.167277
-0.161097
-0.154916
-0.148733
-0.142549
-0.136363
-0.130176
-0.123988
-0.117798
-0.111607
-0.105415
-0.099223
-0.093029
-0.086834
-0.080638
-0.074442
-0.068245
-0.062047
-0.055848
-0.049649
-0.043450
-0.037250
-0.031049
-0.024849
-0.018648
-0.012447
-0.006246
-0.000045
0.006157
0.012358
0.018559
0.024760
0.030960
0.037161
0.043361
0.049560
0.055759
0.061958
0.068156
0.074353
0.080549
0.086745
0.092940
0.099134
0.105327
0.111518
0.117709
0.123899
0.130087
0.136274
0.142460
0.148644
0.154827
0.161009
0.167188
0.173367
0.179543
0.185718
0.191890
0.198061
0.204230
0.210397
0.216562
0.222725
0.228885
0.235044
0.241200
0.247353
0.253504
0.259653
0.265799
0.271942
0.278083
0.284221
0.290356
0.296489
0.302618
0.308745
0.314868
0.320988
0.327105
0.333219
0.339330
0.345437
0.351541
0.357641
0.363738
0.369831
0.375921
0.382007
0.388089
0.394167
0.400241
0.406312
0.412378
0.418441
0.424499
0.430553
0.436603
0.442648
0.448689
0.454726
0.460758
0.466786
0.472809
0.478827
0.484841
0.490850
0.496854
0.502853
0.508847
0.514836
0.520820
0.526799
0.532773
0.538741
0.544704
0.550662
0.556615
0.562561
0.568503
0.574438
0.580368
0.586293
0.592211
0.598124
0.604030
0.609931
0.615826
0.621715
0.627597
0.633474
0.639344
0.645207
0.651065
0.656916
0.662760
0.668598
0.674430
0.680254
0.686072
0.691884
0.697688
0.703485
0.709276
0.715060
0.720836
0.726606
0.732368
0.738123
0.743870
0.749611
0.755344
0.761069
0.766787
0.772498
0.778201
0.783896
0.789583
0.795263
0.800934
0.806598
0.812254
0.817902
0.823542
0.829174
0.834797
0.840412
0.846019
0.851618
0.857208
0.862790
0.868363
0.873928
0.879484
0.885031
0.890570
0.896099
0.901620
0.907133
0.912636
0.918130
0.923615
0.929091
0.934558
0.940015
0.945463
0.950902
0.956332
0.961752
0.967163
0.972564
0.977955
0.983337
0.988709
0.994071
0.999424
1.004767
1.010099
1.015422
1.020735
1.026038
1.031330
1.036613
1.041885
1.047147
1.052398
1.057640
1.062870
1.068090
1.073300
1.078499
1.083688
1.088866
1.094033
1.099189
1.104334
1.109469
1.114592
1.119705
1.124806
1.129896
1.134976
1.140044
1.145100
1.150146
1.155180
1.160203
1.165214
1.170214
1.175202
1.180179
1.185144
1.190097
1.195038
1.199968
1.204886
1.209792
1.214686
1.219568
1.224438
1.229296
1.234142
1.238975
1.243797
1.248606
1.253403
1.258187
1.262959
1.267719
1.272466
1.277200
1.281922
1.286631
1.291328
1.296012
1.300683
1.305341
1.309986
1.314618
1.319238
1.323844
1.328437
1.333018
1.337585
1.342138
1.346679
1.351206
1.355720
1.360221
1.364708
1.369181
1.373642
1.378088
1.382521
1.386940
1.391346
1.395738
1.400116
1.404481
1.408831
1.413168
1.417490
1.421799
1.426093
1.430374
1.434640
1.438893
1.443131
1.447354
1.451564
1.455759
1.459940
1.464106
1.468258
1.472396
1.476519
1.480627
1.484721
1.488800
1.492864
1.496914
1.500949
1.504969
1.508974
1.512964
1.516940
1.520900
1.524846
1.528776
1.532691
1.536592
1.540477
1.544346
1.548201
1.552040
1.555864
1.559673
1.563466
1.567244
1.571006
1.574753
1.578484
1.582200
1.585900
1.589584
1.593253
1.596906
1.600543
1.604164
1.607770
1.611360
1.614934
1.618491
1.622033
1.625559
1.629069
1.632563
1.636041
1.639502
1.642947
1.646377
1.649789
1.653186
1.656566
1.659930
1.663278
1.666609
1.669924
1.673222
1.676504
1.679769
1.683017
1.686249
1.689464
1.692663
1.695845
1.699010
1.702159
1.705290
1.708405
1.711503
1.714584
1.717648
1.720695
1.723726
1.726739
1.729735
1.732714
1.735676
1.738621
1.741548
1.744459
1.747352
1.750228
1.753087
1.755928
1.758752
1.761559
1.764348
1.767120
1.769875
1.772612
1.775332
1.778034
1.780718
1.783385
1.786034
1.788666
1.791280
1.793876
1.796455
1.799016
1.801559
1.804084
1.806592
1.809082
1.811554
1.814008
1.816444
1.818862
1.821262
1.823644
1.826008
1.828355
1.830683
1.832993
1.835285
1.837559
1.839815
1.842052
1.844272
1.846473
1.848656
1.850821
1.852967
1.855095
1.857205
1.859297
1.861370
1.863425
1.865461
1.867479
1.869479
1.871460
1.873423
1.875367
1.877293
1.879200
1.881089
1.882959
1.884810
1.886643
1.888457
1.890253
1.892030
1.893788
1.895528
1.897248
1.898951
1.900634
1.902299
1.903944
1.905572
1.907180
1.908769
1.910340
1.911892
1.913425
1.914939
1.916434
1.917910
1.919367
1.920805
1.922225
1.923625
1.925007
1.926369
1.927712
1.929037
1.930342
1.931628
1.932896
1.934144
1.935373
1.936583
1.937774
1.938945
1.940098
1.941231
1.942346
1.943441
1.944517
1.945573
1.946611
1.947629
1.948628
1.949608
1.950569
1.951510
1.952432
1.953335
1.954218
1.955083
1.955928
1.956753
1.957560
1.958347
1.959114
1.959863
1.960592
1.961301
1.961992
1.962663
1.963314
1.963947
1.964559
1.965153
1.965727
1.966281
1.966817
1.967333
1.967829
1.968306
1.968763
1.969202
1.969620
1.970020
1.970399
1.970760
1.971101
1.971422
1.971724
1.972007
1.972270
1.972513
1.972737
1.972942
1.973127
1.973293
1.973439
1.973566
1.973673
1.973761
1.973829
1.973878
1.973908
1.973918
1.973908
1.973879
1.973830
1.973762
1.973675
1.973568
1.973441
1.973295
1.973130
1.972945
1.972741
1.972517
1.972273
1.972011
1.971728
1.971427
1.971106
1.970765
1.970405
1.970025
1.969626
1.969208
1.968770
1.968313
1.967836
1.967340
1.966825
1.966290
1.965735
1.965162
1.964569
1.963956
1.963324
1.962673
1.962002
1.961312
1.960603
1.959874
1.959126
1.958359
1.957572
1.956766
1.955940
1.955096
1.954232
1.953348
1.952446
1.951524
1.950583
1.949623
1.948643
1.947644
1.946626
1.945589
1.944533
1.943457
1.942362
1.941248
1.940115
1.938963
1.937792
1.936601
1.935391
1.934163
1.932915
1.931648
1.930362
1.929057
1.927733
1.926390
1.925027
1.923646
1.922246
1.920827
1.919389
1.917932
1.916456
1.914961
1.913448
1.911915
1.910364
1.908793
1.907204
1.905596
1.903969
1.902324
1.900659
1.898976
1.897274
1.895554
1.893815
1.892057
1.890280
1.888485
1.886671
1.884838
1.882987
1.881117
1.879229
1.877322
1.875396
1.873453
1.871490
1.869509
1.867510
1.865492
1.863456
1.861401
1.859329
1.857237
1.855128
1.853000
1.850853
1.848689
1.846506
1.844305
1.842086
1.839849
1.837593
1.835320
1.833028
1.830718
1.828390
1.826044
1.823680
1.821298
1.818898
1.816481
1.814045
1.811591
1.809119
1.806630
1.804123
1.801597
1.799055
1.796494
1.793916
1.791320
1.788706
1.786074
1.783425
1.780759
1.778075
1.775373
1.772653
1.769917
1.767162
1.764391
1.761602
1.758795
1.755971
1.753130
1.750272
1.747396
1.744503
1.741593
1.738665
1.735721
1.732759
1.729780
1.726784
1.723771
1.720742
1.717695
1.714631
1.711550
1.708452
1.705338
1.702206
1.699058
1.695893
1.692712
1.689513
1.686298
1.683066
1.679818
1.676553
1.673272
1.669974
1.666659
1.663329
1.659981
1.656618
1.653238
1.649841
1.646429
1.643000
1.639555
1.636093
1.632616
1.629122
1.625613
1.622087
1.618545
1.614988
1.611414
1.607825
1.604219
1.600598
1.596961
1.593308
1.589640
1.585956
1.582256
1.578541
1.574810
1.571063
1.567301
1.563523
1.559730
1.555922
1.552098
1.548259
1.544405
1.540535
1.536651
1.532751
1.528836
1.524906
1.520960
1.517000
1.513025
1.509035
1.505030
1.501010
1.496975
1.492926
1.488862
1.484783
1.480689
1.476581
1.472459
1.468321
1.464170
1.460003
1.455823
1.451628
1.447418
1.443195
1.438957
1.434705
1.430439
1.426159
1.421864
1.417556
1.413233
1.408897
1.404547
1.400183
1.395805
1.391413
1.387008
1.382588
1.378156
1.373709
1.369249
1.364776
1.360289
1.355789
1.351275
1.346748
1.342207
1.337654
1.333087
1.328507
1.323914
1.319308
1.314689
1.310057
1.305412
1.300754
1.296083
1.291399
1.286703
1.281994
1.277272
1.272538
1.267791
1.263032
1.258260
1.253476
1.248679
1.243870
1.239049
1.234215
1.229370
1.224512
1.219642
1.214760
1.209866
1.204961
1.200043
1.195113
1.190172
1.185219
1.180254
1.175278
1.170290
1.165290
1.160279
1.155256
1.150223
1.145177
1.140121
1.135053
1.129974
1.124884
1.119782
1.114670
1.109547
1.104412
1.099267
1.094111
1.088944
1.083767
1.078578
1.073379
1.068170
1.062950
1.057719
1.052478
1.047227
1.041965
1.036693
1.031411
1.026118
1.020816
1.015503
1.010180
1.004848
0.999505
0.994153
0.988791
0.983419
0.978037
0.972646
0.967245
0.961834
0.956414
0.950985
0.945546
0.940098
0.934641
0.929174
0.923698
0.918213
0.912719
0.907216
0.901704
0.896183
0.890654
0.885115
0.879568
0.874012
0.868448
0.862875
0.857293
0.851703
0.846104
0.840498
0.834882
0.829259
0.823628
0.817988
0.812340
0.806684
0.801021
0.795349
0.789670
0.783982
0.778287
0.772585
0.766874
0.761156
0.755431
0.749698
0.743958
0.738210
0.732455
0.726693
0.720924
0.715148
0.709364
0.703574
0.697776
0.691972
0.686161
0.680343
0.674518
0.668687
0.662849
0.657005
0.651154
0.645297
0.639433
0.633563
0.627687
0.621804
0.615916
0.610021
0.604120
0.598214
0.592301
0.586383
0.580458
0.574529
0.568593
0.562652
0.556705
0.550753
0.544795
0.538832
0.532864
0.526890
0.520911
0.514927
0.508938
0.502944
0.496945
0.490941
0.484932
0.478919
0.472900
0.466877
0.460850
0.454818
0.448781
0.442740
0.436695
0.430645
0.424591
0.418533
0.412471
0.406404
0.400334
0.394259
0.388181
0.382099
0.376013
0.369924
0.363831
0.357734
0.351634
0.345530
0.339423
0.333312
0.327198
0.321081
0.314961
0.308838
0.302711
0.296582
0.290450
0.284314
0.278176
0.272036
0.265892
0.259746
0.253598
0.247447
0.241293
0.235137
0.228979
0.222818
0.216656
0.210491
0.204324
0.198155
0.191984
0.185811
0.179637
0.173460
0.167282
0.161103
0.154921
0.148738
0.142554
0.136368
0.130181
0.123993
0.117803
0.111613
0.105421
0.099228
0.093034
0.086839
0.080643
0.074447
0.068250
0.062052
0.055853
0.049654
0.043455
0.037255
0.031055
0.024854
0.018653
0.012452
0.006251
0.000050
-0.006151
-0.012353
-0.018554
-0.024755
-0.030955
-0.037155
-0.043355
-0.049555
-0.055754
-0.061952
-0.068150
-0.074348
-0.080544
-0.086740
-0.092934
-0.099128
-0.105321
-0.111513
-0.117704
-0.123894
-0.130082
-0.136269
-0.142455
-0.148639
-0.154822
-0.161003
-0.167183
-0.173361
-0.179538
-0.185712
-0.191885
-0.198056
-0.204225
-0.210392
-0.216557
-0.222720
-0.228880
-0.235038
-0.241194
-0.247348
-0.253499
-0.259648
-0.265794
-0.271937
-0.278078
-0.284216
-0.290351
-0.296483
-0.302613
-0.308739
-0.314863
-0.320983
-0.327100
-0.333214
-0.339325
-0.345432
-0.351536
-0.357636
-0.363733
-0.369826
-0.375916
-0.382002
-0.388084
-0.394162
-0.400236
-0.406307
-0.412373
-0.418436
-0.424494
-0.430548
-0.436598
-0.442643
-0.448684
-0.454721
-0.460753
-0.466781
-0.472804
-0.478822
-0.484836
-0.490845
-0.496849
-0.502848
-0.508842
-0.514831
-0.520815
-0.526794
-0.532768
-0.538736
-0.544699
-0.550657
-0.556610
-0.562556
-0.568498
-0.574433
-0.580363
-0.586288
-0.592206
-0.598119
-0.604025
-0.609926
-0.615821
-0.621710
-0.627592
-0.633469
-0.639339
-0.645202
-0.651060
-0.656911
-0.662755
-0.668593
-0.674425
-0.680249
-0.686067
-0.691879
-0.697683
-0.703481
-0.709271
-0.715055
-0.720831
-0.726601
-0.732363
-0.738118
-0.743866
-0.749606
-0.755339
-0.761064
-0.766782
-0.772493
-0.778196
-0.783891
-0.789578
-0.795258
-0.800930
-0.806594
-0.812249
-0.817897
-0.823537
-0.829169
-0.834792
-0.840408
-0.846014
-0.851613
-0.857203
-0.862785
-0.868358
-0.873923
-0.879479
-0.885026
-0.890565
-0.896095
-0.901616
-0.907128
-0.912631
-0.918125
-0.923610
-0.929086
-0.934553
-0.940010
-0.945459
-0.950898
-0.956327
-0.961747
-0.967158
-0.972559
-0.977951
-0.983332
-0.988705
-0.994067
-0.999419
-1.004762
-1.010095
-1.015418
-1.020731
-1.026033
-1.031326
-1.036608
-1.041880
-1.047142
-1.052394
-1.057635
-1.062866
-1.068086
-1.073296
-1.078495
-1.083683
-1.088861
-1.094028
-1.099184
-1.104330
-1.109464
-1.114588
-1.119700
-1.124802
-1.129892
-1.134971
-1.140039
-1.145096
-1.150142
-1.155176
-1.160199
-1.165210
-1.170210
-1.175198
-1.180174
-1.185139
-1.190093
-1.195034
-1.199964
-1.204882
-1.209788
-1.214682
-1.219564
-1.224434
-1.229292
-1.234138
-1.238971
-1.243793
-1.248602
-1.253399
-1.258183
-1.262955
-1.267715
-1.272462
-1.277196
-1.281918
-1.286627
-1.291324
-1.296008
-1.300679
-1.305337
-1.309982
-1.314614
-1.319234
-1.323840
-1.328433
-1.333014
-1.337581
-1.342135
-1.346675
-1.351202
-1.355716
-1.360217
-1.364704
-1.369178
-1.373638
-1.378084
-1.382517
-1.386937
-1.391342
-1.395734
-1.400113
-1.404477
-1.408827
-1.413164
-1.417487
-1.421795
-1.426090
-1.430370
-1.434637
-1.438889
-1.443127
-1.447351
-1.451560
-1.455756
-1.459936
-1.464103
-1.468255
-1.472392
-1.476515
-1.480624
-1.484717
-1.488796
-1.492861
-1.496911
-1.500945
-1.504966
-1.508971
-1.512961
-1.516937
-1.520897
-1.524842
-1.528773
-1.532688
-1.536588
-1.540473
-1.544343
-1.548198
-1.552037
-1.555861
-1.559669
-1.563463
-1.567240
-1.571003
-1.574750
-1.578481
-1.582196
-1.585897
-1.589581
-1.593250
-1.596903
-1.600540
-1.604161
-1.607767
-1.611357
-1.614931
-1.618488
-1.622030
-1.625556
-1.629066
-1.632560
-1.636038
-1.639499
-1.642945
-1.646374
-1.649787
-1.653183
-1.656563
-1.659927
-1.663275
-1.666606
-1.669921
-1.673219
-1.676501
-1.679766
-1.683014
-1.686246
-1.689462
-1.692660
-1.695842
-1.699008
-1.702156
-1.705288
-1.708402
-1.711500
-1.714581
-1.717646
-1.720693
-1.723723
-1.726736
-1.729732
-1.732711
-1.735673
-1.738618
-1.741546
-1.744456
-1.747350
-1.750226
-1.753084
-1.755926
-1.758750
-1.761557
-1.764346
-1.767118
-1.769873
-1.772610
-1.775329
-1.778031
-1.780716
-1.783383
-1.786032
-1.788664
-1.791278
-1.793874
-1.796453
-1.799014
-1.801557
-1.804082
-1.806590
-1.809080
-1.811551
-1.814005
-1.816442
-1.818860
-1.821260
-1.823642
-1.826006
-1.828353
-1.830681
-1.832991
-1.835283
-1.837557
-1.839813
-1.842050
-1.844270
-1.846471
-1.848654
-1.850819
-1.852965
-1.855094
-1.857204
-1.859295
-1.861368
-1.863423
-1.865460
-1.867478
-1.869477
-1.871458
-1.873421
-1.875365
-1.877291
-1.879198
-1.881087
-1.882957
-1.884808
-1.886641
-1.888456
-1.890251
-1.892028
-1.893786
-1.895526
-1.897247
-1.898949
-1.900633
-1.902297
-1.903943
-1.905570
-1.907178
-1.908768
-1.910339
-1.911890
-1.913423
-1.914937
-1.916432
-1.917909
-1.919366
-1.920804
-1.922224
-1.923624
-1.925005
-1.926368
-1.927711
-1.929036
-1.930341
-1.931627
-1.932895
-1.934143
-1.935372
-1.936582
-1.937773
-1.938944
-1.940097
-1.941230
-1.942345
-1.943440
-1.944516
-1.945572
-1.946610
-1.947628
-1.948627
-1.949607
-1.950568
-1.951509
-1.952431
-1.953334
-1.954218
-1.955082
-1.955927
-1.956753
-1.957559
-1.958346
-1.959114
-1.959862
-1.960591
-1.961301
-1.961991
-1.962662
-1.963314
-1.963946
-1.964559
-1.965152
-1.965726
-1.966281
-1.966816
-1.967332
-1.967829
-1.968306
-1.968763
-1.969201
-1.969620
-1.970019
-1.970399
-1.970759
-1.971100
-1.971422
-1.971724
-1.972006
-1.972269
-1.972513
-1.972737
-1.972942
-1.973127
-1.973293
-1.973439
-1.973566
-1.973673
-1.973761
-1.973829
-1.973878
-1.973908
