0.000000
0.148742
0.289246
0.421908
0.547080
0.665082
0.776200
0.880703
0.978836
1.070834
1.156916
1.237294
1.312171
1.381746
1.446211
1.505753
1.560560
1.610811
1.656688
1.698365
1.736018
1.769817
1.799931
1.826524
1.849760
1.869797
1.886790
1.900891
1.912247
1.921001
1.927293
1.931258
1.933027
1.932724
1.930472
1.926387
1.920581
1.913164
1.904236
1.893898
1.882244
1.869365
1.855345
1.840268
1.824210
1.807248
1.789450
1.770884
1.751613
1.731698
1.709974
1.687789
1.665190
1.642223
1.618930
1.595350
1.571523
1.547483
1.523264
1.498897
1.474413
1.449838
1.425200
1.400523
1.375829
1.351142
1.326479
1.301862
1.277307
1.252832
1.228451
1.204179
1.180030
1.156015
1.132148
1.108438
1.084896
1.061531
1.038352
1.015366
0.992580
0.970002
0.947638
0.925493
0.903572
0.883078
0.862750
0.842595
0.822619
0.802828
0.783226
0.763818
0.744608
0.725600
0.706798
0.688204
0.669821
0.651652
0.633698
0.615961
0.598443
0.581145
0.564067
0.547211
0.530577
0.514165
0.497976
0.482008
0.466263
0.450739
0.435436
0.420353
0.405489
0.390843
0.376414
0.362201
0.348202
0.334416
0.320841
0.307476
0.294318
0.281367
0.268619
0.256074
0.243729
0.231582
0.219631
0.207874
0.196308
0.184931
0.173742
0.162737
0.151915
0.141273
0.130808
0.120519
0.110402
0.100456
0.090678
0.081065
0.071615
0.062326
0.053196
0.044221
0.035399
0.026728
0.018206
0.009830
0.001597
-0.006494
-0.014446
-0.022262
-0.029944
-0.037493
-0.044914
-0.052207
-0.059374
-0.066420
-0.073344
-0.080150
-0.086841
-0.093417
-0.099881
-0.106235
-0.112482
-0.118623
-0.124661
-0.130597
-0.136433
-0.142171
-0.147814
-0.153363
-0.158820
-0.164186
-0.169465
-0.174656
-0.179763
-0.184787
-0.189729
-0.194591
-0.199375
-0.204083
-0.208715
-0.213274
-0.217762
-0.222179
-0.226527
-0.230807
-0.235021
-0.239171
-0.243257
-0.247282
-0.251245
-0.255150
-0.258996
-0.262785
-0.266518
-0.270197
-0.273823
-0.277396
-0.280918
-0.284391
-0.287814
-0.291189
-0.294517
-0.297800
-0.301037
-0.304231
-0.307381
-0.310490
-0.313557
-0.316583
-0.319571
-0.322519
-0.325430
-0.328303
-0.331140
-0.333942
-0.336708
-0.339441
-0.342140
-0.344807
-0.347441
-0.350044
-0.352617
-0.355159
-0.357671
-0.360155
-0.362610
-0.365038
-0.367438
-0.369812
-0.372159
-0.374481
-0.376777
-0.379049
-0.381297
-0.383520
-0.385721
-0.387899
-0.390054
-0.392187
-0.394298
-0.396388
-0.398458
-0.400506
-0.402535
-0.404544
-0.406533
-0.408504
-0.410455
-0.412388
-0.414303
-0.416200
-0.418080
-0.419942
-0.421787
-0.423616
-0.425428
-0.427223
-0.429003
-0.430767
-0.432516
-0.434249
-0.435967
-0.437671
-0.439359
-0.441034
-0.442694
-0.444340
-0.445972
-0.447591
-0.449196
-0.450788
-0.452367
-0.453933
-0.455486
-0.457027
-0.458555
-0.460070
-0.461574
-0.463065
-0.464544
-0.466012
-0.467468
-0.468913
-0.470346
-0.471768
-0.473178
-0.474578
-0.475967
-0.477344
-0.478711
-0.480068
-0.481414
-0.482750
-0.484075
-0.485390
-0.486695
-0.487989
-0.489274
-0.490549
-0.491814
-0.493070
-0.494315
-0.495552
-0.496778
-0.497996
-0.499204
-0.500402
-0.501592
-0.502772
-0.503943
-0.505105
-0.506259
-0.507403
-0.508539
-0.509665
-0.510783
-0.511893
-0.512993
-0.514086
-0.515169
-0.516245
-0.517312
-0.518370
-0.519420
-0.520462
-0.521496
-0.522522
-0.523539
-0.524549
-0.525550
-0.526543
-0.527529
-0.528506
-0.529476
-0.530438
-0.531392
-0.532339
-0.533277
-0.534208
-0.535132
-0.536047
-0.536955
-0.537856
-0.538749
-0.539635
-0.540513
-0.541384
-0.542248
-0.543104
-0.543953
-0.544795
-0.545629
-0.546456
-0.547276
-0.548089
-0.548895
-0.549693
-0.550485
-0.551270
-0.552047
-0.552818
-0.553581
-0.554338
-0.555088
-0.555831
-0.556567
-0.557296
-0.558018
-0.558734
-0.559442
-0.560145
-0.560840
-0.561528
-0.562210
-0.562886
-0.563554
-0.564217
-0.564872
-0.565521
-0.566163
-0.566799
-0.567428
-0.568051
-0.568668
-0.569277
-0.569881
-0.570478
-0.571069
-0.571653
-0.572231
-0.572802
-0.573367
-0.573926
-0.574479
-0.575025
-0.575565
-0.576099
-0.576627
-0.577148
-0.577663
-0.578172
-0.578675
-0.579171
-0.579662
-0.580146
-0.580624
-0.581096
-0.581562
-0.582022
-0.582476
-0.582924
-0.583365
-0.583801
-0.584231
-0.584654
-0.585072
-0.585483
-0.585889
-0.586289
-0.586682
-0.587070
-0.587452
-0.587828
-0.588198
-0.588562
-0.588920
-0.589272
-0.589619
-0.589959
-0.590294
-0.590623
-0.590945
-0.591263
-0.591574
-0.591879
-0.592179
-0.592472
-0.592760
-0.593043
-0.593319
-0.593589
-0.593854
-0.594113
-0.594366
-0.594614
-0.594855
-0.595091
-0.595322
-0.595546
-0.595765
-0.595978
-0.596185
-0.596386
-0.596582
-0.596772
-0.596956
-0.597135
-0.597308
-0.597475
-0.597636
-0.597792
-0.597942
-0.598087
-0.598225
-0.598358
-0.598486
-0.598607
-0.598723
-0.598834
-0.598938
-0.599037
-0.599131
-0.599218
-0.599300
-0.599376
-0.599447
-0.599512
-0.599571
-0.599625
-0.599673
-0.599715
-0.599752
-0.599783
-0.599808
-0.599828
-0.599842
-0.599850
-0.599853
-0.599850
-0.599842
-0.599828
-0.599808
-0.599782
-0.599751
-0.599714
-0.599672
-0.599624
-0.599570
-0.599511
-0.599446
-0.599375
-0.599299
-0.599217
-0.599129
-0.599036
-0.598937
-0.598833
-0.598723
-0.598607
-0.598485
-0.598358
-0.598226
-0.598087
-0.597943
-0.597793
-0.597638
-0.597477
-0.597311
-0.597138
-0.596960
-0.596777
-0.596588
-0.596393
-0.596192
-0.595986
-0.595774
-0.595557
-0.595334
-0.595105
-0.594871
-0.594630
-0.594385
-0.594133
-0.593876
-0.593614
-0.593345
-0.593071
-0.592792
-0.592507
-0.592216
-0.591919
-0.591617
-0.591309
-0.590996
-0.590676
-0.590352
-0.590021
-0.589685
-0.589343
-0.588996
-0.588643
-0.588284
-0.587920
-0.587550
-0.587174
-0.586793
-0.586406
-0.586013
-0.585615
-0.585211
-0.584802
-0.584387
-0.583966
-0.583540
-0.583108
-0.582670
-0.582227
-0.581778
-0.581323
-0.580863
-0.580397
-0.579926
-0.579449
-0.578966
-0.578478
-0.577984
-0.577484
-0.576979
-0.576468
-0.575952
-0.575430
-0.574903
-0.574369
-0.573831
-0.573286
-0.572736
-0.572181
-0.571620
-0.571053
-0.570481
-0.569903
-0.569319
-0.568730
-0.568136
-0.567536
-0.566930
-0.566319
-0.565702
-0.565080
-0.564452
-0.563818
-0.563179
-0.562535
-0.561885
-0.561229
-0.560568
-0.559901
-0.559229
-0.558551
-0.557868
-0.557180
-0.556486
-0.555786
-0.555081
-0.554370
-0.553654
-0.552932
-0.552205
-0.551473
-0.550735
-0.549992
-0.549243
-0.548489
-0.547729
-0.546964
-0.546193
-0.545417
-0.544636
-0.543849
-0.543057
-0.542259
-0.541456
-0.540648
-0.539834
-0.539015
-0.538191
-0.537361
-0.536526
-0.535686
-0.534840
-0.533989
-0.533132
-0.532271
-0.531404
-0.530531
-0.529654
-0.528771
-0.527883
-0.526989
-0.526091
-0.525187
-0.524278
-0.523363
-0.522444
-0.521519
-0.520589
-0.519654
-0.518713
-0.517768
-0.516817
-0.515861
-0.514900
-0.513934
-0.512962
-0.511986
-0.511004
-0.510017
-0.509025
-0.508029
-0.507027
-0.506019
-0.505007
-0.503990
-0.502968
-0.501941
-0.500908
-0.499871
-0.498829
-0.497781
-0.496729
-0.495672
-0.494609
-0.493542
-0.492470
-0.491393
-0.490311
-0.489224
-0.488132
-0.487035
-0.485934
-0.484827
-0.483716
-0.482599
-0.481478
-0.480352
-0.479222
-0.478086
-0.476946
-0.475801
-0.474651
-0.473496
-0.472337
-0.471173
-0.470004
-0.468830
-0.467652
-0.466469
-0.465282
-0.464089
-0.462892
-0.461691
-0.460484
-0.459274
-0.458058
-0.456838
-0.455613
-0.454384
-0.453150
-0.451912
-0.450669
-0.449422
-0.448170
-0.446913
-0.445652
-0.444387
-0.443117
-0.441843
-0.440564
-0.439281
-0.437994
-0.436702
-0.435405
-0.434105
-0.432800
-0.431490
-0.430177
-0.428859
-0.427536
-0.426210
-0.424879
-0.423544
-0.422204
-0.420861
-0.419513
-0.418161
-0.416805
-0.415444
-0.414080
-0.412711
-0.411338
-0.409961
-0.408580
-0.407195
-0.405806
-0.404412
-0.403015
-0.401613
-0.400208
-0.398798
-0.397385
-0.395968
-0.394546
-0.393121
-0.391691
-0.390258
-0.388821
-0.387380
-0.385935
-0.384487
-0.383034
-0.381577
-0.380117
-0.378653
-0.377185
-0.375714
-0.374238
-0.372759
-0.371276
-0.369790
-0.368300
-0.366806
-0.365308
-0.363807
-0.362302
-0.360794
-0.359281
-0.357766
-0.356246
-0.354724
-0.353197
-0.351667
-0.350134
-0.348597
-0.347057
-0.345513
-0.343966
-0.342415
-0.340861
-0.339303
-0.337742
-0.336178
-0.334611
-0.333040
-0.331465
-0.329888
-0.328307
-0.326723
-0.325135
-0.323545
-0.321951
-0.320354
-0.318754
-0.317150
-0.315544
-0.313934
-0.312321
-0.310705
-0.309086
-0.307464
-0.305839
-0.304211
-0.302580
-0.300946
-0.299308
-0.297668
-0.296025
-0.294379
-0.292730
-0.291078
-0.289424
-0.287766
-0.286106
-0.284442
-0.282776
-0.281107
-0.279436
-0.277761
-0.276084
-0.274404
-0.272721
-0.271036
-0.269348
-0.267657
-0.265964
-0.264268
-0.262570
-0.260869
-0.259165
-0.257459
-0.255750
-0.254039
-0.252325
-0.250608
-0.248890
-0.247169
-0.245445
-0.243719
-0.241990
-0.240260
-0.238526
-0.236791
-0.235053
-0.233313
-0.231570
-0.229826
-0.228079
-0.226330
-0.224578
-0.222825
-0.221069
-0.219311
-0.217551
-0.215789
-0.214025
-0.212258
-0.210490
-0.208719
-0.206947
-0.205172
-0.203396
-0.201617
-0.199837
-0.198054
-0.196270
-0.194484
-0.192696
-0.190906
-0.189114
-0.187320
-0.185525
-0.183728
-0.181929
-0.180128
-0.178326
-0.176521
-0.174715
-0.172908
-0.171099
-0.169288
-0.167475
-0.165661
-0.163846
-0.162028
-0.160210
-0.158389
-0.156568
-0.154744
-0.152920
-0.151094
-0.149266
-0.147437
-0.145607
-0.143775
-0.141942
-0.140107
-0.138271
-0.136434
-0.134596
-0.132756
-0.130916
-0.129074
-0.127230
-0.125386
-0.123540
-0.121694
-0.119846
-0.117997
-0.116147
-0.114296
-0.112444
-0.110590
-0.108736
-0.106881
-0.105025
-0.103168
-0.101310
-0.099451
-0.097591
-0.095731
-0.093869
-0.092007
-0.090144
-0.088280
-0.086415
-0.084550
-0.082684
-0.080817
-0.078950
-0.077081
-0.075213
-0.073343
-0.071473
-0.069602
-0.067731
-0.065859
-0.063987
-0.062114
-0.060241
-0.058367
-0.056493
-0.054618
-0.052743
-0.050867
-0.048992
-0.047115
-0.045239
-0.043362
-0.041485
-0.039607
-0.037730
-0.035852
-0.033974
-0.032095
-0.030217
-0.028338
-0.026459
-0.024581
-0.022702
-0.020823
-0.018943
-0.017064
-0.015185
-0.013306
-0.011427
-0.009548
-0.007669
-0.005790
-0.003911
-0.002032
-0.000154
0.001725
0.003603
0.005481
0.007359
0.009236
0.011114
0.012991
0.014867
0.016744
0.018620
0.020495
0.022371
0.024246
0.026120
0.027994
0.029868
0.031741
0.033613
0.035485
0.037357
0.039228
0.041098
0.042968
0.044837
0.046706
0.048573
0.050441
0.052307
0.054173
0.056038
0.057902
0.059765
0.061628
0.063490
0.065351
0.067211
0.069070
0.070929
0.072786
0.074643
0.076498
0.078353
0.080207
0.082059
0.083911
0.085761
0.087611
0.089459
0.091306
0.093152
0.094997
0.096841
0.098684
0.100525
0.102365
0.104204
0.106042
0.107878
0.109713
0.111547
0.113380
0.115211
0.117040
0.118869
0.120695
0.122521
0.124345
0.126167
0.127988
0.129808
0.131626
0.133442
0.135257
0.137070
0.138882
0.140692
0.142500
0.144307
0.146112
0.147915
0.149717
0.151516
0.153315
0.155111
0.156905
0.158698
0.160489
0.162278
0.164065
0.165850
0.167634
0.169415
0.171195
0.172972
0.174748
0.176521
0.178293
0.180063
0.181830
0.183595
0.185359
0.187120
0.188879
0.190636
0.192391
0.194144
0.195894
0.197642
0.199388
0.201132
0.202874
0.204613
0.206350
0.208084
0.209817
0.211547
0.213274
0.214999
0.216722
0.218443
0.220160
0.221876
0.223589
0.225300
0.227008
0.228713
0.230416
0.232116
0.233814
0.235510
0.237202
0.238892
0.240580
0.242264
0.243947
0.245626
0.247303
0.248977
0.250648
0.252316
0.253982
0.255645
0.257305
0.258963
0.260617
0.262269
0.263918
0.265563
0.267207
0.268847
0.270484
0.272118
0.273749
0.275378
0.277003
0.278625
0.280245
0.281861
0.283474
0.285085
0.286692
0.288296
0.289897
0.291494
0.293089
0.294681
0.296269
0.297854
0.299436
0.301015
0.302590
0.304163
0.305732
0.307298
0.308860
0.310419
0.311975
0.313528
0.315077
0.316623
0.318165
0.319705
0.321240
0.322773
0.324302
0.325827
0.327349
0.328868
0.330383
0.331895
0.333403
0.334907
0.336408
0.337906
0.339400
0.340890
0.342377
0.343861
0.345340
0.346816
0.348289
0.349758
0.351223
0.352684
0.354142
0.355596
0.357047
0.358493
0.359936
0.361375
0.362811
0.364243
0.365671
0.367095
0.368515
0.369932
0.371344
0.372753
0.374158
0.375560
0.376957
0.378351
0.379740
0.381126
0.382508
0.383885
0.385259
0.386629
0.387995
0.389357
0.390716
0.392070
0.393420
0.394766
0.396108
0.397446
0.398780
0.400110
0.401436
0.402758
0.404076
0.405389
0.406699
0.408004
0.409306
0.410603
0.411896
0.413185
0.414470
0.415750
0.417027
0.418299
0.419567
0.420831
0.422091
0.423346
0.424597
0.425844
0.427087
0.428325
0.429560
0.430789
0.432015
0.433236
0.434453
0.435666
0.436875
0.438079
0.439278
0.440474
0.441665
0.442852
0.444034
0.445212
0.446385
0.447554
0.448719
0.449880
0.451036
0.452187
0.453334
0.454477
0.455615
0.456749
0.457878
0.459003
0.460123
0.461239
0.462350
0.463457
0.464559
0.465657
0.466751
0.467839
0.468924
0.470003
0.471078
0.472149
0.473215
0.474277
0.475333
0.476386
0.477433
0.478477
0.479515
0.480549
0.481578
0.482603
0.483623
0.484638
0.485649
0.486655
0.487657
0.488653
0.489645
0.490633
0.491616
0.492594
0.493567
0.494536
0.495500
0.496459
0.497413
0.498363
0.499308
0.500249
0.501184
0.502115
0.503041
0.503963
0.504879
0.505791
0.506698
0.507600
0.508498
0.509391
0.510279
0.511162
0.512040
0.512913
0.513782
0.514646
0.515505
0.516359
0.517208
0.518053
0.518893
0.519727
0.520557
0.521382
0.522203
0.523018
0.523828
0.524634
0.525435
0.526230
0.527021
0.527807
0.528588
0.529364
0.530136
0.530902
0.531663
0.532420
0.533171
0.533918
0.534659
0.535396
0.536128
0.536855
0.537576
0.538293
0.539005
0.539712
0.540414
0.541111
0.541803
0.542489
0.543171
0.543848
0.544520
0.545187
0.545849
0.546506
0.547157
0.547804
0.548446
0.549083
0.549714
0.550341
0.550962
0.551579
0.552190
0.552796
0.553398
0.553994
0.554585
0.555171
0.555752
0.556328
0.556899
0.557464
0.558025
0.558580
0.559131
0.559676
0.560216
0.560751
0.561281
0.561805
0.562325
0.562839
0.563349
0.563853
0.564352
0.564845
0.565334
0.565818
0.566296
0.566769
0.567237
0.567700
0.568157
0.568610
0.569057
0.569499
0.569936
0.570367
0.570794
0.571215
0.571631
0.572042
0.572447
0.572848
0.573243
0.573633
0.574017
0.574397
0.574771
0.575140
0.575503
0.575862
0.576215
0.576563
0.576905
0.577242
0.577575
0.577901
0.578223
0.578539
0.578850
0.579155
0.579456
0.579751
0.580041
0.580325
0.580604
0.580878
0.581146
0.581409
0.581667
0.581920
0.582167
0.582409
0.582645
0.582876
0.583102
0.583323
0.583538
0.583748
0.583952
0.584151
0.584345
0.584533
0.584716
0.584894
0.585066
0.585233
0.585394
0.585550
0.585701
0.585846
0.585986
0.586121
0.586250
0.586373
0.586492
0.586605
0.586712
0.586814
0.586911
0.587002
0.587088
0.587168
0.587243
0.587313
0.587377
0.587435
0.587489
0.587536
0.587579
0.587616
0.587647
0.587673
0.587693
0.587709
0.587718
0.587722
0.587721
0.587714
0.587702
0.587684
0.587661
0.587632
0.587598
0.587559
0.587514
0.587463
0.587407
0.587345
0.587278
0.587206
0.587128
0.587044
0.586955
0.586861
0.586761
0.586655
0.586544
0.586428
0.586306
0.586178
0.586045
0.585906
0.585762
0.585613
0.585458
0.585297
0.585131
0.584959
0.584782
0.584599
0.584411
0.584217
0.584018
0.583813
0.583603
0.583387
0.583166
0.582939
0.582706
0.582468
0.582225
0.581976
0.581721
0.581461
0.581196
0.580924
0.580648
0.580365
0.580078
0.579784
0.579485
0.579181
0.578871
0.578556
0.578235
0.577908
0.577576
0.577238
0.576895
0.576547
0.576192
0.575833
0.575467
0.575096
0.574720
0.574338
0.573951
0.573558
0.573159
0.572755
0.572346
0.571931
0.571510
0.571084
0.570652
0.570215
0.569772
0.569324
0.568871
0.568411
0.567946
0.567476
0.567000
0.566519
0.566032
0.565540
0.565042
0.564539
0.564030
0.563515
0.562995
0.562470
0.561939
0.561403
0.560861
0.560314
0.559761
0.559203
0.558639
0.558069
0.557495
0.556915
0.556329
0.555738
0.555141
0.554539
0.553931
0.553318
0.552700
0.552076
0.551447
0.550812
0.550172
0.549526
0.548875
0.548218
0.547556
0.546889
0.546216
0.545538
0.544854
0.544165
0.543471
0.542771
0.542066
0.541355
0.540639
0.539918
0.539191
0.538459
0.537721
0.536978
0.536230
0.535477
0.534718
0.533953
0.533184
0.532409
0.531629
0.530843
0.530052
0.529256
0.528454
0.527648
0.526836
0.526018
0.525196
0.524368
0.523534
0.522696
0.521852
0.521003
0.520149
0.519289
0.518425
0.517555
0.516679
0.515799
0.514913
0.514023
0.513127
0.512225
0.511319
0.510408
0.509491
0.508569
0.507642
0.506710
0.505772
0.504830
0.503882
0.502930
0.501972
0.501009
0.500041
0.499068
0.498090
0.497107
0.496118
0.495125
0.494127
0.493123
0.492115
0.491101
0.490083
0.489059
0.488031
0.486997
0.485959
0.484915
0.483867
0.482814
0.481755
0.480692
0.479624
0.478551
0.477473
0.476390
0.475302
0.474210
0.473112
0.472010
0.470903
0.469791
0.468674
0.467552
0.466426
0.465294
0.464158
0.463017
0.461872
0.460721
0.459566
0.458406
0.457241
0.456072
0.454898
0.453719
0.452536
0.451347
0.450155
0.448957
0.447755
0.446548
0.445337
0.444121
0.442900
0.441675
0.440445
0.439211
0.437972
0.436729
0.435481
0.434228
0.432971
0.431710
0.430444
0.429174
0.427899
0.426619
0.425336
0.424047
0.422755
0.421458
0.420156
0.418850
0.417540
0.416226
0.414907
0.413584
0.412256
0.410924
0.409588
0.408248
0.406903
0.405554
0.404201
0.402844
0.401482
0.400117
0.398747
0.397373
0.395994
0.394612
0.393225
0.391835
0.390440
0.389041
0.387638
0.386231
0.384820
0.383405
0.381986
0.380563
0.379136
0.377705
0.376270
0.374831
0.373388
0.371941
0.370490
0.369035
0.367577
0.366114
0.364648
0.363178
0.361704
0.360226
0.358745
0.357259
0.355770
0.354277
0.352781
0.351281
0.349777
0.348269
0.346757
0.345242
0.343724
0.342201
0.340676
0.339146
0.337613
0.336076
0.334536
0.332992
0.331445
0.329894
0.328340
0.326782
0.325221
0.323656
0.322088
0.320517
0.318942
0.317364
0.315782
0.314197
0.312609
0.311017
0.309422
0.307824
0.306223
0.304618
0.303010
0.301399
0.299785
0.298167
0.296546
0.294922
0.293295
0.291665
0.290032
0.288396
0.286756
0.285114
0.283469
0.281820
0.280169
0.278514
0.276857
0.275196
0.273533
0.271867
0.270198
0.268526
0.266851
0.265173
0.263493
0.261809
0.260123
0.258434
0.256742
0.255048
0.253351
0.251651
0.249948
0.248243
0.246535
0.244825
0.243111
0.241396
0.239677
0.237956
0.236233
0.234507
0.232778
0.231047
0.229314
0.227578
0.225840
0.224099
0.222356
0.220610
0.218862
0.217112
0.215359
0.213604
0.211847
0.210087
0.208325
0.206561
0.204795
0.203027
0.201256
0.199483
0.197708
0.195931
0.194152
0.192370
0.190587
0.188801
0.187014
0.185224
0.183433
0.181639
0.179844
0.178046
0.176247
0.174446
0.172642
0.170837
0.169031
0.167222
0.165411
0.163599
0.161785
0.159969
0.158151
0.156332
0.154511
0.152688
0.150864
0.149038
0.147210
0.145381
0.143550
0.141717
0.139883
0.138048
0.136211
0.134372
0.132532
0.130691
0.128848
0.127004
0.125158
0.123311
0.121463
0.119613
0.117762
0.115909
0.114056
0.112201
0.110345
0.108487
0.106629
0.104769
0.102908
0.101046
0.099182
0.097318
0.095453
0.093586
0.091719
0.089850
0.087981
0.086110
0.084238
0.082366
0.080493
0.078618
0.076743
0.074867
0.072990
0.071112
0.069234
0.067354
0.065474
0.063593
0.061712
0.059829
0.057946
0.056062
0.054178
0.052293
0.050407
0.048521
0.046634
0.044747
0.042859
0.040970
0.039081
0.037192
0.035302
0.033412
0.031521
0.029630
0.027738
0.025847
0.023954
0.022062
0.020169
0.018276
0.016382
0.014489
0.012595
0.010701
0.008807
0.006912
0.005018
0.003123
0.001228
-0.000667
-0.002562
-0.004457
-0.006352
-0.008247
-0.010142
-0.012037
-0.013932
-0.015827
-0.017721
-0.019616
-0.021510
-0.023405
-0.025299
-0.027193
-0.029087
-0.030980
-0.032874
-0.034767
-0.036660
-0.038552
-0.040444
-0.042336
-0.044227
-0.046118
-0.048009
-0.049899
-0.051789
-0.053678
-0.055567
-0.057455
-0.059343
-0.061230
-0.063117
-0.065003
-0.066888
-0.068773
-0.070657
-0.072541
-0.074424
-0.076306
-0.078187
-0.080068
-0.081948
-0.083827
-0.085705
-0.087583
-0.089459
-0.091335
-0.093210
-0.095084
-0.096957
-0.098830
-0.100701
-0.102571
-0.104440
-0.106309
-0.108176
-0.110042
-0.111907
-0.113771
-0.115634
-0.117496
-0.119357
-0.121216
-0.123074
-0.124931
-0.126787
-0.128642
-0.130495
-0.132347
-0.134198
-0.136048
-0.137896
-0.139742
-0.141588
-0.143432
-0.145274
-0.147115
-0.148955
-0.150793
-0.152630
-0.154465
-0.156299
-0.158131
-0.159962
-0.161791
-0.163618
-0.165444
-0.167268
-0.169090
-0.170911
-0.172730
-0.174547
-0.176363
-0.178177
-0.179989
-0.181799
-0.183608
-0.185414
-0.187219
-0.189022
-0.190823
-0.192622
-0.194419
-0.196215
-0.198008
-0.199799
-0.201589
-0.203376
-0.205161
-0.206945
-0.208726
-0.210505
-0.212282
-0.214057
-0.215829
-0.217600
-0.219368
-0.221134
-0.222898
-0.224660
-0.226420
-0.228177
-0.229932
-0.231684
-0.233435
-0.235183
-0.236928
-0.238671
-0.240412
-0.242151
-0.243887
-0.245620
-0.247351
-0.249080
-0.250806
-0.252529
-0.254250
-0.255969
-0.257685
-0.259398
-0.261109
-0.262817
-0.264522
-0.266225
-0.267925
-0.269623
-0.271317
-0.273009
-0.274699
-0.276385
-0.278069
-0.279750
-0.281428
-0.283103
-0.284775
-0.286445
-0.288112
-0.289775
-0.291436
-0.293094
-0.294749
-0.296401
-0.298050
-0.299696
-0.301339
-0.302979
-0.304616
-0.306250
-0.307881
-0.309508
-0.311133
-0.312754
-0.314372
-0.315987
-0.317599
-0.319208
-0.320814
-0.322416
-0.324015
-0.325611
-0.327203
-0.328792
-0.330378
-0.331961
-0.333540
-0.335116
-0.336688
-0.338257
-0.339823
-0.341385
-0.342944
-0.344499
-0.346051
-0.347600
-0.349145
-0.350686
-0.352224
-0.353758
-0.355289
-0.356816
-0.358339
-0.359859
-0.361376
-0.362888
-0.364397
-0.365903
-0.367404
-0.368902
-0.370397
-0.371887
-0.373374
-0.374857
-0.376336
-0.377812
-0.379283
-0.380751
-0.382215
-0.383675
-0.385131
-0.386584
-0.388032
-0.389477
-0.390918
-0.392354
-0.393787
-0.395216
-0.396641
-0.398061
-0.399478
-0.400891
-0.402300
-0.403705
-0.405105
-0.406502
-0.407894
-0.409283
-0.410667
-0.412047
-0.413423
-0.414795
-0.416162
-0.417526
-0.418885
-0.420240
-0.421591
-0.422937
-0.424279
-0.425617
-0.426951
-0.428281
-0.429606
-0.430926
-0.432243
-0.433555
-0.434863
-0.436166
-0.437465
-0.438760
-0.440050
-0.441335
-0.442617
-0.443894
-0.445166
-0.446434
-0.447697
-0.448956
-0.450210
-0.451460
-0.452706
-0.453946
-0.455182
-0.456414
-0.457641
-0.458863
-0.460081
-0.461294
-0.462503
-0.463707
-0.464906
-0.466101
-0.467290
-0.468476
-0.469656
-0.470832
-0.472003
-0.473169
-0.474330
-0.475487
-0.476639
-0.477786
-0.478929
-0.480066
-0.481199
-0.482327
-0.483450
-0.484568
-0.485681
-0.486790
-0.487893
-0.488992
-0.490085
-0.491174
-0.492258
-0.493337
-0.494411
-0.495480
-0.496544
-0.497603
-0.498657
-0.499706
-0.500750
-0.501789
-0.502823
-0.503852
-0.504876
-0.505894
-0.506908
-0.507917
-0.508920
-0.509919
-0.510912
-0.511900
-0.512883
-0.513861
-0.514834
-0.515801
-0.516763
-0.517721
-0.518673
-0.519619
-0.520561
-0.521497
-0.522428
-0.523354
-0.524275
-0.525190
-0.526100
-0.527005
-0.527905
-0.528799
-0.529688
-0.530572
-0.531450
-0.532323
-0.533190
-0.534053
-0.534910
-0.535761
-0.536608
-0.537448
-0.538284
-0.539114
-0.539939
-0.540758
-0.541572
-0.542380
-0.543183
-0.543980
-0.544773
-0.545559
-0.546340
-0.547116
-0.547886
-0.548651
-0.549410
-0.550164
-0.550912
-0.551655
-0.552392
-0.553124
-0.553850
-0.554570
-0.555285
-0.555995
-0.556698
-0.557397
-0.558090
-0.558777
-0.559458
-0.560134
-0.560804
-0.561469
-0.562128
-0.562782
-0.563430
-0.564072
-0.564708
-0.565339
-0.565965
-0.566584
-0.567198
-0.567806
-0.568409
-0.569006
-0.569597
-0.570183
-0.570762
-0.571336
-0.571905
-0.572468
-0.573024
-0.573576
-0.574121
-0.574661
-0.575195
-0.575723
-0.576246
-0.576762
-0.577273
-0.577779
-0.578278
-0.578772
-0.579259
-0.579741
-0.580218
-0.580688
-0.581153
-0.581612
-0.582065
-0.582512
-0.582953
-0.583389
-0.583819
-0.584243
-0.584661
-0.585073
-0.585480
-0.585880
-0.586275
-0.586664
-0.587047
-0.587424
-0.587795
-0.588160
-0.588520
-0.588874
-0.589221
-0.589563
-0.589899
-0.590229
-0.590554
-0.590872
-0.591184
-0.591491
-0.591792
-0.592086
-0.592375
-0.592658
-0.592935
-0.593206
-0.593471
-0.593730
-0.593984
-0.594231
-0.594473
-0.594708
-0.594938
-0.595161
-0.595379
-0.595591
-0.595797
-0.595996
-0.596190
-0.596378
-0.596560
-0.596736
-0.596907
-0.597071
-0.597229
-0.597381
-0.597528
-0.597668
-0.597802
-0.597931
-0.598053
-0.598170
-0.598280
-0.598385
-0.598483
-0.598576
-0.598663
-0.598743
-0.598818
-0.598887
-0.598950
-0.599007
-0.599057
-0.599102
-0.599141
-0.599174
-0.599201
-0.599222
-0.599237
-0.599246
-0.599249
-0.599246
-0.599237
-0.599223
-0.599202
-0.599175
-0.599142
-0.599103
-0.599059
-0.599008
-0.598951
-0.598889
-0.598820
-0.598746
-0.598665
-0.598579
-0.598486
-0.598388
-0.598283
-0.598173
-0.598057
-0.597935
-0.597806
-0.597672
-0.597532
-0.597386
-0.597234
-0.597076
-0.596912
-0.596742
-0.596566
-0.596385
-0.596197
-0.596003
-0.595804
-0.595598
-0.595387
-0.595170
-0.594946
-0.594717
-0.594482
-0.594241
-0.593994
-0.593741
-0.593482
-0.593217
-0.592947
-0.592670
-0.592388
-0.592099
-0.591805
-0.591505
-0.591199
-0.590887
-0.590569
-0.590246
-0.589916
-0.589581
-0.589239
-0.588892
-0.588539
-0.588180
-0.587816
-0.587445
-0.587068
-0.586686
-0.586298
-0.585904
-0.585504
-0.585099
-0.584687
-0.584270
-0.583847
-0.583418
-0.582983
-0.582542
-0.582096
-0.581644
-0.581186
-0.580722
-0.580253
-0.579778
-0.579296
-0.578810
-0.578317
-0.577819
-0.577315
-0.576805
-0.576289
-0.575768
-0.575241
-0.574708
-0.574169
-0.573625
-0.573075
-0.572520
-0.571958
-0.571391
-0.570818
-0.570240
-0.569656
-0.569066
-0.568471
-0.567870
-0.567263
-0.566650
-0.566032
-0.565409
-0.564779
-0.564144
-0.563504
-0.562858
-0.562206
-0.561548
-0.560886
-0.560217
-0.559543
-0.558863
-0.558178
-0.557487
-0.556791
-0.556089
-0.555381
-0.554668
-0.553950
-0.553226
-0.552496
-0.551761
-0.551020
-0.550274
-0.549523
-0.548766
-0.548003
-0.547235
-0.546462
-0.545683
-0.544899
-0.544109
-0.543314
-0.542514
-0.541708
-0.540896
-0.540080
-0.539258
-0.538430
-0.537597
-0.536759
-0.535916
-0.535067
-0.534213
-0.533353
-0.532488
-0.531618
-0.530743
-0.529862
-0.528976
-0.528085
-0.527188
-0.526286
-0.525379
-0.524467
-0.523550
-0.522627
-0.521699
-0.520766
-0.519828
-0.518884
-0.517935
-0.516982
-0.516023
-0.515059
-0.514089
-0.513115
-0.512135
-0.511151
-0.510161
-0.509166
-0.508167
-0.507162
-0.506152
-0.505137
-0.504117
-0.503092
-0.502062
-0.501027
-0.499986
-0.498941
-0.497891
-0.496836
-0.495776
-0.494712
-0.493642
-0.492567
-0.491487
-0.490403
-0.489313
-0.488219
-0.487120
-0.486016
-0.484907
-0.483793
-0.482675
-0.481551
-0.480423
-0.479290
-0.478153
-0.477010
-0.475863
-0.474711
-0.473554
-0.472393
-0.471227
-0.470056
-0.468880
-0.467700
-0.466515
-0.465326
-0.464131
-0.462933
-0.461729
-0.460521
-0.459309
-0.458091
-0.456870
-0.455643
-0.454413
-0.453177
-0.451937
-0.450693
-0.449444
-0.448191
-0.446933
-0.445670
-0.444404
-0.443133
-0.441857
-0.440577
-0.439293
-0.438004
-0.436711
-0.435413
-0.434111
-0.432805
-0.431495
-0.430180
-0.428861
-0.427537
-0.426210
-0.424878
-0.423542
-0.422202
-0.420857
-0.419508
-0.418155
-0.416798
-0.415437
-0.414072
-0.412702
-0.411329
-0.409951
-0.408569
-0.407183
-0.405793
-0.404399
-0.403001
-0.401599
-0.400193
-0.398783
-0.397369
-0.395952
-0.394530
-0.393104
-0.391674
-0.390240
-0.388803
-0.387362
-0.385916
-0.384467
-0.383014
-0.381557
-0.380097
-0.378633
-0.377164
-0.375693
-0.374217
-0.372738
-0.371255
-0.369768
-0.368277
-0.366783
-0.365286
-0.363784
-0.362279
-0.360771
-0.359258
-0.357743
-0.356223
-0.354700
-0.353174
-0.351644
-0.350111
-0.348574
-0.347033
-0.345490
-0.343942
-0.342392
-0.340838
-0.339280
-0.337719
-0.336155
-0.334588
-0.333017
-0.331443
-0.329865
-0.328284
-0.326700
-0.325113
-0.323523
-0.321929
-0.320332
-0.318732
-0.317129
-0.315522
-0.313913
-0.312300
-0.310684
-0.309066
-0.307444
-0.305819
-0.304191
-0.302560
-0.300926
-0.299289
-0.297649
-0.296006
-0.294360
-0.292712
-0.291060
-0.289405
-0.287748
-0.286088
-0.284425
-0.282759
-0.281090
-0.279419
-0.277745
-0.276068
-0.274388
-0.272706
-0.271021
-0.269333
-0.267642
-0.265949
-0.264254
-0.262556
-0.260855
-0.259151
-0.257445
-0.255737
-0.254026
-0.252312
-0.250596
-0.248878
-0.247157
-0.245433
-0.243707
-0.241979
-0.240249
-0.238516
-0.236781
-0.235043
-0.233303
-0.231561
-0.229817
-0.228070
-0.226321
-0.224570
-0.222816
-0.221061
-0.219303
-0.217543
-0.215782
-0.214017
-0.212251
-0.210483
-0.208713
-0.206941
-0.205166
-0.203390
-0.201612
-0.199832
-0.198049
-0.196265
-0.194479
-0.192691
-0.190902
-0.189110
-0.187317
-0.185521
-0.183724
-0.181926
-0.180125
-0.178323
-0.176519
-0.174713
-0.172906
-0.171097
-0.169286
-0.167474
-0.165660
-0.163845
-0.162028
-0.160209
-0.158389
-0.156567
-0.154744
-0.152920
-0.151094
-0.149266
-0.147437
-0.145607
-0.143775
-0.141942
-0.140108
-0.138272
-0.136436
-0.134597
-0.132758
-0.130917
-0.129075
-0.127232
-0.125388
-0.123542
-0.121696
-0.119848
-0.117999
-0.116149
-0.114298
-0.112446
-0.110593
-0.108739
-0.106884
-0.105028
-0.103171
-0.101313
-0.099455
-0.097595
-0.095734
-0.093873
-0.092011
-0.090148
-0.088284
-0.086419
-0.084554
-0.082688
-0.080821
-0.078954
-0.077086
-0.075217
-0.073347
-0.071477
-0.069607
-0.067736
-0.065864
-0.063992
-0.062119
-0.060246
-0.058372
-0.056498
-0.054623
-0.052748
-0.050872
-0.048997
-0.047120
-0.045244
-0.043367
-0.041490
-0.039613
-0.037735
-0.035857
-0.033979
-0.032101
-0.030222
-0.028344
-0.026465
-0.024586
-0.022707
-0.020828
-0.018949
-0.017070
-0.015190
-0.013311
-0.011432
-0.009553
-0.007674
-0.005795
-0.003916
-0.002038
-0.000159
0.001719
0.003598
0.005476
0.007353
0.009231
0.011108
0.012985
0.014862
0.016738
0.018614
0.020490
0.022365
0.024240
0.026115
0.027989
0.029862
0.031736
0.033608
0.035480
0.037352
0.039223
0.041093
0.042963
0.044832
0.046700
0.048568
0.050436
0.052302
0.054168
0.056033
0.057897
0.059761
0.061623
0.063485
0.065346
0.067206
0.069066
0.070924
0.072782
0.074638
0.076494
0.078348
0.080202
0.082055
0.083906
0.085757
0.087606
0.089455
0.091302
0.093148
0.094993
0.096837
0.098679
0.100521
0.102361
0.104200
0.106038
0.107874
0.109709
0.111543
0.113375
0.115206
0.117036
0.118864
0.120691
0.122517
0.124341
0.126163
0.127984
0.129804
0.131622
0.133438
0.135253
0.137066
0.138878
0.140688
0.142496
0.144303
0.146108
0.147911
0.149713
0.151513
0.153311
0.155107
0.156902
0.158694
0.160485
0.162274
0.164062
0.165847
0.167630
0.169412
0.171191
0.172969
0.174744
0.176518
0.178290
0.180059
0.181827
0.183592
0.185355
0.187117
0.188876
0.190633
0.192388
0.194140
0.195891
0.197639
0.199385
0.201129
0.202870
0.204610
0.206347
0.208081
0.209814
0.211544
0.213271
0.214996
0.216719
0.218440
0.220157
0.221873
0.223586
0.225297
0.227005
0.228710
0.230413
0.232114
0.233811
0.235507
0.237199
0.238889
0.240577
0.242262
0.243944
0.245623
0.247300
0.248974
0.250645
0.252314
0.253979
0.255642
0.257303
0.258960
0.260614
0.262266
0.263915
0.265561
0.267204
0.268844
0.270481
0.272115
0.273747
0.275375
0.277001
0.278623
0.280242
0.281859
0.283472
0.285082
0.286689
0.288293
0.289894
0.291492
0.293087
0.294678
0.296266
0.297852
0.299434
0.301012
0.302588
0.304160
0.305729
0.307295
0.308858
0.310417
0.311973
0.313525
0.315075
0.316620
0.318163
0.319702
0.321238
0.322770
0.324299
0.325825
0.327347
0.328865
0.330381
0.331892
0.333400
0.334905
0.336406
0.337904
0.339398
0.340888
0.342375
0.343858
0.345338
0.346814
0.348287
0.349755
0.351220
0.352682
0.354140
0.355594
0.357044
0.358491
0.359934
0.361373
0.362809
0.364240
0.365668
0.367093
0.368513
0.369930
0.371342
0.372751
0.374156
0.375558
0.376955
0.378348
0.379738
0.381124
0.382505
0.383883
0.385257
0.386627
0.387993
0.389355
0.390713
0.392068
0.393418
0.394764
0.396106
0.397444
0.398778
0.400108
0.401434
0.402756
0.404073
0.405387
0.406697
0.408002
0.409304
0.410601
0.411894
0.413183
0.414468
0.415748
0.417025
0.418297
0.419565
0.420829
0.422089
0.423344
0.424595
0.425842
0.427085
0.428323
0.429558
0.430788
0.432013
0.433234
0.434452
0.435664
0.436873
0.438077
0.439277
0.440472
0.441663
0.442850
0.444032
0.445210
0.446383
0.447553
0.448717
0.449878
0.451034
0.452185
0.453332
0.454475
0.455613
0.456747
0.457876
0.459001
0.460121
0.461237
0.462349
0.463455
0.464558
0.465656
0.466749
0.467838
0.468922
0.470002
0.471077
0.472147
0.473213
0.474275
0.475332
0.476384
0.477432
0.478475
0.479513
0.480547
0.481577
0.482601
0.483621
0.484637
0.485647
0.486654
0.487655
0.488652
0.489644
0.490631
0.491614
0.492592
0.493565
0.494534
0.495498
0.496457
0.497412
0.498362
0.499307
0.500247
0.501183
0.502114
0.503040
0.503961
0.504878
0.505790
0.506697
0.507599
0.508497
0.509389
0.510277
0.511160
0.512039
0.512912
0.513781
0.514645
0.515504
0.516358
0.517207
0.518052
0.518891
0.519726
0.520556
0.521381
0.522201
0.523017
0.523827
0.524633
0.525433
0.526229
0.527020
0.527806
0.528587
0.529363
0.530134
0.530901
0.531662
0.532419
0.533170
0.533917
0.534658
0.535395
0.536127
0.536853
0.537575
0.538292
0.539004
0.539711
0.540413
0.541110
0.541801
0.542488
0.543170
0.543847
0.544519
0.545186
0.545848
0.546505
0.547156
0.547803
0.548445
0.549082
0.549713
0.550340
0.550961
0.551578
0.552189
0.552796
0.553397
0.553993
0.554584
0.555170
0.555751
0.556327
0.556898
0.557463
0.558024
0.558579
0.559130
0.559675
0.560215
0.560750
0.561280
0.561804
0.562324
0.562838
0.563348
0.563852
0.564351
0.564845
0.565333
0.565817
0.566295
0.566768
0.567236
0.567699
0.568157
0.568609
0.569056
0.569498
0.569935
0.570367
0.570793
0.571214
0.571630
0.572041
0.572447
0.572847
0.573242
0.573632
0.574017
0.574396
0.574770
0.575139
0.575503
0.575861
0.576214
0.576562
0.576905
0.577242
0.577574
0.577901
0.578222
0.578538
0.578849
0.579155
0.579455
0.579750
0.580040
0.580324
0.580604
0.580877
0.581146
0.581409
0.581667
0.581919
0.582166
0.582408
0.582645
0.582876
0.583102
0.583322
0.583537
0.583747
0.583952
0.584151
0.584344
0.584533
0.584716
0.584893
0.585066
0.585232
0.585394
0.585550
0.585701
0.585846
0.585986
0.586120
0.586249
0.586373
0.586491
0.586604
0.586712
0.586814
0.586911
0.587002
0.587088
0.587168
0.587243
0.587312
0.587377
0.587435
0.587488
0.587536
0.587579
0.587615
0.587647
0.587673
0.587693
0.587708
0.587718
0.587722
0.587721
0.587714
0.587702
0.587684
0.587661
0.587632
0.587598
0.587559
0.587514
0.587463
0.587407
0.587345
0.587278
0.587206
0.587128
0.587044
0.586955
0.586861
0.586761
0.586655
0.586544
0.586428
0.586306
0.586178
0.586045
0.585907
0.585763
0.585613
0.585458
0.585297
0.585131
0.584959
0.584782
0.584600
0.584411
0.584218
0.584018
0.583814
0.583603
0.583387
0.583166
0.582939
0.582707
0.582469
0.582225
0.581976
0.581722
0.581462
0.581196
0.580925
0.580648
0.580366
0.580078
0.579785
0.579486
0.579182
0.578872
0.578556
0.578235
0.577909
0.577577
0.577239
0.576896
0.576547
0.576193
0.575833
0.575468
0.575097
0.574721
0.574339
0.573951
0.573559
0.573160
0.572756
0.572346
0.571931
0.571511
0.571085
0.570653
0.570216
0.569773
0.569325
0.568871
0.568412
0.567947
0.567477
0.567001
0.566520
0.566033
0.565541
0.565043
0.564539
0.564031
0.563516
0.562996
0.562471
0.561940
0.561404
0.560862
0.560315
0.559762
0.559203
0.558640
0.558070
0.557496
0.556915
0.556330
0.555739
0.555142
0.554540
0.553932
0.553319
0.552701
0.552077
0.551448
0.550813
0.550173
0.549527
0.548876
0.548219
0.547557
0.546890
0.546217
0.545539
0.544855
0.544166
0.543472
0.542772
0.542067
0.541356
0.540640
0.539919
0.539192
0.538460
0.537723
0.536980
0.536231
0.535478
0.534719
0.533955
0.533185
0.532410
0.531630
0.530844
0.530054
0.529257
0.528456
0.527649
0.526837
0.526020
0.525197
0.524369
0.523536
0.522697
0.521854
0.521005
0.520150
0.519291
0.518426
0.517556
0.516681
0.515801
0.514915
0.514024
0.513128
0.512227
0.511321
0.510409
0.509492
0.508571
0.507644
0.506711
0.505774
0.504832
0.503884
0.502931
0.501974
0.501011
0.500043
0.499070
0.498092
0.497108
0.496120
0.495127
0.494128
0.493125
0.492116
0.491103
0.490085
0.489061
0.488033
0.486999
0.485961
0.484917
0.483869
0.482816
0.481757
0.480694
0.479626
0.478553
0.477475
0.476392
0.475304
0.474212
0.473114
0.472012
0.470905
0.469793
0.468676
0.467554
0.466427
0.465296
0.464160
0.463019
0.461873
0.460723
0.459568
0.458408
0.457243
0.456074
0.454900
0.453721
0.452538
0.451350
0.450157
0.448959
0.447757
0.446550
0.445339
0.444123
0.442902
0.441677
0.440448
0.439213
0.437974
0.436731
0.435483
0.434231
0.432974
0.431712
0.430446
0.429176
0.427901
0.426621
0.425338
0.424049
0.422757
0.421460
0.420158
0.418853
0.417542
0.416228
0.414909
0.413586
0.412258
0.410927
0.409591
0.408250
0.406906
0.405557
0.404204
0.402846
0.401485
0.400119
0.398749
0.397375
0.395997
0.394614
0.393228
0.391837
0.390442
0.389044
0.387641
0.386234
0.384823
0.383407
0.381988
0.380565
0.379138
0.377707
0.376272
0.374833
0.373390
0.371943
0.370492
0.369038
0.367579
0.366117
0.364650
0.363180
0.361706
0.360229
0.358747
0.357262
0.355773
0.354280
0.352783
0.351283
0.349779
0.348271
0.346760
0.345245
0.343726
0.342204
0.340678
0.339149
0.337616
0.336079
0.334539
0.332995
0.331448
0.329897
0.328343
0.326785
0.325224
0.323659
0.322091
0.320520
0.318945
0.317366
0.315785
0.314200
0.312612
0.311020
0.309425
0.307827
0.306225
0.304621
0.303013
0.301402
0.299787
0.298170
0.296549
0.294925
0.293298
0.291668
0.290035
0.288399
0.286759
0.285117
0.283471
0.281823
0.280171
0.278517
0.276860
0.275199
0.273536
0.271870
0.270201
0.268529
0.266854
0.265176
0.263495
0.261812
0.260126
0.258437
0.256745
0.255051
0.253354
0.251654
0.249951
0.248246
0.246538
0.244827
0.243114
0.241399
0.239680
0.237959
0.236236
0.234510
0.232781
0.231050
0.229317
0.227581
0.225843
0.224102
0.222359
0.220613
0.218865
0.217115
0.215362
0.213607
0.211850
0.210090
0.208328
0.206564
0.204798
0.203030
0.201259
0.199486
0.197711
0.195934
0.194155
0.192373
0.190590
0.188804
0.187017
0.185227
0.183436
0.181642
0.179847
0.178049
0.176250
0.174449
0.172646
0.170840
0.169034
0.167225
0.165414
0.163602
0.161788
0.159972
0.158154
0.156335
0.154514
0.152691
0.150867
0.149041
0.147213
0.145384
0.143553
0.141721
0.139887
0.138051
0.136214
0.134376
0.132536
0.130694
0.128851
0.127007
0.125161
0.123314
0.121466
0.119616
0.117765
0.115912
0.114059
0.112204
0.110348
0.108490
0.106632
0.104772
0.102911
0.101049
0.099186
0.097321
0.095456
0.093589
0.091722
0.089853
0.087984
0.086113
0.084242
0.082369
0.080496
0.078621
0.076746
0.074870
0.072993
0.071115
0.069237
0.067357
0.065477
0.063596
0.061715
0.059832
0.057949
0.056066
0.054181
0.052296
0.050410
0.048524
0.046637
0.044750
0.042862
0.040974
0.039085
0.037195
0.035305
0.033415
0.031524
0.029633
0.027742
0.025850
0.023957
0.022065
0.020172
0.018279
0.016386
0.014492
0.012598
0.010704
0.008810
0.006915
0.005021
0.003126
0.001231
-0.000664
-0.002559
-0.004454
-0.006349
-0.008664
-0.010806
-0.012796
-0.014653
-0.016393
-0.018032
-0.019584
-0.021060
-0.022472
-0.023830
-0.025142
-0.026416
-0.027659
-0.028878
-0.030078
-0.031264
-0.032440
-0.033611
-0.034780
-0.035949
-0.037122
-0.038301
-0.039489
-0.040686
-0.041895
-0.043117
-0.044352
-0.045603
-0.046870
-0.048154
-0.049455
-0.050774
-0.052111
-0.053466
-0.054840
-0.056233
-0.057645
-0.059076
-0.060526
-0.061995
-0.063482
-0.064988
-0.066512
-0.068055
-0.069616
-0.071194
-0.072790
-0.074403
-0.076033
-0.077679
-0.079342
-0.081020
-0.082715
-0.084424
-0.086148
-0.087887
-0.089640
-0.091406
-0.093186
-0.094979
-0.096785
-0.098603
-0.100433
-0.102274
-0.104127
-0.105991
-0.107865
-0.109750
-0.111644
-0.113548
-0.115460
-0.117382
-0.119312
-0.121250
-0.123196
-0.125150
-0.127110
-0.129078
-0.131051
-0.133032
-0.135018
-0.137009
-0.139006
-0.141008
-0.143015
-0.145026
-0.147042
-0.149061
-0.151084
-0.153111
-0.155140
-0.157173
-0.159208
-0.161245
-0.163285
-0.165327
-0.167370
-0.169415
-0.171461
-0.173508
-0.175555
-0.177604
-0.179653
-0.181702
-0.183751
-0.185800
-0.187848
-0.189896
-0.191943
-0.193989
-0.196035
-0.198079
-0.200121
-0.202162
-0.204201
-0.206239
-0.208274
-0.210307
-0.212338
-0.214366
-0.216392
-0.218415
-0.220435
-0.222452
-0.224466
-0.226477
-0.228485
-0.230489
-0.232490
-0.234486
-0.236479
-0.238469
-0.240454
-0.242435
-0.244412
-0.246385
-0.248354
-0.250318
-0.252277
-0.254232
-0.256183
-0.258128
-0.260069
-0.262005
-0.263937
-0.265863
-0.267784
-0.269700
-0.271611
-0.273516
-0.275417
-0.277312
-0.279202
-0.281086
-0.282965
-0.284838
-0.286706
-0.288568
-0.290425
-0.292276
-0.294121
-0.295961
-0.297794
-0.299622
-0.301445
-0.303261
-0.305072
-0.306877
-0.308675
-0.310468
-0.312255
-0.314036
-0.315811
-0.317581
-0.319344
-0.321101
-0.322852
-0.324597
-0.326336
-0.328069
-0.329796
-0.331517
-0.333232
-0.334940
-0.336643
-0.338340
-0.340030
-0.341715
-0.343393
-0.345066
-0.346732
-0.348392
-0.350046
-0.351694
-0.353337
-0.354973
-0.356603
-0.358226
-0.359844
-0.361456
-0.363062
-0.364662
-0.366256
-0.367844
-0.369426
-0.371002
-0.372572
-0.374136
-0.375694
-0.377246
-0.378792
-0.380332
-0.381867
-0.383396
-0.384918
-0.386435
-0.387946
-0.389451
-0.390951
-0.392444
-0.393932
-0.395414
-0.396890
-0.398361
-0.399826
-0.401285
-0.402738
-0.404186
-0.405628
-0.407064
-0.408495
-0.409920
-0.411339
-0.412753
-0.414161
-0.415564
-0.416961
-0.418352
-0.419738
-0.421119
-0.422494
-0.423863
-0.425227
-0.426586
-0.427939
-0.429287
-0.430629
-0.431965
-0.433297
-0.434623
-0.435943
-0.437259
-0.438568
-0.439873
-0.441172
-0.442466
-0.443755
-0.445038
-0.446316
-0.447588
-0.448856
-0.450118
-0.451375
-0.452627
-0.453873
-0.455114
-0.456350
-0.457581
-0.458807
-0.460027
-0.461242
-0.462452
-0.463657
-0.464857
-0.466051
-0.467241
-0.468425
-0.469604
-0.470779
-0.471948
-0.473111
-0.474270
-0.475424
-0.476572
-0.477716
-0.478854
-0.479988
-0.481116
-0.482239
-0.483357
-0.484470
-0.485578
-0.486681
-0.487779
-0.488872
-0.489960
-0.491042
-0.492120
-0.493193
-0.494260
-0.495323
-0.496380
-0.497433
-0.498480
-0.499523
-0.500560
-0.501592
-0.502620
-0.503642
-0.504659
-0.505672
-0.506679
-0.507681
-0.508678
-0.509670
-0.510657
-0.511639
-0.512616
-0.513588
-0.514554
-0.515516
-0.516473
-0.517425
-0.518371
-0.519313
-0.520249
-0.521180
-0.522107
-0.523028
-0.523944
-0.524855
-0.525761
-0.526662
-0.527557
-0.528448
-0.529334
-0.530214
-0.531089
-0.531959
-0.532824
-0.533684
-0.534539
-0.535389
-0.536233
-0.537072
-0.537907
-0.538736
-0.539559
-0.540378
-0.541191
-0.542000
-0.542803
-0.543600
-0.544393
-0.545180
-0.545963
-0.546739
-0.547511
-0.548278
-0.549039
-0.549795
-0.550545
-0.551291
-0.552031
-0.552766
-0.553495
-0.554219
-0.554938
-0.555652
-0.556360
-0.557063
-0.557761
-0.558453
-0.559140
-0.559821
-0.560497
-0.561168
-0.561833
-0.562493
-0.563148
-0.563797
-0.564441
-0.565079
-0.565712
-0.566340
-0.566962
-0.567578
-0.568190
-0.568795
-0.569395
-0.569990
-0.570579
-0.571163
-0.571741
-0.572314
-0.572881
-0.573443
-0.573999
-0.574550
-0.575095
-0.575634
-0.576168
-0.576697
-0.577219
-0.577737
-0.578248
-0.578754
-0.579255
-0.579749
-0.580239
-0.580722
-0.581200
-0.581672
-0.582139
-0.582600
-0.583055
-0.583505
-0.583949
-0.584387
-0.584820
-0.585247
-0.585668
-0.586084
-0.586493
-0.586897
-0.587296
-0.587688
-0.588075
-0.588457
-0.588832
-0.589202
-0.589565
-0.589924
-0.590276
-0.590623
-0.590963
-0.591298
-0.591628
-0.591951
-0.592269
-0.592581
-0.592887
-0.593187
-0.593481
-0.593770
-0.594052
-0.594329
-0.594600
-0.594866
-0.595125
-0.595378
-0.595626
-0.595868
-0.596104
-0.596334
-0.596558
-0.596776
-0.596989
-0.597195
-0.597396
-0.597590
-0.597779
-0.597962
-0.598139
-0.598310
-0.598475
-0.598635
-0.598788
-0.598936
-0.599077
-0.599213
-0.599342
-0.599466
-0.599584
-0.599696
-0.599802
-0.599902
-0.599996
-0.600084
-0.600166
-0.600242
-0.600312
-0.600377
-0.600435
-0.600487
-0.600534
-0.600574
-0.600609
-0.600637
-0.600660
-0.600676
-0.600687
-0.600691
-0.600690
-0.600683
-0.600670
-0.600650
-0.600625
-0.600594
-0.600557
-0.600514
-0.600465
-0.600409
-0.600348
-0.600281
-0.600208
-0.600129
-0.600044
-0.599953
-0.599857
-0.599754
-0.599645
-0.599530
-0.599409
-0.599282
-0.599150
-0.599011
-0.598866
-0.598715
-0.598559
-0.598396
-0.598228
-0.598053
-0.597873
-0.597686
-0.597494
-0.597295
-0.597091
-0.596881
-0.596664
-0.596442
-0.596214
-0.595980
-0.595740
-0.595494
-0.595242
-0.594984
-0.594720
-0.594450
-0.594175
-0.593893
-0.593605
-0.593312
-0.593012
-0.592707
-0.592396
-0.592079
-0.591756
-0.591427
-0.591092
-0.590751
-0.590404
-0.590052
-0.589693
-0.589329
-0.588959
-0.588582
-0.588200
-0.587813
-0.587419
-0.587019
-0.586614
-0.586202
-0.585785
-0.585362
-0.584933
-0.584498
-0.584058
-0.583611
-0.583159
-0.582701
-0.582237
-0.581768
-0.581292
-0.580811
-0.580324
-0.579831
-0.579332
-0.578828
-0.578317
-0.577801
-0.577279
-0.576752
-0.576219
-0.575679
-0.575135
-0.574584
-0.574028
-0.573466
-0.572898
-0.572324
-0.571745
-0.571160
-0.570570
-0.569973
-0.569371
-0.568764
-0.568150
-0.567531
-0.566907
-0.566276
-0.565640
-0.564999
-0.564351
-0.563698
-0.563040
-0.562376
-0.561706
-0.561030
-0.560349
-0.559663
-0.558970
-0.558273
-0.557569
-0.556860
-0.556146
-0.555426
-0.554700
-0.553969
-0.553233
-0.552491
-0.551743
-0.550990
-0.550231
-0.549467
-0.548697
-0.547922
-0.547142
-0.546356
-0.545564
-0.544767
-0.543965
-0.543157
-0.542344
-0.541525
-0.540701
-0.539872
-0.539037
-0.538197
-0.537351
-0.536500
-0.535644
-0.534783
-0.533916
-0.533043
-0.532166
-0.531283
-0.530395
-0.529501
-0.528603
-0.527698
-0.526789
-0.525875
-0.524955
-0.524030
-0.523100
-0.522164
-0.521224
-0.520278
-0.519327
-0.518370
-0.517409
-0.516442
-0.515471
-0.514494
-0.513512
-0.512525
-0.511533
-0.510535
-0.509533
-0.508525
-0.507513
-0.506495
-0.505473
-0.504445
-0.503412
-0.502375
-0.501332
-0.500284
-0.499231
-0.498174
-0.497111
-0.496044
-0.494971
-0.493893
-0.492811
-0.491724
-0.490632
-0.489534
-0.488432
-0.487326
-0.486214
-0.485097
-0.483976
-0.482850
-0.481719
-0.480583
-0.479442
-0.478297
-0.477147
-0.475992
-0.474832
-0.473668
-0.472499
-0.471325
-0.470147
-0.468963
-0.467776
-0.466583
-0.465386
-0.464184
-0.462978
-0.461767
-0.460551
-0.459331
-0.458106
-0.456877
-0.455643
-0.454404
-0.453162
-0.451914
-0.450662
-0.449406
-0.448145
-0.446879
-0.445610
-0.444335
-0.443057
-0.441774
-0.440486
-0.439194
-0.437898
-0.436597
-0.435292
-0.433983
-0.432669
-0.431352
-0.430029
-0.428703
-0.427372
-0.426037
-0.424698
-0.423354
-0.422007
-0.420655
-0.419299
-0.417939
-0.416574
-0.415206
-0.413833
-0.412456
-0.411075
-0.409690
-0.408301
-0.406908
-0.405511
-0.404110
-0.402705
-0.401296
-0.399883
-0.398465
-0.397044
-0.395619
-0.394190
-0.392757
-0.391320
-0.389880
-0.388435
-0.386987
-0.385535
-0.384078
-0.382618
-0.381155
-0.379687
-0.378216
-0.376741
-0.375262
-0.373780
-0.372293
-0.370804
-0.369310
-0.367813
-0.366312
-0.364807
-0.363299
-0.361787
-0.360272
-0.358753
-0.357231
-0.355705
-0.354175
-0.352642
-0.351106
-0.349566
-0.348022
-0.346475
-0.344925
-0.343371
-0.341814
-0.340253
-0.338689
-0.337122
-0.335551
-0.333977
-0.332400
-0.330819
-0.329236
-0.327649
-0.326058
-0.324465
-0.322868
-0.321268
-0.319665
-0.318059
-0.316449
-0.314837
-0.313221
-0.311602
-0.309980
-0.308355
-0.306727
-0.305096
-0.303462
-0.301826
-0.300186
-0.298543
-0.296897
-0.295248
-0.293596
-0.291942
-0.290284
-0.288624
-0.286961
-0.285295
-0.283626
-0.281954
-0.280280
-0.278603
-0.276923
-0.275241
-0.273555
-0.271867
-0.270177
-0.268483
-0.266787
-0.265089
-0.263388
-0.261684
-0.259978
-0.258269
-0.256558
-0.254844
-0.253127
-0.251408
-0.249687
-0.247963
-0.246237
-0.244509
-0.242778
-0.241044
-0.239309
-0.237571
-0.235830
-0.234088
-0.232343
-0.230596
-0.228846
-0.227095
-0.225341
-0.223585
-0.221826
-0.220066
-0.218304
-0.216539
-0.214772
-0.213003
-0.211233
-0.209460
-0.207685
-0.205908
-0.204129
-0.202348
-0.200565
-0.198780
-0.196994
-0.195205
-0.193415
-0.191622
-0.189828
-0.188032
-0.186234
-0.184435
-0.182634
-0.180830
-0.179026
-0.177219
-0.175411
-0.173601
-0.171790
-0.169976
-0.168162
-0.166345
-0.164527
-0.162708
-0.160887
-0.159064
-0.157240
-0.155415
-0.153588
-0.151759
-0.149929
-0.148098
-0.146265
-0.144431
-0.142596
-0.140759
-0.138921
-0.137082
-0.135241
-0.133399
-0.131556
-0.129712
-0.127867
-0.126020
-0.124172
-0.122323
-0.120473
-0.118622
-0.116770
-0.114917
-0.113062
-0.111207
-0.109351
-0.107493
-0.105635
-0.103776
-0.101916
-0.100055
-0.098193
-0.096330
-0.094466
-0.092602
-0.090736
-0.088870
-0.087004
-0.085136
-0.083268
-0.081399
-0.079529
-0.077659
-0.075788
-0.073916
-0.072044
-0.070171
-0.068297
-0.066423
-0.064549
-0.062674
-0.060799
-0.058923
-0.057046
-0.055169
-0.053292
-0.051414
-0.049536
-0.047658
-0.045779
-0.043900
-0.042021
-0.040141
-0.038262
-0.036382
-0.034501
-0.032621
-0.030740
-0.028859
-0.026978
-0.025097
-0.023216
-0.021335
-0.019454
-0.017572
-0.015691
-0.013810
-0.011928
-0.010047
-0.008166
-0.006285
-0.007268
-0.005035
-0.002841
-0.000680
0.001451
0.003554
0.005633
0.007690
0.009727
0.008882
0.011238
0.013542
0.015799
0.018015
0.020193
0.022338
0.021587
0.024027
0.026405
0.028728
0.031001
0.033229
0.032552
0.035057
0.037492
0.039865
0.042181
0.041581
0.044155
0.046650
0.049076
0.051439
0.050879
0.053488
0.056013
0.058465
0.057983
0.060661
0.063248
0.065753
0.065318
0.068037
0.070660
0.073196
0.072787
0.075529
0.078170
0.080723
0.080328
0.083080
0.085731
0.088291
0.087900
0.090657
0.093310
0.093003
0.095833
0.098551
0.101168
0.100828
0.103627
0.106317
0.106039
0.108895
0.111633
0.114267
0.113939
0.116748
0.119444
0.119171
0.122028
0.124766
0.127397
0.127064
0.129868
0.132557
0.132275
0.135123
0.137850
0.137602
0.140479
0.143232
0.145873
0.145547
0.148353
0.151042
0.150756
0.153598
0.156317
0.158927
0.158570
0.161347
0.164007
0.163694
0.166510
0.169204
0.171789
0.171407
0.174160
0.176798
0.176461
0.179255
0.181927
0.184490
0.184086
0.186819
0.189435
0.191947
0.191497
0.194186
0.196763
0.199239
0.198755
0.201413
0.203961
0.206410
0.205900
0.208535
0.211061
0.213489
0.212959
0.215575
0.218082
0.220493
0.222817
0.222192
0.224722
0.227152
0.229492
0.231751
0.231067
0.233543
0.235923
0.238217
0.240434
0.242582
0.241797
0.244181
0.246477
0.248695
0.250842
0.252926
0.254953
0.254059
0.256343
0.258548
0.260683
0.262755
0.264769
0.266732
0.268650
0.270526
0.272366
0.274172
0.275949
0.277698
0.279423
0.281127
0.282811
0.284477
0.286126
0.287762
0.289384
0.290994
0.292593
0.294182
0.295762
0.297334
0.298898
0.300455
0.302005
0.303549
0.305088
0.306621
0.308150
0.309673
0.311193
0.312708
0.314219
0.315726
0.317230
0.318731
0.320227
0.321721
0.323211
0.324699
0.326183
0.327664
0.329142
0.330618
0.332090
0.333560
0.335027
0.336490
0.337952
0.339410
0.340865
0.342318
0.343768
0.345214
0.346659
0.348100
0.349538
0.350974
0.352406
0.353836
0.355263
0.356687
0.358107
0.359525
0.360940
0.362352
0.363761
0.365167
0.366569
0.367969
0.369366
0.370759
0.372149
0.373536
0.374920
0.376301
0.377678
0.379052
0.380423
0.381790
0.383154
0.384515
0.385873
0.387227
0.388578
0.389925
0.391269
0.392609
0.393946
0.395279
0.396609
0.397935
0.399258
0.400577
0.401893
0.403205
0.404513
0.405818
0.407119
0.408416
0.409710
0.411000
0.412286
0.413569
0.414847
0.416122
0.417393
0.418661
0.419924
0.421184
0.422439
0.423691
0.424939
0.426183
0.427423
0.428660
0.429892
0.431120
0.432345
0.433565
0.434781
0.435994
0.437202
0.438406
0.439606
0.440802
0.441994
0.443182
0.444366
0.445546
0.446721
0.447893
0.449060
0.450223
0.451382
0.452536
0.453687
0.454833
0.455975
0.457113
0.458246
0.459375
0.460500
0.461621
0.462737
0.463849
0.464957
0.466060
0.467159
0.468254
0.469344
0.470430
0.471512
0.472589
0.473661
0.474730
0.475794
0.476853
0.477908
0.478958
0.480004
0.481046
0.482083
0.483116
0.484144
0.485167
0.486186
0.487201
0.488211
0.489216
0.490217
0.491213
0.492205
0.493192
0.494175
0.495153
0.496126
0.497095
0.498059
0.499018
0.499973
0.500923
0.501869
0.502809
0.503746
0.504677
0.505604
0.506526
0.507443
0.508356
0.509264
0.510167
0.511066
0.511959
0.512848
0.513732
0.514612
0.515487
0.516356
0.517222
0.518082
0.518937
0.519788
0.520634
0.521475
0.522311
0.523143
0.523969
0.524791
0.525608
0.526420
0.527227
0.528030
0.528827
0.529619
0.530407
0.531190
0.531968
0.532741
0.533509
0.534272
0.535030
0.535783
0.536531
0.537275
0.538013
0.538746
0.539475
0.540198
0.540917
0.541630
0.542339
0.543042
0.543741
0.544434
0.545123
0.545806
0.546485
0.547158
0.547827
0.548490
0.549148
0.549802
0.550450
0.551093
0.551731
0.552364
0.552992
0.553615
0.554233
0.554845
0.555453
0.556055
0.556653
0.557245
0.557832
0.558414
0.558991
0.559563
0.560129
0.560691
0.561247
0.561798
0.562344
0.562885
0.563421
0.563951
0.564477
0.564997
0.565512
0.566022
0.566526
0.567025
0.567520
0.568009
0.568492
0.568971
0.569444
0.569912
0.570375
0.570833
0.571285
0.571732
0.572174
0.572610
0.573042
0.573468
0.573889
0.574304
0.574714
0.575119
0.575519
0.575913
0.576303
0.576686
0.577065
0.577438
0.577806
0.578168
0.578526
0.578878
0.579224
0.579565
0.579901
0.580232
0.580557
0.580877
0.581191
0.581501
0.581804
0.582103
0.582396
0.582684
0.582966
0.583243
0.583514
0.583781
0.584041
0.584297
0.584547
0.584791
0.585031
0.585264
0.585493
0.585716
0.585933
0.586145
0.586352
0.586553
0.586749
0.586940
0.587125
0.587304
0.587478
0.587647
0.587810
0.587968
0.588120
0.588267
0.588408
0.588544
0.588674
0.588799
0.588919
0.589033
0.589141
0.589244
0.589341
0.589433
0.589520
0.589601
0.589677
0.589747
0.589811
0.589870
0.589924
0.589972
0.590014
0.590051
0.590082
0.590108
0.590129
0.590144
0.590153
0.590157
0.590155
0.590148
0.590135
0.590116
0.590093
0.590063
0.590028
0.589988
0.589942
0.589890
0.589833
0.589770
0.589702
0.589628
0.589548
0.589463
0.589373
0.589277
0.589175
0.589068
0.588955
0.588836
0.588712
0.588583
0.588448
0.588307
0.588161
0.588009
0.587852
0.587688
0.587520
0.587346
0.587166
0.586981
0.586790
0.586593
0.586391
0.586183
0.585970
0.585751
0.585527
0.585297
0.585061
0.584820
0.584573
0.584320
0.584062
0.583799
0.583529
0.583255
0.582974
0.582688
0.582397
0.582100
0.581797
0.581488
0.581174
0.580855
0.580530
0.580199
0.579863
0.579521
0.579173
0.578820
0.578462
0.578097
0.577728
0.577352
0.576971
0.576585
0.576192
0.575795
0.575391
0.574982
0.574568
0.574148
0.573722
0.573291
0.572854
0.572412
0.571964
0.571511
0.571052
0.570587
0.570117
0.569641
0.569160
0.568673
0.568181
0.567683
0.567179
0.566670
0.566156
0.565635
0.565110
0.564579
0.564042
0.563500
0.562952
0.562399
0.561840
0.561275
0.560706
0.560130
0.559549
0.558963
0.558371
0.557774
0.557171
0.556563
0.555949
0.555329
0.554704
0.554074
0.553438
0.552797
0.552150
0.551498
0.550841
0.550178
0.549509
0.548835
0.548156
0.547471
0.546780
0.546085
0.545384
0.544677
0.543965
0.543248
0.542525
0.541797
0.541063
0.540324
0.539580
0.538830
0.538075
0.537314
0.536548
0.535777
0.535001
0.534219
0.533431
0.532639
0.531841
0.531038
0.530229
0.529415
0.528596
0.527771
0.526942
0.526107
0.525266
0.524421
0.523570
0.522714
0.521852
0.520985
0.520114
0.519236
0.518354
0.517466
0.516574
0.515676
0.514772
0.513864
0.512950
0.512032
0.511108
0.510178
0.509244
0.508305
0.507360
0.506411
0.505456
0.504496
0.503531
0.502561
0.501585
0.500605
0.499620
0.498629
0.497633
0.496633
0.495627
0.494617
0.493601
0.492580
0.491554
0.490524
0.489488
0.488447
0.487401
0.486351
0.485295
0.484235
0.483169
0.482099
0.481023
0.479943
0.478858
0.477768
0.476673
0.475573
0.474468
0.473359
0.472244
0.471125
0.470001
0.468872
0.467739
0.466600
0.465457
0.464309
0.463156
0.461999
0.460837
0.459670
0.458498
0.457321
0.456140
0.454955
0.453764
0.452569
0.451369
0.450165
0.448956
0.447742
0.446524
0.445301
0.444073
0.442841
0.441605
0.440363
0.439118
0.437867
0.436613
0.435353
0.434090
0.432821
0.431549
0.430271
0.428990
0.427704
0.426413
0.425118
0.423819
0.422515
0.421207
0.419895
0.418578
0.417257
0.415931
0.414602
0.413268
0.411929
0.410587
0.409240
0.407889
0.406533
0.405174
0.403810
0.402442
0.401070
0.399694
0.398313
0.396928
0.395540
0.394147
0.392750
0.391349
0.389944
0.388535
0.387121
0.385704
0.384283
0.382857
0.381428
0.379995
0.378558
0.377117
0.375672
0.374223
0.372770
0.371313
0.369852
0.368388
0.366919
0.365447
0.363971
0.362491
0.361007
0.359520
0.358029
0.356534
0.355035
0.353533
0.352027
0.350517
0.349004
0.347486
0.345966
0.344441
0.342913
0.341382
0.339847
0.338308
0.336766
0.335220
0.333671
0.332118
0.330562
0.329002
0.327439
0.325872
0.324302
0.322728
0.321151
0.319571
0.317988
0.316401
0.314810
0.313217
0.311620
0.310020
0.308416
0.306809
0.305200
0.303586
0.301970
0.300351
0.298728
0.297102
0.295473
0.293841
0.292206
0.290567
0.288926
0.287282
0.285634
0.283984
0.282330
0.280674
0.279015
0.277352
0.275687
0.274019
0.272348
0.270674
0.268997
0.267317
0.265635
0.263949
0.262261
0.260570
0.258877
0.257180
0.255481
0.253779
0.252075
0.250367
0.248657
0.246945
0.245230
0.243512
0.241792
0.240069
0.238343
0.236615
0.234885
0.233152
0.231416
0.229679
0.227938
0.226195
0.224450
0.222702
0.220952
0.219200
0.217445
0.215688
0.213929
0.212168
0.210404
0.208638
0.206869
0.205099
0.203326
0.201551
0.199774
0.197995
0.196214
0.194430
0.192645
0.190857
0.189068
0.187276
0.185482
0.183687
0.181889
0.180089
0.178288
0.176485
0.174679
0.172872
0.171063
0.169252
0.167440
0.165625
0.163809
0.161991
0.160171
0.158349
0.156526
0.154701
0.152875
0.151046
0.149216
0.147385
0.145552
0.143717
0.141881
0.140043
0.138204
0.136363
0.134521
0.132677
0.130832
0.128985
0.127137
0.125288
0.123437
0.121585
0.119731
0.117877
0.116021
0.114163
0.112305
0.110445
0.108584
0.106722
0.104858
0.102994
0.101128
0.099261
0.097393
0.095524
0.093654
0.091783
0.089911
0.088038
0.086164
0.084289
0.082413
0.080536
0.078658
0.076779
0.074900
0.073019
0.071138
0.069256
0.067373
0.065490
0.063605
0.061720
0.059835
0.057948
0.056061
0.054173
0.052285
0.050396
0.048506
0.046616
0.044725
0.042834
0.040942
0.039050
0.037157
0.035264
0.033370
0.031476
0.029581
0.027687
0.025791
0.023896
0.022000
0.020104
0.018207
0.016311
0.014414
0.012517
0.010619
0.008722
0.006824
0.004926
0.003028
0.001130
-0.000768
-0.002666
-0.004564
-0.006463
-0.008361
-0.010259
-0.012157
-0.014056
-0.015954
-0.017852
-0.019750
-0.021647
-0.023545
-0.025442
-0.027339
-0.029236
-0.031133
-0.033030
-0.034926
-0.036822
-0.038718
-0.040613
-0.042508
-0.044403
-0.046297
-0.048191
-0.050084
-0.051977
-0.053869
-0.055761
-0.057653
-0.059544
-0.061434
-0.063324
-0.065213
-0.067102
-0.068990
-0.070877
-0.072764
-0.074650
-0.076535
-0.078420
-0.080304
-0.082187
-0.084069
-0.085951
-0.087831
-0.089711
-0.091590
-0.093468
-0.095346
-0.097222
-0.099097
-0.100972
-0.102845
-0.104718
-0.106589
-0.108460
-0.110329
-0.112197
-0.114064
-0.115931
-0.117796
-0.119659
-0.121522
-0.123384
-0.125244
-0.127103
-0.128961
-0.130817
-0.132673
-0.134526
-0.136379
-0.138230
-0.140080
-0.141929
-0.143776
-0.145622
-0.147466
-0.149309
-0.151151
-0.152991
-0.154829
-0.156666
-0.158501
-0.160335
-0.162167
-0.163998
-0.165827
-0.167654
-0.169480
-0.171304
-0.173126
-0.174947
-0.176766
-0.178583
-0.180398
-0.182212
-0.184023
-0.185833
-0.187641
-0.189447
-0.191252
-0.193054
-0.194855
-0.196653
-0.198450
-0.200244
-0.202037
-0.203828
-0.205616
-0.207403
-0.209187
-0.210970
-0.212750
-0.214528
-0.216304
-0.218078
-0.219850
-0.221619
-0.223387
-0.225152
-0.226914
-0.228675
-0.230433
-0.232189
-0.233943
-0.235694
-0.237443
-0.239190
-0.240934
-0.242676
-0.244415
-0.246152
-0.247886
-0.249618
-0.251348
-0.253075
-0.254799
-0.256521
-0.258240
-0.259957
-0.261671
-0.263382
-0.265091
-0.266797
-0.268501
-0.270202
-0.271900
-0.273595
-0.275288
-0.276978
-0.278665
-0.280349
-0.282031
-0.283710
-0.285385
-0.287058
-0.288728
-0.290396
-0.292060
-0.293721
-0.295380
-0.297035
-0.298688
-0.300337
-0.301984
-0.303627
-0.305267
-0.306905
-0.308539
-0.310170
-0.311798
-0.313423
-0.315045
-0.316663
-0.318279
-0.319891
-0.321500
-0.323106
-0.324708
-0.326308
-0.327904
-0.329496
-0.331086
-0.332672
-0.334254
-0.335834
-0.337410
-0.338982
-0.340552
-0.342117
-0.343680
-0.345239
-0.346794
-0.348346
-0.349894
-0.351439
-0.352981
-0.354519
-0.356053
-0.357584
-0.359111
-0.360634
-0.362154
-0.363670
-0.365183
-0.366692
-0.368197
-0.369698
-0.371196
-0.372690
-0.374181
-0.375667
-0.377150
-0.378629
-0.380104
-0.381576
-0.383043
-0.384507
-0.385967
-0.387423
-0.388875
-0.390323
-0.391767
-0.393208
-0.394644
-0.396076
-0.397505
-0.398929
-0.400349
-0.401766
-0.403178
-0.404586
-0.405991
-0.407391
-0.408787
-0.410179
-0.411567
-0.412950
-0.414330
-0.415705
-0.417076
-0.418443
-0.419806
-0.421165
-0.422519
-0.423869
-0.425215
-0.426557
-0.427894
-0.429227
-0.430556
-0.431880
-0.433200
-0.434516
-0.435827
-0.437134
-0.438436
-0.439734
-0.441028
-0.442317
-0.443602
-0.444883
-0.446158
-0.447430
-0.448697
-0.449959
-0.451217
-0.452470
-0.453719
-0.454964
-0.456203
-0.457438
-0.458669
-0.459895
-0.461116
-0.462333
-0.463545
-0.464752
-0.465955
-0.467153
-0.468346
-0.469535
-0.470719
-0.471898
-0.473072
-0.474242
-0.475407
-0.476567
-0.477723
-0.478873
-0.480019
-0.481160
-0.482296
-0.483427
-0.484554
-0.485675
-0.486792
-0.487904
-0.489011
-0.490113
-0.491210
-0.492302
-0.493389
-0.494472
-0.495549
-0.496621
-0.497689
-0.498751
-0.499808
-0.500861
-0.501908
-0.502950
-0.503987
-0.505020
-0.506047
-0.507069
-0.508086
-0.509098
-0.510104
-0.511106
-0.512103
-0.513094
-0.514080
-0.515061
-0.516037
-0.517008
-0.517974
-0.518934
-0.519889
-0.520839
-0.521784
-0.522723
-0.523657
-0.524587
-0.525510
-0.526429
-0.527342
-0.528250
-0.529153
-0.530050
-0.530942
-0.531829
-0.532710
-0.533586
-0.534457
-0.535322
-0.536182
-0.537037
-0.537886
-0.538730
-0.539568
-0.540401
-0.541229
-0.542051
-0.542868
-0.543679
-0.544485
-0.545285
-0.546080
-0.546870
-0.547654
-0.548432
-0.549205
-0.549973
-0.550735
-0.551491
-0.552242
-0.552988
-0.553728
-0.554462
-0.555191
-0.555914
-0.556632
-0.557344
-0.558051
-0.558751
-0.559447
-0.560137
-0.560821
-0.561499
-0.562172
-0.562840
-0.563501
-0.564157
-0.564808
-0.565453
-0.566092
-0.566725
-0.567353
-0.567975
-0.568591
-0.569202
-0.569807
-0.570406
-0.571000
-0.571588
-0.572170
-0.572747
-0.573317
-0.573882
-0.574442
-0.574995
-0.575543
-0.576085
-0.576621
-0.577152
-0.577676
-0.578195
-0.578708
-0.579216
-0.579717
-0.580213
-0.580703
-0.581187
-0.581666
-0.582138
-0.582605
-0.583066
-0.583521
-0.583970
-0.584414
-0.584851
-0.585283
-0.585709
-0.586129
-0.586543
-0.586951
-0.587354
-0.587750
-0.588141
-0.588526
-0.588905
-0.589278
-0.589645
-0.590006
-0.590362
-0.590711
-0.591055
-0.591393
-0.591724
-0.592050
-0.592370
-0.592684
-0.592992
-0.593295
-0.593591
-0.593881
-0.594166
-0.594444
-0.594717
-0.594983
-0.595244
-0.595499
-0.595748
-0.595990
-0.596227
-0.596458
-0.596683
-0.596902
-0.597115
-0.597322
-0.597524
-0.597719
-0.597908
-0.598091
-0.598268
-0.598440
-0.598605
-0.598764
-0.598918
-0.599065
-0.599207
-0.599342
-0.599472
-0.599595
-0.599712
-0.599824
-0.599929
-0.600029
-0.600123
-0.600210
-0.600292
-0.600367
-0.600437
-0.600500
-0.600558
-0.600610
-0.600655
-0.600695
-0.600729
-0.600756
-0.600778
-0.600794
-0.600803
-0.600807
-0.600805
-0.600796
-0.600782
-0.600762
-0.600735
-0.600703
-0.600665
-0.600621
-0.600570
-0.600514
-0.600452
-0.600384
-0.600310
-0.600229
-0.600143
-0.600051
-0.599953
-0.599849
-0.599739
-0.599623
-0.599500
-0.599372
-0.599238
-0.599098
-0.598952
-0.598800
-0.598643
-0.598479
-0.598309
-0.598133
-0.597951
-0.597764
-0.597570
-0.597370
-0.597165
-0.596953
-0.596735
-0.596512
-0.596283
-0.596047
-0.595806
-0.595559
-0.595306
-0.595046
-0.594781
-0.594510
-0.594234
-0.593951
-0.593662
-0.593367
-0.593067
-0.592760
-0.592448
-0.592130
-0.591806
-0.591475
-0.591139
-0.590798
-0.590450
-0.590096
-0.589737
-0.589371
-0.589000
-0.588623
-0.588240
-0.587851
-0.587456
-0.587056
-0.586649
-0.586237
-0.585819
-0.585395
-0.584965
-0.584529
-0.584088
-0.583641
-0.583187
-0.582729
-0.582264
-0.581793
-0.581317
-0.580835
-0.580347
-0.579853
-0.579354
-0.578849
-0.578338
-0.577821
-0.577298
-0.576770
-0.576236
-0.575696
-0.575151
-0.574600
-0.574043
-0.573480
-0.572912
-0.572338
-0.571758
-0.571172
-0.570581
-0.569984
-0.569382
-0.568774
-0.568160
-0.567540
-0.566915
-0.566284
-0.565648
-0.565005
-0.564358
-0.563704
-0.563045
-0.562381
-0.561711
-0.561035
-0.560353
-0.559666
-0.558974
-0.558276
-0.557572
-0.556863
-0.556148
-0.555428
-0.554702
-0.553970
-0.553233
-0.552491
-0.551743
-0.550990
-0.550231
-0.549466
-0.548697
-0.547921
-0.547140
-0.546354
-0.545562
-0.544765
-0.543963
-0.543155
-0.542341
-0.541523
-0.540698
-0.539869
-0.539034
-0.538194
-0.537348
-0.536497
-0.535641
-0.534779
-0.533912
-0.533039
-0.532162
-0.531279
-0.530391
-0.529497
-0.528598
-0.527694
-0.526785
-0.525870
-0.524950
-0.524025
-0.523095
-0.522159
-0.521219
-0.520273
-0.519322
-0.518366
-0.517404
-0.516438
-0.515466
-0.514489
-0.513507
-0.512520
-0.511528
-0.510530
-0.509528
-0.508521
-0.507508
-0.506490
-0.505468
-0.504440
-0.503408
-0.502370
-0.501327
-0.500279
-0.499227
-0.498169
-0.497106
-0.496039
-0.494966
-0.493889
-0.492807
-0.491719
-0.490627
-0.489530
-0.488428
-0.487321
-0.486210
-0.485093
-0.483972
-0.482846
-0.481715
-0.480579
-0.479439
-0.478293
-0.477143
-0.475988
-0.474829
-0.473664
-0.472495
-0.471322
-0.470143
-0.468960
-0.467772
-0.466580
-0.465383
-0.464181
-0.462975
-0.461764
-0.460548
-0.459328
-0.458104
-0.456874
-0.455641
-0.454402
-0.453159
-0.451912
-0.450660
-0.449404
-0.448143
-0.446878
-0.445608
-0.444334
-0.443055
-0.441772
-0.440485
-0.439193
-0.437897
-0.436596
-0.435291
-0.433982
-0.432668
-0.431351
-0.430028
-0.428702
-0.427371
-0.426036
-0.424697
-0.423354
-0.422006
-0.420654
-0.419298
-0.417938
-0.416574
-0.415206
-0.413833
-0.412456
-0.411075
-0.409691
-0.408302
-0.406909
-0.405511
-0.404110
-0.402705
-0.401296
-0.399883
-0.398466
-0.397045
-0.395620
-0.394191
-0.392758
-0.391321
-0.389881
-0.388436
-0.386988
-0.385536
-0.384079
-0.382620
-0.381156
-0.379688
-0.378217
-0.376742
-0.375264
-0.373781
-0.372295
-0.370805
-0.369312
-0.367814
-0.366313
-0.364809
-0.363301
-0.361789
-0.360274
-0.358755
-0.357233
-0.355707
-0.354177
-0.352644
-0.351108
-0.349568
-0.348024
-0.346477
-0.344927
-0.343373
-0.341816
-0.340255
-0.338691
-0.337124
-0.335554
-0.333980
-0.332402
-0.330822
-0.329238
-0.327651
-0.326061
-0.324467
-0.322870
-0.321270
-0.319667
-0.318061
-0.316452
-0.314839
-0.313224
-0.311605
-0.309983
-0.308358
-0.306730
-0.305099
-0.303465
-0.301828
-0.300188
-0.298545
-0.296900
-0.295251
-0.293599
-0.291945
-0.290287
-0.288627
-0.286964
-0.285298
-0.283629
-0.281957
-0.280283
-0.278606
-0.276926
-0.275244
-0.273558
-0.271870
-0.270180
-0.268486
-0.266790
-0.265092
-0.263391
-0.261687
-0.259981
-0.258272
-0.256561
-0.254847
-0.253130
-0.251412
-0.249690
-0.247967
-0.246240
-0.244512
-0.242781
-0.241048
-0.239312
-0.237574
-0.235833
-0.234091
-0.232346
-0.230599
-0.228849
-0.227098
-0.225344
-0.223588
-0.221830
-0.220069
-0.218307
-0.216542
-0.214775
-0.213007
-0.211236
-0.209463
-0.207688
-0.205911
-0.204132
-0.202351
-0.200568
-0.198784
-0.196997
-0.195208
-0.193418
-0.191626
-0.189831
-0.188035
-0.186238
-0.184438
-0.182637
-0.180834
-0.179029
-0.177222
-0.175414
-0.173604
-0.171793
-0.169980
-0.168165
-0.166348
-0.164531
-0.162711
-0.160890
-0.159067
-0.157243
-0.155418
-0.153591
-0.151762
-0.149933
-0.148101
-0.146269
-0.144435
-0.142599
-0.140762
-0.138924
-0.137085
-0.135245
-0.133403
-0.131560
-0.129715
-0.127870
-0.126023
-0.124175
-0.122327
-0.120476
-0.118625
-0.116773
-0.114920
-0.113065
-0.111210
-0.109354
-0.107496
-0.105638
-0.103779
-0.101919
-0.100058
-0.098196
-0.096333
-0.094469
-0.092605
-0.090740
-0.088874
-0.087007
-0.085139
-0.083271
-0.081402
-0.079532
-0.077662
-0.075791
-0.073919
-0.072047
-0.070174
-0.068301
-0.066427
-0.064552
-0.062677
-0.060802
-0.058926
-0.057049
-0.055173
-0.053295
-0.051418
-0.049540
-0.047661
-0.045783
-0.043904
-0.042024
-0.040145
-0.038265
-0.036385
-0.034504
-0.032624
-0.030743
-0.028862
-0.026982
-0.025100
-0.023219
-0.021338
-0.019457
-0.017575
-0.015694
-0.013813
-0.011931
-0.010050
-0.008169
-0.006288
-0.007271
-0.005039
-0.002844
-0.000683
0.001448
0.003551
0.005630
0.007687
0.009724
0.008879
0.011235
0.013538
0.015796
0.018012
0.020190
0.022335
0.021584
0.024024
0.026402
0.028725
0.030998
0.033226
0.032549
0.035054
0.037489
0.039862
0.042178
0.041578
0.044152
0.046647
0.049073
0.051436
0.050876
0.053484
0.056010
0.058462
0.057980
0.060658
0.063245
0.065750
0.065315
0.068034
0.070656
0.073192
0.072784
0.075526
0.078167
0.080720
0.080324
0.083077
0.085728
0.088288
0.087897
0.090654
0.093307
0.093000
0.095830
0.098548
0.101165
0.100824
0.103624
0.106313
0.106036
0.108892
0.111630
0.114264
0.113936
0.116745
0.119441
0.119167
0.122025
0.124763
0.127394
0.127061
0.129865
0.132554
0.132272
0.135120
0.137847
0.137599
0.140476
0.143229
0.145870
0.145544
0.148350
0.151039
0.150753
0.153595
0.156314
0.158924
0.158567
0.161344
0.164004
0.163691
0.166507
0.169201
0.171786
0.171404
0.174157
0.176795
0.176458
0.179252
0.181924
0.184487
0.184083
0.186816
0.189432
0.191944
0.191494
0.194183
0.196760
0.199236
0.198752
0.201410
0.203958
0.206407
0.205897
0.208532
0.211058
0.213486
0.212956
0.215572
0.218079
0.220490
0.222814
0.222190
0.224720
0.227149
0.229489
0.231748
0.231065
0.233540
0.235920
0.238214
0.240431
0.242579
0.241794
0.244178
0.246474
0.248692
0.250839
0.252923
0.254950
0.254056
0.256340
0.258546
0.260680
0.262752
0.264766
0.266730
0.268647
0.270524
0.272363
0.274169
0.275946
0.277695
0.279421
0.281124
0.282808
0.284474
0.286124
0.287759
0.289381
0.290991
0.292590
0.294179
0.295759
0.297331
0.298895
0.300452
0.302002
0.303547
0.305085
0.306618
0.308147
0.309671
0.311190
0.312705
0.314216
0.315724
0.317228
0.318728
0.320225
0.321718
0.323209
0.324696
0.326180
0.327662
0.329140
0.330615
0.332088
0.333557
0.335024
0.336488
0.337949
0.339407
0.340863
0.342315
0.343765
0.345212
0.346656
0.348097
0.349536
0.350971
0.352404
0.353833
0.355260
0.356684
0.358105
0.359523
0.360938
0.362350
0.363759
0.365164
0.366567
0.367967
0.369363
0.370757
0.372147
0.373534
0.374918
0.376298
0.377676
0.379050
0.380420
0.381788
0.383152
0.384513
0.385870
0.387225
0.388575
0.389923
0.391266
0.392607
0.393944
0.395277
0.396607
0.397933
0.399256
0.400575
0.401891
0.403203
0.404511
0.405816
0.407117
0.408414
0.409708
0.410998
0.412284
0.413566
0.414845
0.416120
0.417391
0.418658
0.419922
0.421181
0.422437
0.423689
0.424937
0.426181
0.427421
0.428658
0.429890
0.431118
0.432343
0.433563
0.434779
0.435992
0.437200
0.438404
0.439604
0.440800
0.441992
0.443180
0.444364
0.445544
0.446719
0.447891
0.449058
0.450221
0.451380
0.452534
0.453685
0.454831
0.455973
0.457111
0.458244
0.459374
0.460498
0.461619
0.462735
0.463847
0.464955
0.466058
0.467157
0.468252
0.469342
0.470428
0.471510
0.472587
0.473660
0.474728
0.475792
0.476851
0.477906
0.478957
0.480003
0.481044
0.482081
0.483114
0.484142
0.485166
0.486185
0.487199
0.488209
0.489215
0.490215
0.491212
0.492203
0.493191
0.494173
0.495151
0.496124
0.497093
0.498057
0.499017
0.499971
0.500922
0.501867
0.502808
0.503744
0.504675
0.505602
0.506524
0.507442
0.508354
0.509262
0.510166
0.511064
0.511958
0.512847
0.513731
0.514610
0.515485
0.516355
0.517220
0.518080
0.518936
0.519787
0.520633
0.521474
0.522310
0.523141
0.523968
0.524790
0.525607
0.526419
0.527226
0.528028
0.528826
0.529618
0.530406
0.531189
0.531966
0.532739
0.533507
0.534270
0.535028
0.535782
0.536530
0.537273
0.538012
0.538745
0.539474
0.540197
0.540916
0.541629
0.542338
0.543041
0.543740
0.544433
0.545122
0.545805
0.546484
0.547157
0.547826
0.548489
0.549147
0.549800
0.550449
0.551092
0.551730
0.552363
0.552991
0.553614
0.554232
0.554844
0.555452
0.556054
0.556652
0.557244
0.557831
0.558413
0.558990
0.559562
0.560128
0.560690
0.561246
0.561797
0.562343
0.562884
0.563420
0.563950
0.564476
0.564996
0.565511
0.566021
0.566525
0.567025
0.567519
0.568008
0.568492
0.568970
0.569443
0.569911
0.570374
0.570832
0.571284
0.571731
0.572173
0.572610
0.573041
0.573467
0.573888
0.574303
0.574714
0.575119
0.575518
0.575913
0.576302
0.576686
0.577064
0.577437
0.577805
0.578168
0.578525
0.578877
0.579224
0.579565
0.579901
0.580231
0.580556
0.580876
0.581191
0.581500
0.581804
0.582102
0.582395
0.582683
0.582965
0.583242
0.583514
0.583780
0.584041
0.584296
0.584546
0.584791
0.585030
0.585264
0.585492
0.585715
0.585933
0.586145
0.586352
0.586553
0.586749
0.586939
0.587124
0.587304
0.587478
0.587646
0.587810
0.587967
0.588120
0.588266
0.588408
0.588544
0.588674
0.588799
0.588918
0.589032
0.589141
0.589244
0.589341
0.589433
0.589520
0.589601
0.589676
0.589746
0.589811
0.589870
0.589923
0.589971
0.590014
0.590051
0.590082
0.590108
0.590129
0.590144
0.590153
0.590157
0.590155
0.590148
0.590135
0.590116
0.590093
0.590063
0.590028
0.589988
0.589942
0.589890
0.589833
0.589770
0.589702
0.589628
0.589548
0.589463
0.589373
0.589277
0.589175
0.589068
0.588955
0.588837
0.588713
0.588583
0.588448
0.588307
0.588161
0.588009
0.587852
0.587689
0.587520
0.587346
0.587166
0.586981
0.586790
0.586593
0.586391
0.586184
0.585970
0.585751
0.585527
0.585297
0.585061
0.584820
0.584573
0.584321
0.584063
0.583799
0.583530
0.583255
0.582975
0.582689
0.582397
0.582100
0.581797
0.581489
0.581175
0.580855
0.580530
0.580200
0.579863
0.579521
0.579174
0.578821
0.578462
0.578098
0.577728
0.577353
0.576972
0.576585
0.576193
0.575795
0.575392
0.574983
0.574569
0.574149
0.573723
0.573292
0.572855
0.572413
0.571965
0.571511
0.571052
0.570588
0.570118
0.569642
0.569161
0.568674
0.568181
0.567684
0.567180
0.566671
0.566156
0.565636
0.565111
0.564580
0.564043
0.563501
0.562953
0.562400
0.561841
0.561276
0.560707
0.560131
0.559550
0.558964
0.558372
0.557775
0.557172
0.556564
0.555950
0.555330
0.554706
0.554075
0.553439
0.552798
0.552152
0.551499
0.550842
0.550179
0.549510
0.548836
0.548157
0.547472
0.546782
0.546086
0.545385
0.544678
0.543966
0.543249
0.542526
0.541798
0.541064
0.540325
0.539581
0.538831
0.538076
0.537316
0.536550
0.535778
0.535002
0.534220
0.533433
0.532640
0.531842
0.531039
0.530230
0.529417
0.528597
0.527773
0.526943
0.526108
0.525268
0.524422
0.523571
0.522715
0.521854
0.520987
0.520115
0.519238
0.518356
0.517468
0.516575
0.515677
0.514774
0.513865
0.512952
0.512033
0.511109
0.510180
0.509246
0.508306
0.507362
0.506412
0.505457
0.504497
0.503532
0.502562
0.501587
0.500607
0.499621
0.498631
0.497635
0.496635
0.495629
0.494618
0.493603
0.492582
0.491556
0.490525
0.489490
0.488449
0.487403
0.486353
0.485297
0.484236
0.483171
0.482100
0.481025
0.479945
0.478860
0.477770
0.476675
0.475575
0.474470
0.473361
0.472246
0.471127
0.470003
0.468874
0.467741
0.466602
0.465459
0.464311
0.463158
0.462001
0.460838
0.459672
0.458500
0.457323
0.456142
0.454957
0.453766
0.452571
0.451371
0.450167
0.448958
0.447744
0.446526
0.445303
0.444075
0.442843
0.441607
0.440365
0.439120
0.437869
0.436615
0.435355
0.434092
0.432823
0.431551
0.430273
0.428992
0.427706
0.426415
0.425120
0.423821
0.422517
0.421209
0.419897
0.418580
0.417259
0.415934
0.414604
0.413270
0.411931
0.410589
0.409242
0.407891
0.406536
0.405176
0.403812
0.402444
0.401072
0.399696
0.398315
0.396931
0.395542
0.394149
0.392752
0.391351
0.389946
0.388537
0.387124
0.385706
0.384285
0.382860
0.381431
0.379997
0.378560
0.377119
0.375674
0.374225
0.372772
0.371315
0.369855
0.368390
0.366922
0.365449
0.363973
0.362494
0.361010
0.359522
0.358031
0.356536
0.355038
0.353535
0.352029
0.350520
0.349006
0.347489
0.345968
0.344444
0.342916
0.341384
0.339849
0.338311
0.336768
0.335223
0.333673
0.332120
0.330564
0.329004
0.327441
0.325875
0.324304
0.322731
0.321154
0.319574
0.317990
0.316403
0.314813
0.313219
0.311623
0.310022
0.308419
0.306812
0.305202
0.303589
0.301973
0.300353
0.298731
0.297105
0.295476
0.293844
0.292208
0.290570
0.288929
0.287284
0.285637
0.283987
0.282333
0.280677
0.279017
0.277355
0.275690
0.274022
0.272350
0.270676
0.269000
0.267320
0.265637
0.263952
0.262264
0.260573
0.258879
0.257183
0.255484
0.253782
0.252077
0.250370
0.248660
0.246948
0.245233
0.243515
0.241795
0.240072
0.238346
0.236618
0.234888
0.233155
0.231419
0.229681
0.227941
0.226198
0.224453
0.222705
0.220955
0.219203
0.217448
0.215691
0.213932
0.212171
0.210407
0.208641
0.206872
0.205102
0.203329
0.201554
0.199777
0.197998
0.196217
0.194433
0.192648
0.190860
0.189071
0.187279
0.185485
0.183690
0.181892
0.180093
0.178291
0.176488
0.174682
0.172875
0.171066
0.169255
0.167443
0.165628
0.163812
0.161994
0.160174
0.158352
0.156529
0.154704
0.152878
0.151049
0.149220
0.147388
0.145555
0.143720
0.141884
0.140046
0.138207
0.136366
0.134524
0.132680
0.130835
0.128988
0.127140
0.125291
0.123440
0.121588
0.119735
0.117880
0.116024
0.114166
0.112308
0.110448
0.108587
0.106725
0.104861
0.102997
0.101131
0.099264
0.097396
0.095528
0.093657
0.091786
0.089914
0.088041
0.086167
0.084292
0.082416
0.080539
0.078661
0.076783
0.074903
0.073023
0.071141
0.069259
0.067377
0.065493
0.063609
0.061724
0.059838
0.057951
0.056064
0.054176
0.052288
0.050399
0.048509
0.046619
0.044728
0.042837
0.040945
0.039053
0.037160
0.035267
0.033373
0.031479
0.029585
0.027690
0.025795
0.023899
0.022003
0.020107
0.018211
0.016314
0.014417
0.012520
0.010622
0.008725
0.006827
0.004929
0.003031
0.001133
-0.000765
-0.002663
-0.004561
-0.006459
-0.008358
-0.010256
-0.012154
-0.014052
-0.015950
-0.017848
-0.019746
-0.021644
-0.023542
-0.025439
-0.027336
-0.029233
-0.031130
-0.033027
-0.034923
-0.036819
-0.038714
-0.040610
-0.042505
-0.044399
-0.046294
-0.048187
-0.050081
-0.051974
-0.053866
-0.055758
-0.057650
-0.059540
-0.061431
-0.063321
-0.065210
-0.067099
-0.068987
-0.070874
-0.072761
-0.074647
-0.076532
-0.078417
-0.080300
-0.082184
-0.084066
-0.085947
-0.087828
-0.089708
-0.091587
-0.093465
-0.095342
-0.097219
-0.099094
-0.100969
-0.102842
-0.104714
-0.106586
-0.108456
-0.110326
-0.112194
-0.114061
-0.115927
-0.117792
-0.119656
-0.121519
-0.123380
-0.125241
-0.127100
-0.128958
-0.130814
-0.132669
-0.134523
-0.136376
-0.138227
-0.140077
-0.141926
-0.143773
-0.145619
-0.147463
-0.149306
-0.151148
-0.152987
-0.154826
-0.156663
-0.158498
-0.160332
-0.162164
-0.163995
-0.165824
-0.167651
-0.169477
-0.171301
-0.173123
-0.174944
-0.176763
-0.178580
-0.180395
-0.182208
-0.184020
-0.185830
-0.187638
-0.189444
-0.191249
-0.193051
-0.194852
-0.196650
-0.198447
-0.200241
-0.202034
-0.203825
-0.205613
-0.207400
-0.209184
-0.210967
-0.212747
-0.214525
-0.216301
-0.218075
-0.219847
-0.221616
-0.223384
-0.225149
-0.226911
-0.228672
-0.230430
-0.232186
-0.233940
-0.235691
-0.237440
-0.239187
-0.240931
-0.242673
-0.244412
-0.246149
-0.247883
-0.249615
-0.251345
-0.253072
-0.254796
-0.256518
-0.258237
-0.259954
-0.261668
-0.263380
-0.265088
-0.266795
-0.268498
-0.270199
-0.271897
-0.273592
-0.275285
-0.276975
-0.278662
-0.280347
-0.282028
-0.283707
-0.285383
-0.287056
-0.288726
-0.290393
-0.292057
-0.293719
-0.295377
-0.297032
-0.298685
-0.300334
-0.301981
-0.303624
-0.305265
-0.306902
-0.308536
-0.310167
-0.311795
-0.313420
-0.315042
-0.316661
-0.318276
-0.319888
-0.321497
-0.323103
-0.324706
-0.326305
-0.327901
-0.329494
-0.331083
-0.332669
-0.334252
-0.335831
-0.337407
-0.338980
-0.340549
-0.342115
-0.343677
-0.345236
-0.346791
-0.348343
-0.349892
-0.351437
-0.352978
-0.354516
-0.356050
-0.357581
-0.359108
-0.360632
-0.362151
-0.363668
-0.365180
-0.366689
-0.368194
-0.369696
-0.371194
-0.372688
-0.374178
-0.375665
-0.377148
-0.378627
-0.380102
-0.381573
-0.383041
-0.384505
-0.385964
-0.387420
-0.388872
-0.390321
-0.391765
-0.393205
-0.394641
-0.396074
-0.397502
-0.398927
-0.400347
-0.401763
-0.403176
-0.404584
-0.405988
-0.407388
-0.408785
-0.410176
-0.411564
-0.412948
-0.414328
-0.415703
-0.417074
-0.418441
-0.419804
-0.421162
-0.422517
-0.423867
-0.425213
-0.426554
-0.427892
-0.429225
-0.430553
-0.431878
-0.433198
-0.434513
-0.435825
-0.437132
-0.438434
-0.439732
-0.441026
-0.442315
-0.443600
-0.444880
-0.446156
-0.447428
-0.448695
-0.449957
-0.451215
-0.452468
-0.453717
-0.454961
-0.456201
-0.457436
-0.458667
-0.459893
-0.461114
-0.462331
-0.463543
-0.464750
-0.465953
-0.467151
-0.468344
-0.469533
-0.470717
-0.471896
-0.473070
-0.474240
-0.475405
-0.476565
-0.477721
-0.478871
-0.480017
-0.481158
-0.482294
-0.483425
-0.484552
-0.485673
-0.486790
-0.487902
-0.489009
-0.490111
-0.491208
-0.492300
-0.493387
-0.494470
-0.495547
-0.496619
-0.497687
-0.498749
-0.499806
-0.500859
-0.501906
-0.502948
-0.503986
-0.505018
-0.506045
-0.507067
-0.508084
-0.509096
-0.510103
-0.511104
-0.512101
-0.513092
-0.514079
-0.515060
-0.516036
-0.517006
-0.517972
-0.518932
-0.519887
-0.520837
-0.521782
-0.522722
-0.523656
-0.524585
-0.525509
-0.526427
-0.527340
-0.528248
-0.529151
-0.530048
-0.530940
-0.531827
-0.532708
-0.533584
-0.534455
-0.535320
-0.536180
-0.537035
-0.537884
-0.538728
-0.539567
-0.540400
-0.541227
-0.542049
-0.542866
-0.543677
-0.544483
-0.545284
-0.546079
-0.546868
-0.547652
-0.548431
-0.549204
-0.549971
-0.550733
-0.551490
-0.552241
-0.552986
-0.553726
-0.554461
-0.555190
-0.555913
-0.556631
-0.557343
-0.558049
-0.558750
-0.559446
-0.560135
-0.560820
-0.561498
-0.562171
-0.562839
-0.563500
-0.564156
-0.564807
-0.565451
-0.566091
-0.566724
-0.567352
-0.567974
-0.568590
-0.569201
-0.569806
-0.570405
-0.570999
-0.571587
-0.572169
-0.572746
-0.573316
-0.573881
-0.574441
-0.574994
-0.575542
-0.576084
-0.576620
-0.577151
-0.577675
-0.578194
-0.578708
-0.579215
-0.579717
-0.580212
-0.580702
-0.581186
-0.581665
-0.582137
-0.582604
-0.583065
-0.583520
-0.583969
-0.584413
-0.584851
-0.585282
-0.585708
-0.586128
-0.586542
-0.586951
-0.587353
-0.587750
-0.588140
-0.588525
-0.588904
-0.589277
-0.589645
-0.590006
-0.590361
-0.590711
-0.591054
-0.591392
-0.591724
-0.592050
-0.592370
-0.592684
-0.592992
-0.593294
-0.593590
-0.593881
-0.594165
-0.594444
-0.594716
-0.594983
-0.595244
-0.595498
-0.595747
-0.595990
-0.596227
-0.596458
-0.596683
-0.596902
-0.597115
-0.597322
-0.597523
-0.597718
-0.597908
-0.598091
-0.598268
-0.598439
-0.598605
-0.598764
-0.598918
-0.599065
-0.599206
-0.599342
-0.599471
-0.599595
-0.599712
-0.599824
-0.599929
-0.600029
-0.600122
-0.600210
-0.600292
-0.600367
-0.600437
-0.600500
-0.600558
-0.600610
-0.600655
-0.600695
-0.600729
-0.600756
-0.600778
-0.600794
-0.600803
-0.600807
-0.600805
-0.600796
-0.600782
-0.600762
-0.600735
-0.600703
-0.600665
-0.600621
-0.600570
-0.600514
-0.600452
-0.600384
-0.600310
-0.600229
-0.600143
-0.600051
-0.599953
-0.599849
-0.599739
-0.599623
-0.599501
-0.599373
-0.599239
-0.599099
-0.598953
-0.598801
-0.598643
-0.598479
-0.598309
-0.598133
-0.597952
-0.597764
-0.597570
-0.597371
-0.597165
-0.596953
-0.596736
-0.596512
-0.596283
-0.596048
-0.595806
-0.595559
-0.595306
-0.595047
-0.594782
-0.594511
-0.594234
-0.593951
-0.593663
-0.593368
-0.593067
-0.592761
-0.592449
-0.592130
-0.591806
-0.591476
-0.591140
-0.590798
-0.590450
-0.590097
-0.589737
-0.589372
-0.589001
-0.588623
-0.588240
-0.587852
-0.587457
-0.587056
-0.586650
-0.586238
-0.585819
-0.585395
-0.584966
-0.584530
-0.584089
-0.583641
-0.583188
-0.582729
-0.582265
-0.581794
-0.581318
-0.580836
-0.580348
-0.579854
-0.579355
-0.578850
-0.578339
-0.577822
-0.577299
-0.576771
-0.576237
-0.575697
-0.575152
-0.574601
-0.574044
-0.573481
-0.572913
-0.572339
-0.571759
-0.571173
-0.570582
-0.569985
-0.569383
-0.568775
-0.568161
-0.567541
-0.566916
-0.566285
-0.565649
-0.565007
-0.564359
-0.563705
-0.563046
-0.562382
-0.561712
-0.561036
-0.560354
-0.559668
-0.558975
-0.558277
-0.557573
-0.556864
-0.556149
-0.555429
-0.554703
-0.553972
-0.553235
-0.552492
-0.551744
-0.550991
-0.550232
-0.549468
-0.548698
-0.547923
-0.547142
-0.546356
-0.545564
-0.544767
-0.543964
-0.543156
-0.542343
-0.541524
-0.540700
-0.539870
-0.539035
-0.538195
-0.537349
-0.536498
-0.535642
-0.534780
-0.533913
-0.533041
-0.532163
-0.531280
-0.530392
-0.529499
-0.528600
-0.527696
-0.526786
-0.525872
-0.524952
-0.524027
-0.523097
-0.522161
-0.521220
-0.520274
-0.519323
-0.518367
-0.517406
-0.516439
-0.515467
-0.514491
-0.513509
-0.512522
-0.511529
-0.510532
-0.509530
-0.508522
-0.507510
-0.506492
-0.505470
-0.504442
-0.503409
-0.502372
-0.501329
-0.500281
-0.499229
-0.498171
-0.497108
-0.496041
-0.494968
-0.493891
-0.492808
-0.491721
-0.490629
-0.489532
-0.488430
-0.487323
-0.486212
-0.485095
-0.483974
-0.482848
-0.481717
-0.480581
-0.479440
-0.478295
-0.477145
-0.475990
-0.474831
-0.473666
-0.472497
-0.471324
-0.470145
-0.468962
-0.467774
-0.466582
-0.465385
-0.464183
-0.462977
-0.461766
-0.460550
-0.459330
-0.458106
-0.456876
-0.455643
-0.454404
-0.453161
-0.451914
-0.450662
-0.449406
-0.448145
-0.446880
-0.445610
-0.444336
-0.443057
-0.441774
-0.440487
-0.439195
-0.437899
-0.436598
-0.435293
-0.433984
-0.432671
-0.431353
-0.430031
-0.428704
-0.427374
-0.426039
-0.424700
-0.423356
-0.422009
-0.420657
-0.419301
-0.417941
-0.416576
-0.415208
-0.413835
-0.412459
-0.411078
-0.409693
-0.408304
-0.406911
-0.405514
-0.404113
-0.402708
-0.401298
-0.399885
-0.398468
-0.397047
-0.395622
-0.394193
-0.392760
-0.391324
-0.389883
-0.388439
-0.386990
-0.385538
-0.384082
-0.382622
-0.381158
-0.379691
-0.378220
-0.376745
-0.375266
-0.373784
-0.372297
-0.370808
-0.369314
-0.367817
-0.366316
-0.364812
-0.363303
-0.361792
-0.360276
-0.358758
-0.357235
-0.355709
-0.354180
-0.352647
-0.351110
-0.349570
-0.348027
-0.346480
-0.344929
-0.343376
-0.341819
-0.340258
-0.338694
-0.337127
-0.335556
-0.333982
-0.332405
-0.330825
-0.329241
-0.327654
-0.326063
-0.324470
-0.322873
-0.321273
-0.319670
-0.318064
-0.316454
-0.314842
-0.313226
-0.311608
-0.309986
-0.308361
-0.306733
-0.305102
-0.303468
-0.301831
-0.300191
-0.298548
-0.296902
-0.295254
-0.293602
-0.291947
-0.290290
-0.288630
-0.286966
-0.285301
-0.283632
-0.281960
-0.280286
-0.278609
-0.276929
-0.275246
-0.273561
-0.271873
-0.270183
-0.268489
-0.266793
-0.265095
-0.263394
-0.261690
-0.259984
-0.258275
-0.256564
-0.254850
-0.253133
-0.251414
-0.249693
-0.247969
-0.246243
-0.244515
-0.242784
-0.241050
-0.239315
-0.237577
-0.235836
-0.234094
-0.232349
-0.230602
-0.228852
-0.227101
-0.225347
-0.223591
-0.221833
-0.220072
-0.218310
-0.216545
-0.214778
-0.213010
-0.211239
-0.209466
-0.207691
-0.205914
-0.204135
-0.202354
-0.200571
-0.198787
-0.197000
-0.195211
-0.193421
-0.191629
-0.189834
-0.188038
-0.186241
-0.184441
-0.182640
-0.180837
-0.179032
-0.177225
-0.175417
-0.173607
-0.171796
-0.169983
-0.168168
-0.166352
-0.164534
-0.162714
-0.160893
-0.159071
-0.157246
-0.155421
-0.153594
-0.151765
-0.149936
-0.148104
-0.146272
-0.144438
-0.142602
-0.140766
-0.138928
-0.137088
-0.135248
-0.133406
-0.131563
-0.129718
-0.127873
-0.126026
-0.124179
-0.122330
-0.120480
-0.118628
-0.116776
-0.114923
-0.113069
-0.111213
-0.109357
-0.107500
-0.105641
-0.103782
-0.101922
-0.100061
-0.098199
-0.096336
-0.094473
-0.092608
-0.090743
-0.088877
-0.087010
-0.085142
-0.083274
-0.081405
-0.079535
-0.077665
-0.075794
-0.073922
-0.072050
-0.070177
-0.068304
-0.066430
-0.064555
-0.062680
-0.060805
-0.058929
-0.057053
-0.055176
-0.053298
-0.051421
-0.049543
-0.047664
-0.045786
-0.043907
-0.042027
-0.040148
-0.038268
-0.036388
-0.034508
-0.032627
-0.030746
-0.028866
-0.026985
-0.025104
-0.023222
-0.021341
-0.019460
-0.017579
-0.015697
-0.013816
-0.011935
-0.010053
-0.008172
-0.006291
-0.007275
-0.005042
-0.002847
-0.000686
0.001444
0.003548
0.005627
0.007684
0.009721
0.008875
0.011231
0.013535
0.015793
0.018008
0.020187
0.022332
0.021581
0.024021
0.026399
0.028722
0.030995
0.033223
0.032546
0.035051
0.037486
0.039858
0.042175
0.041575
0.044149
0.046644
0.049070
0.051432
0.050873
0.053481
0.056007
0.058459
0.057977
0.060655
0.063242
0.065747
0.065312
0.068031
0.070653
0.073189
0.072781
0.075522
0.078164
0.080717
0.080321
0.083074
0.085725
0.088284
0.087894
0.090651
0.093304
0.092997
0.095827
0.098545
0.101162
0.100821
0.103621
0.106310
0.106033
0.108889
0.111627
0.114261
0.113933
0.116742
0.119438
0.119164
0.122021
0.124760
0.127391
0.127058
0.129862
0.132551
0.132269
0.135116
0.137844
0.137596
0.140473
0.143226
0.145867
0.145541
0.148347
0.151036
0.150750
0.153592
0.156311
0.158921
0.158564
0.161341
0.164001
0.163688
0.166504
0.169198
0.171783
0.171401
0.174154
0.176792
0.176455
0.179249
0.181921
0.184484
0.184080
0.186813
0.189429
0.191941
0.191491
0.194180
0.196757
0.199233
0.198749
0.201407
0.203955
0.206404
0.205895
0.208529
0.211055
0.213483
0.212953
0.215569
0.218076
0.220487
0.222811
0.222187
0.224717
0.227146
0.229486
0.231745
0.231062
0.233537
0.235917
0.238211
0.240428
0.242576
0.241791
0.244175
0.246471
0.248689
0.250836
0.252920
0.254947
0.254053
0.256337
0.258543
0.260678
0.262749
0.264763
0.266727
0.268644
0.270521
0.272360
0.274167
0.275943
0.277693
0.279418
0.281121
0.282805
0.284471
0.286121
0.287756
0.289378
0.290988
0.292588
0.294177
0.295757
0.297328
0.298892
0.300449
0.302000
0.303544
0.305082
0.306616
0.308144
0.309668
0.311187
0.312703
0.314214
0.315721
0.317225
0.318725
0.320222
0.321716
0.323206
0.324694
0.326178
0.327659
0.329137
0.330613
0.332085
0.333555
0.335021
0.336485
0.337946
0.339405
0.340860
0.342313
0.343762
0.345209
0.346654
0.348095
0.349533
0.350969
0.352401
0.353831
0.355258
0.356682
0.358102
0.359520
0.360935
0.362347
0.363756
0.365162
0.366565
0.367964
0.369361
0.370754
0.372144
0.373531
0.374915
0.376296
0.377673
0.379047
0.380418
0.381786
0.383150
0.384511
0.385868
0.387222
0.388573
0.389920
0.391264
0.392604
0.393941
0.395275
0.396605
0.397931
0.399254
0.400573
0.401888
0.403200
0.404509
0.405813
0.407114
0.408412
0.409706
0.410995
0.412282
0.413564
0.414843
0.416118
0.417389
0.418656
0.419920
0.421179
0.422435
0.423687
0.424935
0.426179
0.427419
0.428655
0.429888
0.431116
0.432340
0.433561
0.434777
0.435989
0.437198
0.438402
0.439602
0.440798
0.441990
0.443178
0.444362
0.445542
0.446717
0.447889
0.449056
0.450219
0.451378
0.452532
0.453683
0.454829
0.455971
0.457109
0.458242
0.459372
0.460497
0.461617
0.462734
0.463846
0.464953
0.466057
0.467156
0.468250
0.469341
0.470426
0.471508
0.472585
0.473658
0.474726
0.475790
0.476849
0.477904
0.478955
0.480001
0.481042
0.482080
0.483112
0.484140
0.485164
0.486183
0.487197
0.488207
0.489213
0.490214
0.491210
0.492202
0.493189
0.494171
0.495149
0.496123
0.497091
0.498055
0.499015
0.499970
0.500920
0.501865
0.502806
0.503742
0.504674
0.505601
0.506523
0.507440
0.508353
0.509261
0.510164
0.511062
0.511956
0.512845
0.513729
0.514609
0.515484
0.516354
0.517219
0.518079
0.518935
0.519785
0.520631
0.521472
0.522309
0.523140
0.523967
0.524788
0.525605
0.526417
0.527225
0.528027
0.528824
0.529617
0.530404
0.531187
0.531965
0.532738
0.533506
0.534269
0.535027
0.535780
0.536529
0.537272
0.538010
0.538744
0.539472
0.540196
0.540914
0.541628
0.542336
0.543040
0.543738
0.544432
0.545121
0.545804
0.546483
0.547156
0.547824
0.548488
0.549146
0.549799
0.550448
0.551091
0.551729
0.552362
0.552990
0.553613
0.554231
0.554843
0.555451
0.556053
0.556651
0.557243
0.557830
0.558412
0.558989
0.559561
0.560127
0.560689
0.561245
0.561796
0.562343
0.562883
0.563419
0.563950
0.564475
0.564995
0.565510
0.566020
0.566524
0.567024
0.567518
0.568007
0.568491
0.568969
0.569443
0.569911
0.570373
0.570831
0.571283
0.571731
0.572172
0.572609
0.573040
0.573466
0.573887
0.574303
0.574713
0.575118
0.575518
0.575912
0.576301
0.576685
0.577064
0.577437
0.577805
0.578167
0.578524
0.578876
0.579223
0.579564
0.579900
0.580231
0.580556
0.580876
0.581190
0.581500
0.581803
0.582102
0.582395
0.582683
0.582965
0.583242
0.583514
0.583780
0.584041
0.584296
0.584546
0.584791
0.585030
0.585264
0.585492
0.585715
0.585933
0.586145
0.586351
0.586553
0.586749
0.586939
0.587124
0.587303
0.587478
0.587646
0.587809
0.587967
0.588119
0.588266
0.588407
0.588543
0.588674
0.588799
0.588918
0.589032
0.589141
0.589244
0.589341
0.589433
0.589520
0.589601
0.589676
0.589746
0.589811
0.589870
0.589923
0.589971
0.590014
0.590051
0.590082
0.590108
0.590129
0.590143
0.590153
0.590157
0.590155
0.590148
0.590135
0.590117
0.590093
0.590063
0.590028
0.589988
0.589942
0.589890
0.589833
0.589770
0.589702
0.589628
0.589549
0.589464
0.589373
0.589277
0.589175
0.589068
0.588955
0.588837
0.588713
0.588583
0.588448
0.588308
0.588161
0.588009
0.587852
0.587689
0.587520
0.587346
0.587167
0.586981
0.586790
0.586594
0.586392
0.586184
0.585971
0.585752
0.585527
0.585297
0.585062
0.584820
0.584574
0.584321
0.584063
0.583800
0.583530
0.583256
0.582975
0.582689
0.582398
0.582101
0.581798
0.581489
0.581176
0.580856
0.580531
0.580200
0.579864
0.579522
0.579175
0.578822
0.578463
0.578099
0.577729
0.577353
0.576972
0.576586
0.576194
0.575796
0.575393
0.574984
0.574569
0.574149
0.573724
0.573293
0.572856
0.572413
0.571966
0.571512
0.571053
0.570589
0.570118
0.569643
0.569161
0.568675
0.568182
0.567684
0.567181
0.566672
0.566157
0.565637
0.565112
0.564580
0.564044
0.563502
0.562954
0.562401
0.561842
0.561277
0.560708
0.560132
0.559551
0.558965
0.558373
0.557776
0.557173
0.556565
0.555951
0.555331
0.554707
0.554076
0.553441
0.552799
0.552153
0.551500
0.550843
0.550180
0.549511
0.548837
0.548158
0.547473
0.546783
0.546087
0.545386
0.544679
0.543967
0.543250
0.542527
0.541799
0.541065
0.540326
0.539582
0.538832
0.538077
0.537317
0.536551
0.535780
0.535003
0.534221
0.533434
0.532641
0.531844
0.531040
0.530232
0.529418
0.528599
0.527774
0.526944
0.526109
0.525269
0.524423
0.523573
0.522716
0.521855
0.520988
0.520117
0.519239
0.518357
0.517469
0.516577
0.515679
0.514775
0.513867
0.512953
0.512035
0.511111
0.510182
0.509247
0.508308
0.507363
0.506414
0.505459
0.504499
0.503534
0.502564
0.501589
0.500608
0.499623
0.498632
0.497637
0.496636
0.495631
0.494620
0.493604
0.492584
0.491558
0.490527
0.489491
0.488451
0.487405
0.486354
0.485299
0.484238
0.483173
0.482102
0.481027
0.479947
0.478862
0.477771
0.476677
0.475577
0.474472
0.473363
0.472248
0.471129
0.470005
0.468876
0.467743
0.466604
0.465461
0.464313
0.463160
0.462003
0.460840
0.459673
0.458502
0.457325
0.456144
0.454959
0.453768
0.452573
0.451373
0.450169
0.448960
0.447746
0.446528
0.445305
0.444077
0.442845
0.441609
0.440368
0.439122
0.437872
0.436617
0.435358
0.434094
0.432826
0.431553
0.430276
0.428994
0.427708
0.426417
0.425123
0.423823
0.422520
0.421212
0.419899
0.418582
0.417261
0.415936
0.414606
0.413272
0.411934
0.410591
0.409244
0.407893
0.406538
0.405178
0.403815
0.402447
0.401074
0.399698
0.398318
0.396933
0.395544
0.394152
0.392755
0.391354
0.389948
0.388539
0.387126
0.385709
0.384288
0.382862
0.381433
0.380000
0.378563
0.377121
0.375676
0.374227
0.372775
0.371318
0.369857
0.368392
0.366924
0.365452
0.363976
0.362496
0.361012
0.359525
0.358034
0.356539
0.355040
0.353538
0.352032
0.350522
0.349009
0.347492
0.345971
0.344447
0.342919
0.341387
0.339852
0.338313
0.336771
0.335225
0.333676
0.332123
0.330567
0.329007
0.327444
0.325877
0.324307
0.322734
0.321157
0.319577
0.317993
0.316406
0.314816
0.313222
0.311625
0.310025
0.308422
0.306815
0.305205
0.303592
0.301976
0.300356
0.298733
0.297107
0.295479
0.293846
0.292211
0.290573
0.288932
0.287287
0.285640
0.283989
0.282336
0.280680
0.279020
0.277358
0.275693
0.274024
0.272353
0.270679
0.269002
0.267323
0.265640
0.263955
0.262267
0.260576
0.258882
0.257186
0.255487
0.253785
0.252080
0.250373
0.248663
0.246951
0.245236
0.243518
0.241798
0.240075
0.238349
0.236621
0.234891
0.233158
0.231422
0.229684
0.227944
0.226201
0.224456
0.222708
0.220958
0.219206
0.217451
0.215694
0.213935
0.212174
0.210410
0.208644
0.206875
0.205105
0.203332
0.201557
0.199780
0.198001
0.196220
0.194436
0.192651
0.190863
0.189074
0.187282
0.185488
0.183693
0.181895
0.180096
0.178294
0.176491
0.174685
0.172878
0.171069
0.169258
0.167446
0.165631
0.163815
0.161997
0.160177
0.158355
0.156532
0.154707
0.152881
0.151052
0.149223
0.147391
0.145558
0.143723
0.141887
0.140049
0.138210
0.136369
0.134527
0.132683
0.130838
0.128991
0.127143
0.125294
0.123443
0.121591
0.119738
0.117883
0.116027
0.114170
0.112311
0.110451
0.108590
0.106728
0.104865
0.103000
0.101134
0.099268
0.097400
0.095531
0.093661
0.091790
0.089917
0.088044
0.086170
0.084295
0.082419
0.080542
0.078665
0.076786
0.074906
0.073026
0.071145
0.069263
0.067380
0.065496
0.063612
0.061727
0.059841
0.057954
0.056067
0.054180
0.052291
0.050402
0.048512
0.046622
0.044731
0.042840
0.040948
0.039056
0.037163
0.035270
0.033376
0.031482
0.029588
0.027693
0.025798
0.023902
0.022006
0.020110
0.018214
0.016317
0.014420
0.012523
0.010626
0.008728
0.006830
0.004933
0.003035
0.001137
-0.000762
-0.002660
