0.000000
-0.030366
-0.058876
-0.085611
-0.110644
-0.134039
-0.155856
-0.176148
-0.194965
-0.212355
-0.228360
-0.243024
-0.256388
-0.268491
-0.279372
-0.289071
-0.297623
-0.305068
-0.311442
-0.316783
-0.321126
-0.324510
-0.326969
-0.328541
-0.329261
-0.329165
-0.328286
-0.326661
-0.324323
-0.321306
-0.317642
-0.313364
-0.308504
-0.303091
-0.297157
-0.290730
-0.283838
-0.276511
-0.268773
-0.260651
-0.252171
-0.243356
-0.234230
-0.224815
-0.215132
-0.205204
-0.195049
-0.184688
-0.174138
-0.163417
-0.152308
-0.141079
-0.129746
-0.118322
-0.106820
-0.095254
-0.083636
-0.071977
-0.060289
-0.048581
-0.036865
-0.025150
-0.013445
-0.001758
0.009902
0.021528
0.033111
0.044646
0.056124
0.067541
0.078890
0.090165
0.101361
0.112473
0.123496
0.134427
0.145259
0.155991
0.166617
0.177135
0.187542
0.197833
0.208007
0.218061
0.227992
0.237537
0.246975
0.256301
0.265515
0.274613
0.283593
0.292454
0.301192
0.309808
0.318299
0.326663
0.334900
0.343008
0.350986
0.358834
0.366551
0.374136
0.381588
0.388907
0.396093
0.403146
0.410065
0.416850
0.423502
0.430020
0.436405
0.442657
0.448776
0.454763
0.460618
0.466341
0.471934
0.477397
0.482730
0.487934
0.493011
0.497960
0.502783
0.507481
0.512055
0.516505
0.520832
0.525038
0.529124
0.533091
0.536940
0.540671
0.544287
0.547789
0.551177
0.554453
0.557618
0.560674
0.563621
0.566462
0.569196
0.571826
0.574354
0.576779
0.579104
0.581330
0.583458
0.585489
0.587426
0.589269
0.591019
0.592679
0.594248
0.595730
0.597124
0.598433
0.599658
0.600799
0.601859
0.602839
0.603739
0.604562
0.605309
0.605980
0.606578
0.607103
0.607557
0.607941
0.608256
0.608504
0.608685
0.608802
0.608854
0.608844
0.608773
0.608641
0.608451
0.608202
0.607897
0.607536
0.607121
0.606652
0.606131
0.605559
0.604936
0.604265
0.603546
0.602779
0.601967
0.601110
0.600209
0.599264
0.598278
0.597251
0.596184
0.595078
0.593933
0.592751
0.591533
0.590279
0.588991
0.587669
0.586314
0.584926
0.583508
0.582059
0.580580
0.579072
0.577536
0.575973
0.574383
0.572767
0.571126
0.569461
0.567772
0.566059
0.564324
0.562568
0.560790
0.558992
0.557174
0.555337
0.553481
0.551607
0.549715
0.547807
0.545883
0.543942
0.541987
0.540016
0.538032
0.536034
0.534023
0.531999
0.529963
0.527915
0.525856
0.523786
0.521706
0.519616
0.517516
0.515407
0.513290
0.511164
0.509031
0.506890
0.504742
0.502587
0.500425
0.498258
0.496085
0.493906
0.491722
0.489534
0.487341
0.485144
0.482943
0.480739
0.478531
0.476321
0.474107
0.471891
0.469673
0.467453
0.465231
0.463007
0.460783
0.458557
0.456330
0.454103
0.451875
0.449647
0.447419
0.445191
0.442963
0.440736
0.438509
0.436283
0.434058
0.431835
0.429612
0.427391
0.425171
0.422953
0.420737
0.418523
0.416311
0.414101
0.411893
0.409688
0.407485
0.405284
0.403087
0.400892
0.398700
0.396510
0.394324
0.392141
0.389961
0.387784
0.385611
0.383440
0.381274
0.379110
0.376950
0.374794
0.372641
0.370492
0.368346
0.366204
0.364066
0.361932
0.359801
0.357675
0.355552
0.353432
0.351317
0.349206
0.347098
0.344995
0.342895
0.340799
0.338708
0.336620
0.334536
0.332456
0.330379
0.328307
0.326239
0.324174
0.322114
0.320057
0.318004
0.315955
0.313910
0.311868
0.309831
0.307797
0.305767
0.303740
0.301718
0.299698
0.297683
0.295671
0.293663
0.291658
0.289657
0.287659
0.285664
0.283674
0.281686
0.279702
0.277721
0.275743
0.273768
0.271797
0.269829
0.267864
0.265902
0.263943
0.261987
0.260034
0.258083
0.256136
0.254191
0.252249
0.250310
0.248374
0.246440
0.244508
0.242580
0.240653
0.238729
0.236808
0.234889
0.232972
0.231057
0.229145
0.227234
0.225326
0.223420
0.221516
0.219614
0.217713
0.215815
0.213918
0.212024
0.210131
0.208239
0.206349
0.204461
0.202574
0.200689
0.198805
0.196923
0.195042
0.193162
0.191284
0.189407
0.187531
0.185656
0.183782
0.181910
0.180038
0.178167
0.176297
0.174428
0.172560
0.170693
0.168826
0.166960
0.165095
0.163231
0.161367
0.159503
0.157640
0.155778
0.153916
0.152054
0.150193
0.148333
0.146472
0.144612
0.142752
0.140892
0.139032
0.137173
0.135313
0.133454
0.131595
0.129736
0.127876
0.126017
0.124158
0.122298
0.120439
0.118579
0.116719
0.114859
0.112998
0.111138
0.109277
0.107416
0.105554
0.103692
0.101830
0.099967
0.098104
0.096241
0.094377
0.092512
0.090647
0.088782
0.086916
0.085050
0.083183
0.081315
0.079447
0.077578
0.075709
0.073839
0.071968
0.070097
0.068225
0.066352
0.064479
0.062605
0.060730
0.058855
0.056979
0.055102
0.053224
0.051346
0.049467
0.047587
0.045707
0.043825
0.041943
0.040061
0.038177
0.036293
0.034408
0.032522
0.030635
0.028748
0.026859
0.024970
0.023081
0.021190
0.019299
0.017407
0.015514
0.013621
0.011726
0.009831
0.007935
0.006039
0.004142
0.002244
0.000345
-0.001554
-0.003455
-0.005355
-0.007257
-0.009159
-0.011062
-0.012965
-0.014869
-0.016774
-0.018680
-0.020586
-0.022492
-0.024399
-0.026307
-0.028216
-0.030124
-0.032034
-0.033944
-0.035854
-0.037765
-0.039677
-0.041589
-0.043501
-0.045414
-0.047327
-0.049241
-0.051155
-0.053070
-0.054984
-0.056899
-0.058815
-0.060731
-0.062647
-0.064563
-0.066480
-0.068397
-0.070314
-0.072231
-0.074148
-0.076066
-0.077983
-0.079901
-0.081819
-0.083737
-0.085655
-0.087573
-0.089491
-0.091409
-0.093328
-0.095246
-0.097163
-0.099081
-0.100999
-0.102917
-0.104834
-0.106751
-0.108668
-0.110585
-0.112502
-0.114418
-0.116334
-0.118249
-0.120165
-0.122080
-0.123994
-0.125908
-0.127822
-0.129735
-0.131648
-0.133560
-0.135472
-0.137383
-0.139293
-0.141203
-0.143113
-0.145021
-0.146929
-0.148836
-0.150743
-0.152649
-0.154553
-0.156458
-0.158361
-0.160263
-0.162165
-0.164066
-0.165965
-0.167864
-0.169762
-0.171659
-0.173554
-0.175449
-0.177343
-0.179235
-0.181126
-0.183016
-0.184905
-0.186793
-0.188680
-0.190565
-0.192449
-0.194332
-0.196213
-0.198093
-0.199972
-0.201849
-0.203724
-0.205599
-0.207472
-0.209343
-0.211213
-0.213081
-0.214947
-0.216812
-0.218675
-0.220537
-0.222397
-0.224255
-0.226112
-0.227967
-0.229820
-0.231671
-0.233520
-0.235368
-0.237213
-0.239057
-0.240898
-0.242738
-0.244576
-0.246412
-0.248246
-0.250077
-0.251907
-0.253734
-0.255560
-0.257383
-0.259204
-0.261023
-0.262840
-0.264654
-0.266466
-0.268276
-0.270084
-0.271889
-0.273692
-0.275492
-0.277290
-0.279086
-0.280879
-0.282670
-0.284458
-0.286244
-0.288027
-0.289807
-0.291586
-0.293361
-0.295134
-0.296904
-0.298671
-0.300436
-0.302198
-0.303958
-0.305714
-0.307468
-0.309219
-0.310967
-0.312713
-0.314455
-0.316195
-0.317931
-0.319665
-0.321396
-0.323124
-0.324849
-0.326571
-0.328290
-0.330006
-0.331718
-0.333428
-0.335135
-0.336838
-0.338538
-0.340236
-0.341930
-0.343620
-0.345308
-0.346992
-0.348673
-0.350351
-0.352026
-0.353697
-0.355365
-0.357029
-0.358690
-0.360348
-0.362002
-0.363653
-0.365301
-0.366945
-0.368585
-0.370223
-0.371856
-0.373486
-0.375113
-0.376736
-0.378355
-0.379971
-0.381583
-0.383191
-0.384796
-0.386397
-0.387995
-0.389589
-0.391179
-0.392765
-0.394348
-0.395927
-0.397502
-0.399073
-0.400640
-0.402204
-0.403764
-0.405320
-0.406872
-0.408420
-0.409964
-0.411505
-0.413041
-0.414573
-0.416102
-0.417627
-0.419147
-0.420664
-0.422176
-0.423685
-0.425189
-0.426689
-0.428185
-0.429678
-0.431166
-0.432650
-0.434129
-0.435605
-0.437076
-0.438544
-0.440007
-0.441466
-0.442920
-0.444371
-0.445817
-0.447259
-0.448696
-0.450130
-0.451559
-0.452983
-0.454404
-0.455820
-0.457231
-0.458639
-0.460041
-0.461440
-0.462834
-0.464224
-0.465609
-0.466990
-0.468366
-0.469738
-0.471106
-0.472468
-0.473827
-0.475181
-0.476530
-0.477875
-0.479215
-0.480551
-0.481882
-0.483208
-0.484530
-0.485848
-0.487160
-0.488468
-0.489772
-0.491070
-0.492364
-0.493654
-0.494938
-0.496218
-0.497494
-0.498764
-0.500030
-0.501291
-0.502547
-0.503799
-0.505046
-0.506287
-0.507525
-0.508757
-0.509984
-0.511207
-0.512425
-0.513638
-0.514846
-0.516049
-0.517247
-0.518441
-0.519629
-0.520813
-0.521992
-0.523165
-0.524334
-0.525498
-0.526657
-0.527811
-0.528959
-0.530103
-0.531242
-0.532376
-0.533505
-0.534629
-0.535747
-0.536861
-0.537970
-0.539073
-0.540172
-0.541265
-0.542353
-0.543436
-0.544514
-0.545587
-0.546655
-0.547718
-0.548775
-0.549827
-0.550874
-0.551916
-0.552953
-0.553984
-0.555011
-0.556032
-0.557048
-0.558058
-0.559063
-0.560064
-0.561058
-0.562048
-0.563032
-0.564011
-0.564985
-0.565953
-0.566916
-0.567874
-0.568826
-0.569773
-0.570715
-0.571651
-0.572582
-0.573508
-0.574428
-0.575343
-0.576252
-0.577157
-0.578055
-0.578948
-0.579836
-0.580718
-0.581595
-0.582467
-0.583333
-0.584193
-0.585048
-0.585898
-0.586742
-0.587580
-0.588413
-0.589241
-0.590063
-0.590879
-0.591690
-0.592495
-0.593295
-0.594089
-0.594878
-0.595661
-0.596439
-0.597211
-0.597977
-0.598738
-0.599493
-0.600242
-0.600986
-0.601725
-0.602457
-0.603184
-0.603906
-0.604621
-0.605331
-0.606036
-0.606734
-0.607427
-0.608115
-0.608796
-0.609472
-0.610142
-0.610807
-0.611465
-0.612118
-0.612766
-0.613407
-0.614043
-0.614673
-0.615297
-0.615916
-0.616528
-0.617135
-0.617736
-0.618332
-0.618921
-0.619505
-0.620083
-0.620655
-0.621221
-0.621782
-0.622337
-0.622885
-0.623428
-0.623965
-0.624497
-0.625022
-0.625541
-0.626055
-0.626563
-0.627065
-0.627561
-0.628051
-0.628535
-0.629013
-0.629486
-0.629952
-0.630413
-0.630867
-0.631316
-0.631759
-0.632195
-0.632626
-0.633051
-0.633470
-0.633883
-0.634290
-0.634691
-0.635086
-0.635475
-0.635858
-0.636235
-0.636606
-0.636971
-0.637330
-0.637683
-0.638030
-0.638372
-0.638707
-0.639035
-0.639358
-0.639675
-0.639986
-0.640291
-0.640590
-0.640882
-0.641169
-0.641450
-0.641724
-0.641993
-0.642255
-0.642511
-0.642762
-0.643006
-0.643244
-0.643476
-0.643702
-0.643921
-0.644135
-0.644343
-0.644544
-0.644739
-0.644928
-0.645111
-0.645288
-0.645459
-0.645624
-0.645782
-0.645935
-0.646081
-0.646221
-0.646355
-0.646483
-0.646605
-0.646720
-0.646829
-0.646933
-0.647030
-0.647120
-0.647205
-0.647283
-0.647356
-0.647422
-0.647482
-0.647535
-0.647583
-0.647624
-0.647660
-0.647688
-0.647711
-0.647728
-0.647738
-0.647742
-0.647740
-0.647732
-0.647717
-0.647697
-0.647670
-0.647637
-0.647597
-0.647552
-0.647500
-0.647442
-0.647377
-0.647307
-0.647230
-0.647147
-0.647058
-0.646963
-0.646861
-0.646753
-0.646639
-0.646518
-0.646392
-0.646259
-0.646119
-0.645974
-0.645822
-0.645664
-0.645500
-0.645330
-0.645153
-0.644970
-0.644781
-0.644585
-0.644384
-0.644176
-0.643961
-0.643741
-0.643514
-0.643281
-0.643042
-0.642796
-0.642544
-0.642286
-0.642022
-0.641751
-0.641474
-0.641191
-0.640901
-0.640606
-0.640304
-0.639995
-0.639681
-0.639360
-0.639033
-0.638699
-0.638360
-0.638014
-0.637662
-0.637303
-0.636938
-0.636567
-0.636190
-0.635807
-0.635417
-0.635021
-0.634618
-0.634210
-0.633795
-0.633374
-0.632946
-0.632513
-0.632073
-0.631627
-0.631174
-0.630716
-0.630251
-0.629779
-0.629302
-0.628818
-0.628328
-0.627832
-0.627329
-0.626821
-0.626306
-0.625784
-0.625257
-0.624723
-0.624183
-0.623637
-0.623084
-0.622526
-0.621961
-0.621390
-0.620812
-0.620229
-0.619639
-0.619043
-0.618440
-0.617832
-0.617217
-0.616596
-0.615969
-0.615335
-0.614696
-0.614050
-0.613398
-0.612740
-0.612075
-0.611404
-0.610728
-0.610045
-0.609355
-0.608660
-0.607958
-0.607251
-0.606537
-0.605817
-0.605090
-0.604358
-0.603619
-0.602874
-0.602123
-0.601366
-0.600603
-0.599834
-0.599058
-0.598276
-0.597489
-0.596695
-0.595895
-0.595088
-0.594276
-0.593458
-0.592633
-0.591802
-0.590966
-0.590123
-0.589274
-0.588419
-0.587558
-0.586690
-0.585817
-0.584938
-0.584052
-0.583161
-0.582263
-0.581360
-0.580450
-0.579535
-0.578613
-0.577685
-0.576751
-0.575812
-0.574866
-0.573914
-0.572956
-0.571992
-0.571022
-0.570047
-0.569065
-0.568077
-0.567083
-0.566084
-0.565078
-0.564067
-0.563049
-0.562026
-0.560996
-0.559961
-0.558920
-0.557872
-0.556819
-0.555760
-0.554696
-0.553625
-0.552548
-0.551466
-0.550377
-0.549283
-0.548183
-0.547077
-0.545966
-0.544848
-0.543725
-0.542596
-0.541461
-0.540320
-0.539173
-0.538021
-0.536863
-0.535699
-0.534529
-0.533354
-0.532173
-0.530986
-0.529794
-0.528595
-0.527391
-0.526182
-0.524966
-0.523745
-0.522519
-0.521286
-0.520048
-0.518805
-0.517556
-0.516301
-0.515040
-0.513774
-0.512502
-0.511225
-0.509942
-0.508654
-0.507360
-0.506061
-0.504756
-0.503445
-0.502129
-0.500807
-0.499480
-0.498148
-0.496810
-0.495467
-0.494118
-0.492763
-0.491404
-0.490038
-0.488668
-0.487292
-0.485911
-0.484524
-0.483132
-0.481735
-0.480332
-0.478924
-0.477511
-0.476092
-0.474668
-0.473239
-0.471804
-0.470365
-0.468920
-0.467470
-0.466014
-0.464554
-0.463088
-0.461617
-0.460141
-0.458660
-0.457174
-0.455682
-0.454186
-0.452684
-0.451178
-0.449666
-0.448149
-0.446627
-0.445101
-0.443569
-0.442032
-0.440490
-0.438944
-0.437392
-0.435835
-0.434274
-0.432707
-0.431136
-0.429560
-0.427979
-0.426393
-0.424802
-0.423207
-0.421606
-0.420001
-0.418392
-0.416777
-0.415158
-0.413534
-0.411905
-0.410272
-0.408633
-0.406991
-0.405343
-0.403691
-0.402035
-0.400374
-0.398708
-0.397038
-0.395363
-0.393684
-0.392000
-0.390312
-0.388619
-0.386922
-0.385220
-0.383514
-0.381804
-0.380089
-0.378370
-0.376647
-0.374919
-0.373187
-0.371451
-0.369710
-0.367965
-0.366216
-0.364463
-0.362705
-0.360944
-0.359178
-0.357408
-0.355634
-0.353856
-0.352074
-0.350288
-0.348498
-0.346703
-0.344905
-0.343103
-0.341297
-0.339487
-0.337673
-0.335855
-0.334033
-0.332207
-0.330378
-0.328545
-0.326708
-0.324867
-0.323023
-0.321174
-0.319322
-0.317467
-0.315607
-0.313744
-0.311878
-0.310008
-0.308134
-0.306257
-0.304376
-0.302492
-0.300604
-0.298713
-0.296818
-0.294920
-0.293018
-0.291113
-0.289205
-0.287293
-0.285378
-0.283460
-0.281539
-0.279614
-0.277686
-0.275755
-0.273821
-0.271883
-0.269943
-0.267999
-0.266052
-0.264103
-0.262150
-0.260194
-0.258235
-0.256273
-0.254309
-0.252341
-0.250370
-0.248397
-0.246421
-0.244442
-0.242460
-0.240475
-0.238488
-0.236498
-0.234505
-0.232509
-0.230511
-0.228510
-0.226507
-0.224501
-0.222493
-0.220482
-0.218468
-0.216452
-0.214434
-0.212413
-0.210389
-0.208364
-0.206336
-0.204305
-0.202273
-0.200238
-0.198200
-0.196161
-0.194119
-0.192076
-0.190030
-0.187982
-0.185931
-0.183879
-0.181825
-0.179768
-0.177710
-0.175650
-0.173587
-0.171523
-0.169457
-0.167389
-0.165319
-0.163248
-0.161174
-0.159099
-0.157022
-0.154943
-0.152863
-0.150781
-0.148697
-0.146612
-0.144525
-0.142437
-0.140347
-0.138255
-0.136162
-0.134068
-0.131972
-0.129875
-0.127776
-0.125676
-0.123575
-0.121472
-0.119368
-0.117263
-0.115157
-0.113049
-0.110940
-0.108830
-0.106719
-0.104607
-0.102494
-0.100380
-0.098265
-0.096148
-0.094031
-0.091913
-0.089794
-0.087674
-0.085554
-0.083432
-0.081310
-0.079186
-0.077062
-0.074938
-0.072812
-0.070686
-0.068560
-0.066433
-0.064305
-0.062176
-0.060047
-0.057918
-0.055788
-0.053657
-0.051526
-0.049395
-0.047263
-0.045131
-0.042999
-0.040866
-0.038733
-0.036600
-0.034466
-0.032333
-0.030199
-0.028065
-0.025931
-0.023797
-0.021662
-0.019528
-0.017394
-0.015259
-0.013125
-0.010990
-0.008856
-0.006722
-0.004588
-0.002454
-0.000321
0.001813
0.003946
0.006079
0.008212
0.010344
0.012476
0.014608
0.016739
0.018870
0.021000
0.023130
0.025260
0.027389
0.029517
0.031645
0.033772
0.035899
0.038025
0.040151
0.042275
0.044399
0.046523
0.048645
0.050767
0.052888
0.055008
0.057127
0.059246
0.061363
0.063480
0.065595
0.067710
0.069824
0.071936
0.074048
0.076158
0.078268
0.080376
0.082483
0.084589
0.086694
0.088797
0.090899
0.093000
0.095100
0.097199
0.099296
0.101392
0.103486
0.105579
0.107670
0.109760
0.111849
0.113936
0.116022
0.118106
0.120188
0.122269
0.124349
0.126426
0.128502
0.130577
0.132649
0.134720
0.136789
0.138857
0.140922
0.142986
0.145048
0.147108
0.149166
0.151223
0.153277
0.155330
0.157380
0.159429
0.161475
0.163519
0.165562
0.167602
0.169640
0.171677
0.173711
0.175742
0.177772
0.179799
0.181825
0.183848
0.185868
0.187887
0.189903
0.191917
0.193928
0.195937
0.197944
0.199948
0.201950
0.203949
0.205946
0.207941
0.209932
0.211922
0.213909
0.215893
0.217874
0.219854
0.221830
0.223804
0.225775
0.227743
0.229709
0.231672
0.233632
0.235589
0.237544
0.239496
0.241445
0.243391
0.245334
0.247275
0.249212
0.251147
0.253078
0.255007
0.256933
0.258855
0.260775
0.262692
0.264605
0.266516
0.268423
0.270327
0.272229
0.274127
0.276021
0.277913
0.279802
0.281687
0.283569
0.285448
0.287323
0.289195
0.291064
0.292930
0.294792
0.296651
0.298506
0.300358
0.302207
0.304052
0.305894
0.307733
0.309567
0.311399
0.313227
0.315051
0.316872
0.318689
0.320502
0.322312
0.324119
0.325922
0.327721
0.329516
0.331308
0.333096
0.334880
0.336661
0.338438
0.340211
0.341980
0.343746
0.345508
0.347265
0.349019
0.350770
0.352516
0.354258
0.355997
0.357731
0.359462
0.361189
0.362912
0.364630
0.366345
0.368056
0.369763
0.371465
0.373164
0.374858
0.376549
0.378235
0.379917
0.381595
0.383269
0.384939
0.386605
0.388266
0.389923
0.391576
0.393225
0.394869
0.396509
0.398145
0.399777
0.401404
0.403027
0.404646
0.406260
0.407870
0.409476
0.411077
0.412674
0.414266
0.415854
0.417437
0.419016
0.420591
0.422161
0.423726
0.425287
0.426844
0.428396
0.429943
0.431486
0.433024
0.434558
0.436087
0.437611
0.439131
0.440646
0.442157
0.443662
0.445163
0.446660
0.448152
0.449638
0.451121
0.452598
0.454071
0.455539
0.457002
0.458460
0.459914
0.461363
0.462806
0.464245
0.465680
0.467109
0.468533
0.469953
0.471367
0.472777
0.474182
0.475582
0.476976
0.478366
0.479751
0.481131
0.482506
0.483876
0.485241
0.486601
0.487955
0.489305
0.490650
0.491989
0.493324
0.494653
0.495977
0.497296
0.498610
0.499919
0.501223
0.502521
0.503815
0.505103
0.506386
0.507663
0.508936
0.510203
0.511465
0.512722
0.513973
0.515220
0.516460
0.517696
0.518926
0.520151
0.521371
0.522585
0.523794
0.524998
0.526196
0.527389
0.528577
0.529759
0.530936
0.532107
0.533273
0.534433
0.535588
0.536738
0.537882
0.539020
0.540153
0.541281
0.542403
0.543520
0.544631
0.545736
0.546836
0.547931
0.549020
0.550103
0.551181
0.552253
0.553319
0.554380
0.555436
0.556486
0.557530
0.558568
0.559601
0.560628
0.561650
0.562666
0.563676
0.564681
0.565679
0.566673
0.567660
0.568642
0.569618
0.570588
0.571552
0.572511
0.573464
0.574411
0.575353
0.576289
0.577219
0.578143
0.579061
0.579973
0.580880
0.581781
0.582676
0.583565
0.584449
0.585326
0.586198
0.587063
0.587923
0.588777
0.589626
0.590468
0.591304
0.592135
0.592959
0.593778
0.594590
0.595397
0.596198
0.596993
0.597782
0.598564
0.599341
0.600112
0.600877
0.601636
0.602390
0.603137
0.603878
0.604613
0.605342
0.606065
0.606782
0.607493
0.608198
0.608896
0.609589
0.610276
0.610957
0.611631
0.612300
0.612962
0.613619
0.614269
0.614913
0.615552
0.616184
0.616810
0.617429
0.618043
0.618651
0.619252
0.619848
0.620437
0.621020
0.621597
0.622168
0.622732
0.623291
0.623843
0.624389
0.624929
0.625463
0.625991
0.626512
0.627028
0.627537
0.628040
0.628536
0.629027
0.629511
0.629989
0.630461
0.630927
0.631386
0.631840
0.632287
0.632728
0.633162
0.633590
0.634013
0.634428
0.634838
0.635242
0.635639
0.636030
0.636414
0.636793
0.637165
0.637531
0.637890
0.638243
0.638591
0.638931
0.639266
0.639594
0.639916
0.640232
0.640541
0.640844
0.641141
0.641432
0.641716
0.641994
0.642266
0.642531
0.642790
0.643043
0.643289
0.643530
0.643763
0.643991
0.644212
0.644427
0.644636
0.644838
0.645034
0.645224
0.645408
0.645585
0.645755
0.645920
0.646078
0.646230
0.646376
0.646515
0.646648
0.646774
0.646895
0.647009
0.647116
0.647218
0.647313
0.647401
0.647484
0.647560
0.647630
0.647693
0.647750
0.647801
0.647845
0.647884
0.647915
0.647941
0.647960
0.647973
0.647980
0.647980
0.647974
0.647962
0.647943
0.647918
0.647887
0.647849
0.647805
0.647755
0.647699
0.647636
0.647567
0.647491
0.647410
0.647322
0.647228
0.647127
0.647020
0.646907
0.646788
0.646662
0.646530
0.646392
0.646247
0.646096
0.645939
0.645776
0.645606
0.645430
0.645248
0.645060
0.644865
0.644664
0.644457
0.644244
0.644024
0.643798
0.643566
0.643327
0.643083
0.642832
0.642575
0.642311
0.642042
0.641766
0.641484
0.641196
0.640902
0.640601
0.640294
0.639981
0.639662
0.639336
0.639005
0.638667
0.638323
0.637973
0.637617
0.637254
0.636886
0.636511
0.636130
0.635743
0.635350
0.634950
0.634545
0.634133
0.633716
0.633292
0.632862
0.632426
0.631983
0.631535
0.631081
0.630620
0.630154
0.629681
0.629202
0.628717
0.628226
0.627730
0.627227
0.626718
0.626202
0.625681
0.625154
0.624621
0.624082
0.623537
0.622985
0.622428
0.621865
0.621296
0.620721
0.620139
0.619552
0.618959
0.618360
0.617755
0.617144
0.616527
0.615905
0.615276
0.614641
0.614001
0.613354
0.612702
0.612043
0.611379
0.610709
0.610033
0.609352
0.608664
0.607970
0.607271
0.606566
0.605855
0.605138
0.604416
0.603687
0.602953
0.602213
0.601467
0.600716
0.599959
0.599196
0.598427
0.597652
0.596872
0.596086
0.595294
0.594497
0.593694
0.592885
0.592070
0.591250
0.590424
0.589593
0.588756
0.587913
0.587065
0.586211
0.585351
0.584486
0.583615
0.582738
0.581856
0.580969
0.580076
0.579177
0.578273
0.577363
0.576448
0.575527
0.574601
0.573669
0.572732
0.571789
0.570841
0.569887
0.568928
0.567964
0.566994
0.566018
0.565037
0.564051
0.563060
0.562063
0.561061
0.560053
0.559040
0.558022
0.556998
0.555969
0.554935
0.553895
0.552850
0.551800
0.550745
0.549684
0.548618
0.547547
0.546471
0.545390
0.544303
0.543211
0.542114
0.541012
0.539904
0.538792
0.537674
0.536552
0.535424
0.534291
0.533153
0.532010
0.530861
0.529708
0.528550
0.527387
0.526218
0.525045
0.523867
0.522684
0.521495
0.520302
0.519104
0.517901
0.516693
0.515480
0.514263
0.513040
0.511812
0.510580
0.509343
0.508101
0.506854
0.505602
0.504346
0.503085
0.501819
0.500548
0.499272
0.497992
0.496707
0.495417
0.494123
0.492824
0.491520
0.490212
0.488899
0.487581
0.486259
0.484932
0.483601
0.482265
0.480924
0.479579
0.478230
0.476875
0.475517
0.474154
0.472786
0.471414
0.470037
0.468656
0.467271
0.465881
0.464487
0.463088
0.461685
0.460278
0.458866
0.457450
0.456030
0.454605
0.453176
0.451743
0.450305
0.448863
0.447418
0.445967
0.444513
0.443054
0.441592
0.440125
0.438654
0.437179
0.435699
0.434216
0.432728
0.431237
0.429741
0.428242
0.426738
0.425230
0.423719
0.422203
0.420683
0.419160
0.417632
0.416101
0.414565
0.413026
0.411483
0.409936
0.408385
0.406830
0.405272
0.403710
0.402143
0.400574
0.399000
0.397423
0.395841
0.394257
0.392668
0.391076
0.389480
0.387881
0.386278
0.384671
0.383060
0.381447
0.379829
0.378208
0.376583
0.374955
0.373324
0.371688
0.370050
0.368408
0.366762
0.365113
0.363461
0.361805
0.360146
0.358484
0.356818
0.355149
0.353476
0.351801
0.350121
0.348439
0.346754
0.345065
0.343373
0.341678
0.339979
0.338278
0.336573
0.334865
0.333154
0.331440
0.329723
0.328003
0.326279
0.324553
0.322824
0.321091
0.319356
0.317618
0.315876
0.314132
0.312385
0.310635
0.308882
0.307126
0.305368
0.303606
0.301842
0.300075
0.298305
0.296533
0.294757
0.292979
0.291198
0.289415
0.287629
0.285840
0.284048
0.282254
0.280457
0.278658
0.276856
0.275052
0.273245
0.271435
0.269623
0.267808
0.265991
0.264172
0.262350
0.260526
0.258699
0.256870
0.255038
0.253204
0.251368
0.249530
0.247689
0.245846
0.244001
0.242153
0.240303
0.238451
0.236597
0.234740
0.232882
0.231021
0.229158
0.227293
0.225426
0.223557
0.221686
0.219813
0.217938
0.216061
0.214182
0.212300
0.210417
0.208532
0.206645
0.204757
0.202866
0.200974
0.199079
0.197183
0.195285
0.193385
0.191484
0.189580
0.187675
0.185769
0.183860
0.181950
0.180039
0.178125
0.176210
0.174294
0.172375
0.170456
0.168534
0.166612
0.164687
0.162761
0.160834
0.158905
0.156975
0.155044
0.153111
0.151176
0.149240
0.147303
0.145365
0.143425
0.141484
0.139542
0.137598
0.135653
0.133707
0.131760
0.129812
0.127862
0.125911
0.123959
0.122007
0.120052
0.118097
0.116141
0.114184
0.112226
0.110267
0.108306
0.106345
0.104383
0.102420
0.100456
0.098491
0.096526
0.094559
0.092592
0.090623
0.088654
0.086685
0.084714
0.082743
0.080771
0.078798
0.076825
0.074851
0.072876
0.070901
0.068925
0.066948
0.064971
0.062994
0.061015
0.059037
0.057058
0.055078
0.053098
0.051117
0.049136
0.047155
0.045173
0.043191
0.041208
0.039225
0.037242
0.035259
0.033275
0.031291
0.029307
0.027322
0.025337
0.023353
0.021368
0.019382
0.017397
0.015412
0.013426
0.011441
0.009455
0.007469
0.005484
0.003498
0.001512
-0.000473
-0.002459
-0.004445
-0.006430
-0.008415
-0.010400
-0.012385
-0.014370
-0.016355
-0.018339
-0.020324
-0.022308
-0.024291
-0.026275
-0.028258
-0.030241
-0.032224
-0.034206
-0.036188
-0.038169
-0.040150
-0.042131
-0.044111
-0.046090
-0.048070
-0.050048
-0.052027
-0.054004
-0.055981
-0.057958
-0.059934
-0.061909
-0.063884
-0.065858
-0.067831
-0.069804
-0.071776
-0.073747
-0.075718
-0.077688
-0.079657
-0.081625
-0.083593
-0.085559
-0.087525
-0.089490
-0.091454
-0.093417
-0.095379
-0.097341
-0.099301
-0.101260
-0.103219
-0.105176
-0.107132
-0.109088
-0.111042
-0.112995
-0.114947
-0.116898
-0.118848
-0.120796
-0.122744
-0.124690
-0.126635
-0.128579
-0.130522
-0.132463
-0.134403
-0.136342
-0.138279
-0.140215
-0.142150
-0.144084
-0.146016
-0.147946
-0.149875
-0.151803
-0.153729
-0.155654
-0.157578
-0.159499
-0.161420
-0.163339
-0.165256
-0.167171
-0.169085
-0.170998
-0.172909
-0.174818
-0.176725
-0.178631
-0.180535
-0.182437
-0.184338
-0.186237
-0.188134
-0.190029
-0.191923
-0.193814
-0.195704
-0.197592
-0.199478
-0.201362
-0.203244
-0.205125
-0.207003
-0.208880
-0.210754
-0.212627
-0.214497
-0.216365
-0.218232
-0.220096
-0.221958
-0.223818
-0.225676
-0.227532
-0.229386
-0.231237
-0.233087
-0.234934
-0.236779
-0.238621
-0.240462
-0.242300
-0.244136
-0.245969
-0.247800
-0.249629
-0.251456
-0.253280
-0.255102
-0.256921
-0.258738
-0.260553
-0.262365
-0.264174
-0.265981
-0.267786
-0.269588
-0.271387
-0.273184
-0.274979
-0.276771
-0.278560
-0.280346
-0.282130
-0.283912
-0.285690
-0.287466
-0.289239
-0.291010
-0.292778
-0.294543
-0.296305
-0.298064
-0.299821
-0.301575
-0.303326
-0.305074
-0.306820
-0.308562
-0.310302
-0.312038
-0.313772
-0.315503
-0.317230
-0.318955
-0.320677
-0.322396
-0.324112
-0.325825
-0.327534
-0.329241
-0.330944
-0.332645
-0.334342
-0.336037
-0.337728
-0.339415
-0.341100
-0.342782
-0.344460
-0.346135
-0.347807
-0.349476
-0.351141
-0.352803
-0.354462
-0.356117
-0.357769
-0.359418
-0.361063
-0.362705
-0.364344
-0.365979
-0.367611
-0.369239
-0.370864
-0.372486
-0.374104
-0.375718
-0.377329
-0.378937
-0.380541
-0.382141
-0.383738
-0.385331
-0.386920
-0.388506
-0.390089
-0.391667
-0.393242
-0.394814
-0.396381
-0.397945
-0.399506
-0.401062
-0.402615
-0.404164
-0.405709
-0.407251
-0.408789
-0.410322
-0.411852
-0.413379
-0.414901
-0.416419
-0.417934
-0.419445
-0.420952
-0.422454
-0.423953
-0.425448
-0.426939
-0.428426
-0.429909
-0.431388
-0.432863
-0.434334
-0.435801
-0.437264
-0.438723
-0.440177
-0.441628
-0.443074
-0.444517
-0.445955
-0.447389
-0.448819
-0.450245
-0.451666
-0.453083
-0.454496
-0.455905
-0.457310
-0.458710
-0.460106
-0.461498
-0.462885
-0.464268
-0.465647
-0.467022
-0.468392
-0.469758
-0.471119
-0.472476
-0.473829
-0.475177
-0.476521
-0.477860
-0.479195
-0.480525
-0.481851
-0.483173
-0.484490
-0.485802
-0.487110
-0.488413
-0.489712
-0.491007
-0.492296
-0.493581
-0.494862
-0.496138
-0.497409
-0.498676
-0.499938
-0.501195
-0.502448
-0.503696
-0.504939
-0.506178
-0.507412
-0.508641
-0.509866
-0.511085
-0.512300
-0.513510
-0.514716
-0.515917
-0.517112
-0.518303
-0.519490
-0.520671
-0.521847
-0.523019
-0.524186
-0.525348
-0.526505
-0.527657
-0.528804
-0.529946
-0.531083
-0.532216
-0.533343
-0.534466
-0.535583
-0.536696
-0.537803
-0.538906
-0.540003
-0.541095
-0.542183
-0.543265
-0.544342
-0.545415
-0.546482
-0.547544
-0.548601
-0.549653
-0.550699
-0.551741
-0.552777
-0.553809
-0.554835
-0.555856
-0.556871
-0.557882
-0.558887
-0.559888
-0.560883
-0.561872
-0.562857
-0.563836
-0.564810
-0.565779
-0.566742
-0.567700
-0.568653
-0.569601
-0.570543
-0.571480
-0.572412
-0.573338
-0.574259
-0.575174
-0.576084
-0.576989
-0.577889
-0.578783
-0.579671
-0.580555
-0.581432
-0.582305
-0.583172
-0.584033
-0.584889
-0.585740
-0.586585
-0.587425
-0.588259
-0.589088
-0.589911
-0.590728
-0.591541
-0.592347
-0.593148
-0.593944
-0.594734
-0.595518
-0.596297
-0.597070
-0.597838
-0.598600
-0.599357
-0.600108
-0.600853
-0.601593
-0.602327
-0.603055
-0.603778
-0.604495
-0.605207
-0.605912
-0.606613
-0.607307
-0.607996
-0.608679
-0.609356
-0.610028
-0.610694
-0.611354
-0.612009
-0.612658
-0.613301
-0.613938
-0.614569
-0.615195
-0.615815
-0.616429
-0.617038
-0.617641
-0.618237
-0.618828
-0.619414
-0.619993
-0.620567
-0.621135
-0.621697
-0.622253
-0.622803
-0.623347
-0.623886
-0.624419
-0.624946
-0.625467
-0.625982
-0.626491
-0.626994
-0.627492
-0.627983
-0.628469
-0.628948
-0.629422
-0.629890
-0.630352
-0.630808
-0.631258
-0.631702
-0.632140
-0.632572
-0.632999
-0.633419
-0.633833
-0.634241
-0.634644
-0.635040
-0.635430
-0.635815
-0.636193
-0.636565
-0.636932
-0.637292
-0.637646
-0.637994
-0.638337
-0.638673
-0.639003
-0.639327
-0.639645
-0.639957
-0.640263
-0.640563
-0.640857
-0.641144
-0.641426
-0.641702
-0.641971
-0.642234
-0.642492
-0.642743
-0.642988
-0.643227
-0.643460
-0.643687
-0.643907
-0.644122
-0.644330
-0.644533
-0.644729
-0.644919
-0.645103
-0.645281
-0.645452
-0.645618
-0.645777
-0.645930
-0.646077
-0.646218
-0.646353
-0.646481
-0.646604
-0.646720
-0.646830
-0.646934
-0.647031
-0.647123
-0.647208
-0.647287
-0.647360
-0.647427
-0.647487
-0.647542
-0.647590
-0.647632
-0.647667
-0.647697
-0.647720
-0.647737
-0.647748
-0.647753
-0.647751
-0.647743
-0.647729
-0.647709
-0.647682
-0.647650
-0.647611
-0.647566
-0.647514
-0.647456
-0.647392
-0.647322
-0.647246
-0.647163
-0.647074
-0.646979
-0.646878
-0.646770
-0.646656
-0.646536
-0.646410
-0.646277
-0.646138
-0.645993
-0.645841
-0.645684
-0.645520
-0.645349
-0.645173
-0.644990
-0.644801
-0.644606
-0.644404
-0.644196
-0.643982
-0.643762
-0.643535
-0.643302
-0.643063
-0.642817
-0.642566
-0.642308
-0.642043
-0.641773
-0.641496
-0.641213
-0.640923
-0.640627
-0.640325
-0.640017
-0.639703
-0.639382
-0.639055
-0.638721
-0.638382
-0.638036
-0.637684
-0.637325
-0.636960
-0.636589
-0.636212
-0.635829
-0.635439
-0.635043
-0.634640
-0.634232
-0.633817
-0.633395
-0.632968
-0.632534
-0.632094
-0.631648
-0.631195
-0.630737
-0.630272
-0.629800
-0.629323
-0.628839
-0.628349
-0.627852
-0.627350
-0.626841
-0.626326
-0.625804
-0.625277
-0.624743
-0.624203
-0.623656
-0.623104
-0.622545
-0.621980
-0.621409
-0.620831
-0.620247
-0.619657
-0.619061
-0.618458
-0.617850
-0.617235
-0.616614
-0.615986
-0.615353
-0.614713
-0.614067
-0.613415
-0.612756
-0.612092
-0.611421
-0.610744
-0.610061
-0.609371
-0.608676
-0.607974
-0.607266
-0.606552
-0.605832
-0.605105
-0.604373
-0.603634
-0.602889
-0.602138
-0.601380
-0.600617
-0.599847
-0.599072
-0.598290
-0.597502
-0.596708
-0.595907
-0.595101
-0.594289
-0.593470
-0.592645
-0.591814
-0.590977
-0.590134
-0.589285
-0.588430
-0.587569
-0.586701
-0.585828
-0.584948
-0.584063
-0.583171
-0.582274
-0.581370
-0.580460
-0.579544
-0.578622
-0.577694
-0.576760
-0.575821
-0.574875
-0.573923
-0.572965
-0.572001
-0.571031
-0.570055
-0.569073
-0.568085
-0.567091
-0.566091
-0.565085
-0.564074
-0.563056
-0.562032
-0.561003
-0.559967
-0.558926
-0.557879
-0.556826
-0.555766
-0.554702
-0.553631
-0.552554
-0.551471
-0.550383
-0.549289
-0.548188
-0.547082
-0.545971
-0.544853
-0.543729
-0.542600
-0.541465
-0.540324
-0.539178
-0.538025
-0.536867
-0.535703
-0.534533
-0.533358
-0.532177
-0.530990
-0.529797
-0.528599
-0.527395
-0.526185
-0.524969
-0.523748
-0.522522
-0.521289
-0.520051
-0.518807
-0.517558
-0.516303
-0.515042
-0.513776
-0.512505
-0.511227
-0.509944
-0.508656
-0.507362
-0.506062
-0.504757
-0.503447
-0.502131
-0.500809
-0.499482
-0.498149
-0.496811
-0.495468
-0.494119
-0.492765
-0.491405
-0.490040
-0.488669
-0.487293
-0.485912
-0.484525
-0.483133
-0.481735
-0.480333
-0.478925
-0.477511
-0.476093
-0.474669
-0.473239
-0.471805
-0.470365
-0.468920
-0.467470
-0.466015
-0.464554
-0.463089
-0.461618
-0.460142
-0.458660
-0.457174
-0.455683
-0.454186
-0.452685
-0.451178
-0.449666
-0.448149
-0.446628
-0.445101
-0.443569
-0.442032
-0.440490
-0.438944
-0.437392
-0.435835
-0.434274
-0.432707
-0.431136
-0.429560
-0.427979
-0.426393
-0.424802
-0.423207
-0.421606
-0.420001
-0.418392
-0.416777
-0.415158
-0.413534
-0.411905
-0.410272
-0.408633
-0.406991
-0.405343
-0.403692
-0.402035
-0.400374
-0.398708
-0.397038
-0.395363
-0.393684
-0.392000
-0.390312
-0.388619
-0.386922
-0.385221
-0.383515
-0.381804
-0.380089
-0.378370
-0.376647
-0.374919
-0.373187
-0.371451
-0.369710
-0.367966
-0.366217
-0.364463
-0.362706
-0.360944
-0.359179
-0.357409
-0.355635
-0.353857
-0.352075
-0.350288
-0.348498
-0.346704
-0.344906
-0.343104
-0.341298
-0.339487
-0.337674
-0.335856
-0.334034
-0.332208
-0.330379
-0.328546
-0.326709
-0.324868
-0.323024
-0.321175
-0.319323
-0.317468
-0.315609
-0.313746
-0.311879
-0.310009
-0.308135
-0.306258
-0.304377
-0.302493
-0.300605
-0.298714
-0.296819
-0.294921
-0.293020
-0.291115
-0.289207
-0.287295
-0.285380
-0.283462
-0.281541
-0.279616
-0.277688
-0.275757
-0.273823
-0.271885
-0.269945
-0.268001
-0.266054
-0.264105
-0.262152
-0.260196
-0.258237
-0.256275
-0.254311
-0.252343
-0.250373
-0.248399
-0.246423
-0.244444
-0.242462
-0.240477
-0.238490
-0.236500
-0.234507
-0.232512
-0.230514
-0.228513
-0.226509
-0.224504
-0.222495
-0.220484
-0.218471
-0.216455
-0.214436
-0.212415
-0.210392
-0.208366
-0.206338
-0.204308
-0.202275
-0.200240
-0.198203
-0.196164
-0.194122
-0.192078
-0.190032
-0.187984
-0.185934
-0.183882
-0.181828
-0.179771
-0.177713
-0.175653
-0.173590
-0.171526
-0.169460
-0.167392
-0.165322
-0.163251
-0.161177
-0.159102
-0.157025
-0.154947
-0.152866
-0.150784
-0.148701
-0.146615
-0.144528
-0.142440
-0.140350
-0.138259
-0.136166
-0.134071
-0.131975
-0.129878
-0.127779
-0.125679
-0.123578
-0.121476
-0.119372
-0.117267
-0.115160
-0.113053
-0.110944
-0.108834
-0.106723
-0.104611
-0.102498
-0.100384
-0.098268
-0.096152
-0.094035
-0.091917
-0.089798
-0.087678
-0.085557
-0.083436
-0.081313
-0.079190
-0.077066
-0.074942
-0.072816
-0.070690
-0.068564
-0.066436
-0.064308
-0.062180
-0.060051
-0.057921
-0.055792
-0.053661
-0.051530
-0.049399
-0.047267
-0.045135
-0.043003
-0.040870
-0.038737
-0.036604
-0.034470
-0.032337
-0.030203
-0.028069
-0.025935
-0.023800
-0.021666
-0.019532
-0.017397
-0.015263
-0.013129
-0.010994
-0.008860
-0.006726
-0.004592
-0.002458
-0.000325
0.001809
0.003942
0.006075
0.008208
0.010340
0.012472
0.014604
0.016735
0.018866
0.020996
0.023126
0.025256
0.027385
0.029513
0.031641
0.033769
0.035895
0.038021
0.040147
0.042271
0.044395
0.046519
0.048641
0.050763
0.052884
0.055004
0.057123
0.059242
0.061359
0.063476
0.065591
0.067706
0.069820
0.071932
0.074044
0.076154
0.078264
0.080372
0.082479
0.084585
0.086690
0.088793
0.090896
0.092997
0.095096
0.097195
0.099292
0.101388
0.103482
0.105575
0.107667
0.109757
0.111845
0.113932
0.116018
0.118102
0.120185
0.122265
0.124345
0.126422
0.128498
0.130573
0.132645
0.134716
0.136786
0.138853
0.140919
0.142982
0.145044
0.147104
0.149163
0.151219
0.153273
0.155326
0.157376
0.159425
0.161471
0.163516
0.165558
0.167599
0.169637
0.171673
0.173707
0.175739
0.177768
0.179796
0.181821
0.183844
0.185865
0.187883
0.189899
0.191913
0.193924
0.195934
0.197940
0.199944
0.201946
0.203946
0.205943
0.207937
0.209929
0.211918
0.213905
0.215889
0.217871
0.219850
0.221826
0.223800
0.225771
0.227740
0.229705
0.231668
0.233628
0.235586
0.237541
0.239492
0.241441
0.243388
0.245331
0.247271
0.249209
0.251143
0.253075
0.255004
0.256929
0.258852
0.260772
0.262688
0.264602
0.266512
0.268420
0.270324
0.272225
0.274123
0.276018
0.277910
0.279798
0.281684
0.283566
0.285444
0.287320
0.289192
0.291061
0.292927
0.294789
0.296648
0.298503
0.300355
0.302204
0.304049
0.305891
0.307729
0.309564
0.311396
0.313223
0.315048
0.316869
0.318686
0.320499
0.322309
0.324116
0.325919
0.327718
0.329513
0.331305
0.333093
0.334877
0.336658
0.338435
0.340208
0.341977
0.343743
0.345505
0.347262
0.349016
0.350767
0.352513
0.354255
0.355994
0.357729
0.359459
0.361186
0.362909
0.364627
0.366342
0.368053
0.369760
0.371462
0.373161
0.374855
0.376546
0.378232
0.379914
0.381593
0.383266
0.384936
0.386602
0.388263
0.389920
0.391573
0.393222
0.394867
0.396507
0.398143
0.399774
0.401402
0.403025
0.404643
0.406258
0.407868
0.409473
0.411074
0.412671
0.414263
0.415851
0.417435
0.419014
0.420588
0.422158
0.423724
0.425285
0.426841
0.428393
0.429941
0.431483
0.433022
0.434555
0.436084
0.437609
0.439129
0.440644
0.442154
0.443660
0.445161
0.446657
0.448149
0.449636
0.451118
0.452596
0.454068
0.455536
0.457000
0.458458
0.459911
0.461360
0.462804
0.464243
0.465677
0.467106
0.468531
0.469950
0.471365
0.472775
0.474179
0.475579
0.476974
0.478364
0.479749
0.481129
0.482504
0.483874
0.485238
0.486598
0.487953
0.489303
0.490647
0.491987
0.493321
0.494651
0.495975
0.497294
0.498608
0.499917
0.501221
0.502519
0.503812
0.505101
0.506384
0.507661
0.508934
0.510201
0.511463
0.512720
0.513971
0.515218
0.516458
0.517694
0.518924
0.520149
0.521369
0.522583
0.523792
0.524996
0.526194
0.527387
0.528575
0.529757
0.530934
0.532105
0.533271
0.534431
0.535586
0.536736
0.537880
0.539018
0.540151
0.541279
0.542401
0.543518
0.544629
0.545734
0.546834
0.547929
0.549018
0.550101
0.551179
0.552251
0.553318
0.554379
0.555434
0.556484
0.557528
0.558567
0.559599
0.560627
0.561648
0.562664
0.563674
0.564679
0.565678
0.566671
0.567658
0.568640
0.569616
0.570586
0.571551
0.572510
0.573463
0.574410
0.575351
0.576287
0.577217
0.578141
0.579059
0.579972
0.580879
0.581779
0.582675
0.583564
0.584447
0.585325
0.586196
0.587062
0.587922
0.588776
0.589624
0.590466
0.591303
0.592133
0.592958
0.593776
0.594589
0.595396
0.596196
0.596991
0.597780
0.598563
0.599340
0.600111
0.600876
0.601635
0.602388
0.603135
0.603876
0.604611
0.605340
0.606063
0.606780
0.607491
0.608196
0.608895
0.609588
0.610275
0.610956
0.611630
0.612299
0.612961
0.613618
0.614268
0.614912
0.615551
0.616183
0.616809
0.617428
0.618042
0.618650
0.619251
0.619847
0.620436
0.621019
0.621596
0.622167
0.622731
0.623290
0.623842
0.624388
0.624928
0.625462
0.625990
0.626511
0.627027
0.627536
0.628039
0.628536
0.629026
0.629510
0.629989
0.630460
0.630926
0.631386
0.631839
0.632286
0.632727
0.633161
0.633590
0.634012
0.634428
0.634837
0.635241
0.635638
0.636029
0.636414
0.636792
0.637164
0.637530
0.637890
0.638243
0.638590
0.638931
0.639265
0.639594
0.639916
0.640231
0.640541
0.640844
0.641141
0.641431
0.641715
0.641993
0.642265
0.642531
0.642790
0.643042
0.643289
0.643529
0.643763
0.643991
0.644212
0.644427
0.644636
0.644838
0.645034
0.645224
0.645407
0.645584
0.645755
0.645920
0.646078
0.646230
0.646375
0.646515
0.646648
0.646774
0.646894
0.647008
0.647116
0.647217
0.647312
0.647401
0.647484
0.647560
0.647629
0.647693
0.647750
0.647801
0.647845
0.647883
0.647915
0.647941
0.647960
0.647973
0.647980
0.647980
0.647974
0.647962
0.647943
0.647918
0.647887
0.647849
0.647805
0.647755
0.652056
0.656164
0.660092
0.663847
0.667440
0.670877
0.674166
0.677314
0.680327
0.683210
0.685968
0.688607
0.691130
0.693541
0.695845
0.698045
0.700144
0.702145
0.704050
0.705864
0.707588
0.709224
0.710775
0.712243
0.713629
0.714937
0.716167
0.717322
0.718402
0.719411
0.720349
0.721217
0.722018
0.722752
0.723421
0.724027
0.724571
0.725053
0.725475
0.725839
0.726146
0.726396
0.726591
0.726732
0.726820
0.726857
0.726842
0.726778
0.726665
0.726505
0.726298
0.726045
0.725748
0.725406
0.725022
0.724596
0.724129
0.723623
0.723077
0.722492
0.721871
0.721212
0.720519
0.719790
0.719027
0.718231
0.717403
0.716543
0.715653
0.714732
0.713783
0.712804
0.711798
0.710765
0.709706
0.708621
0.707511
0.706377
0.705219
0.704039
0.702836
0.701612
0.700367
0.699102
0.697817
0.696513
0.695191
0.693851
0.692493
0.691119
0.689728
0.688322
0.686901
0.685466
0.684016
0.682553
0.681077
0.679588
0.678088
0.676576
0.675052
0.673518
0.671974
0.670420
0.668857
0.667285
0.665704
0.664115
0.662519
0.660915
0.659304
0.657686
0.656062
0.654433
0.652797
0.651157
0.649511
0.647861
0.646207
0.644549
0.642887
0.641221
0.639552
0.637881
0.636207
0.634530
0.632851
0.631171
0.629489
0.627805
0.626120
0.624434
0.622748
0.621060
0.619373
0.617685
0.615997
0.614309
0.612621
0.610934
0.609248
0.607562
0.605877
0.604193
0.602511
0.600830
0.599150
0.597471
0.595794
0.594120
0.592446
0.590775
0.589106
0.587439
0.585774
0.584112
0.582451
0.580794
0.579138
0.577486
0.575835
0.574188
0.572543
0.570901
0.569262
0.567625
0.565992
0.564361
0.562733
0.561109
0.559487
0.557868
0.556252
0.554639
0.553029
0.551422
0.549818
0.548217
0.546619
0.545024
0.543432
0.541843
0.540257
0.538674
0.537094
0.535517
0.533942
0.532371
0.530802
0.529236
0.527673
0.526113
0.524555
0.523000
0.521448
0.519898
0.518351
0.516806
0.515264
0.513725
0.512187
0.510652
0.509119
0.507589
0.506061
0.504534
0.503010
0.501488
0.499968
0.498450
0.496934
0.495420
0.493907
0.492396
0.490887
0.489379
0.487873
0.486368
0.484865
0.483363
0.481862
0.480363
0.478865
0.477367
0.475871
0.474376
0.472882
0.471389
0.469896
0.468404
0.466913
0.465423
0.463933
0.462443
0.460954
0.459466
0.457977
0.456489
0.455001
0.453513
0.452026
0.450538
0.449050
0.447562
0.446074
0.444586
0.443097
0.441608
0.440118
0.438629
0.437138
0.435647
0.434155
0.432663
0.431170
0.429676
0.428181
0.426685
0.425189
0.423691
0.422192
0.420692
0.419191
0.417689
0.416185
0.414680
0.413174
0.411666
0.410157
0.408646
0.407133
0.405620
0.404104
0.402587
0.401068
0.399547
0.398024
0.396499
0.394973
0.393445
0.391914
0.390382
0.388847
0.387311
0.385772
0.384231
0.382688
0.381143
0.379595
0.378045
0.376493
0.374938
0.373381
0.371822
0.370260
0.368695
0.367128
0.365559
0.363987
0.362412
0.360835
0.359255
0.357672
0.356087
0.354499
0.352908
0.351315
0.349718
0.348119
0.346517
0.344913
0.343305
0.341695
0.340081
0.338465
0.336846
0.335224
0.333599
0.331971
0.330340
0.328707
0.327070
0.325430
0.323787
0.322142
0.320493
0.318841
0.317186
0.315528
0.313867
0.312203
0.310536
0.308866
0.307193
0.305517
0.303838
0.302155
0.300470
0.298782
0.297090
0.295396
0.293698
0.291997
0.290294
0.288587
0.286877
0.285164
0.283448
0.281729
0.280007
0.278282
0.276554
0.274823
0.273089
0.271352
0.269611
0.267868
0.266122
0.264373
0.262621
0.260866
0.259108
0.257347
0.255584
0.253817
0.252047
0.250275
0.248499
0.246721
0.244940
0.243156
0.241369
0.239580
0.237788
0.235992
0.234195
0.232394
0.230591
0.228784
0.226976
0.225164
0.223350
0.221533
0.219714
0.217892
0.216067
0.214240
0.212410
0.210577
0.208742
0.206905
0.205065
0.203223
0.201378
0.199530
0.197681
0.195828
0.193974
0.192117
0.190258
0.188396
0.186533
0.184666
0.182798
0.180927
0.179055
0.177180
0.175302
0.173423
0.171542
0.169658
0.167772
0.165885
0.163995
0.162103
0.160209
0.158314
0.156416
0.154516
0.152615
0.150711
0.148806
0.146899
0.144990
0.143079
0.141167
0.139252
0.137336
0.135419
0.133499
0.131578
0.129656
0.127731
0.125805
0.123878
0.121949
0.120019
0.118087
0.116153
0.114218
0.112282
0.110345
0.108405
0.106465
0.104523
0.102580
0.100636
0.098691
0.096744
0.094796
0.092847
0.090896
0.088945
0.086992
0.085039
0.083084
0.081128
0.079172
0.077214
0.075255
0.073295
0.071335
0.069373
0.067411
0.065448
0.063484
0.061519
0.059553
0.057587
0.055620
0.053652
0.051683
0.049714
0.047745
0.045774
0.043803
0.041831
0.039859
0.037887
0.035914
0.033940
0.031966
0.029991
0.028016
0.026041
0.024065
0.022089
0.020113
0.018136
0.016160
0.014182
0.012205
0.010227
0.008250
0.006272
0.004294
0.002315
0.000337
-0.001641
-0.003620
-0.005598
-0.007576
-0.009555
-0.011533
-0.013512
-0.015490
-0.017468
-0.019446
-0.021424
-0.023401
-0.025379
-0.027356
-0.029333
-0.031310
-0.033287
-0.035263
-0.037239
-0.039214
-0.041190
-0.043164
-0.045139
-0.047113
-0.049086
-0.051059
-0.053032
-0.055004
-0.056976
-0.058947
-0.060917
-0.062887
-0.064856
-0.066825
-0.068793
-0.070760
-0.072727
-0.074693
-0.076658
-0.078622
-0.080586
-0.082549
-0.084511
-0.086472
-0.088432
-0.090392
-0.092350
-0.094308
-0.096265
-0.098221
-0.100176
-0.102129
-0.104082
-0.106034
-0.107985
-0.109935
-0.111883
-0.113831
-0.115777
-0.117722
-0.119666
-0.121609
-0.123551
-0.125491
-0.127431
-0.129369
-0.131305
-0.133241
-0.135175
-0.137108
-0.139039
-0.140969
-0.142898
-0.144825
-0.146751
-0.148675
-0.150598
-0.152520
-0.154440
-0.156358
-0.158275
-0.160190
-0.162104
-0.164016
-0.165927
-0.167836
-0.169743
-0.171649
-0.173553
-0.175455
-0.177355
-0.179254
-0.181151
-0.183047
-0.184940
-0.186832
-0.188722
-0.190610
-0.192496
-0.194380
-0.196263
-0.198143
-0.200022
-0.201898
-0.203773
-0.205646
-0.207517
-0.209385
-0.211252
-0.213117
-0.214979
-0.216840
-0.218698
-0.220554
-0.222408
-0.224260
-0.226110
-0.227958
-0.229803
-0.231646
-0.233487
-0.235326
-0.237162
-0.238997
-0.240828
-0.242658
-0.244485
-0.246310
-0.248133
-0.249953
-0.251770
-0.253586
-0.255398
-0.257209
-0.259017
-0.260822
-0.262625
-0.264426
-0.266223
-0.268019
-0.269812
-0.271602
-0.273389
-0.275174
-0.276957
-0.278736
-0.280513
-0.282288
-0.284059
-0.285828
-0.287594
-0.289358
-0.291119
-0.292877
-0.294632
-0.296384
-0.298134
-0.299880
-0.301624
-0.303365
-0.305103
-0.306838
-0.308570
-0.310300
-0.312026
-0.313749
-0.315470
-0.317187
-0.318902
-0.320613
-0.322321
-0.324027
-0.325729
-0.327428
-0.329124
-0.330817
-0.332507
-0.334193
-0.335877
-0.337557
-0.339234
-0.340908
-0.342579
-0.344246
-0.345910
-0.347571
-0.349228
-0.350883
-0.352534
-0.354181
-0.355826
-0.357466
-0.359104
-0.360738
-0.362369
-0.363996
-0.365620
-0.367240
-0.368857
-0.370471
-0.372081
-0.373687
-0.375290
-0.376890
-0.378486
-0.380078
-0.381667
-0.383252
-0.384833
-0.386411
-0.387985
-0.389556
-0.391123
-0.392686
-0.394246
-0.395801
-0.397354
-0.398902
-0.400447
-0.401987
-0.403524
-0.405058
-0.406587
-0.408113
-0.409635
-0.411153
-0.412667
-0.414177
-0.415683
-0.417185
-0.418684
-0.420178
-0.421669
-0.423156
-0.424638
-0.426117
-0.427592
-0.429062
-0.430529
-0.431991
-0.433450
-0.434904
-0.436355
-0.437801
-0.439243
-0.440681
-0.442115
-0.443545
-0.444970
-0.446392
-0.447809
-0.449222
-0.450631
-0.452035
-0.453436
-0.454832
-0.456223
-0.457611
-0.458994
-0.460373
-0.461748
-0.463118
-0.464484
-0.465845
-0.467203
-0.468555
-0.469904
-0.471248
-0.472587
-0.473922
-0.475253
-0.476579
-0.477901
-0.479218
-0.480531
-0.481840
-0.483143
-0.484443
-0.485737
-0.487027
-0.488313
-0.489594
-0.490870
-0.492142
-0.493409
-0.494672
-0.495930
-0.497183
-0.498432
-0.499676
-0.500915
-0.502149
-0.503379
-0.504604
-0.505825
-0.507040
-0.508251
-0.509457
-0.510659
-0.511855
-0.513047
-0.514234
-0.515416
-0.516593
-0.517766
-0.518933
-0.520096
-0.521254
-0.522407
-0.523555
-0.524698
-0.525836
-0.526969
-0.528098
-0.529221
-0.530339
-0.531453
-0.532561
-0.533665
-0.534763
-0.535857
-0.536945
-0.538028
-0.539107
-0.540180
-0.541248
-0.542311
-0.543369
-0.544422
-0.545470
-0.546512
-0.547550
-0.548582
-0.549610
-0.550632
-0.551649
-0.552660
-0.553667
-0.554668
-0.555664
-0.556655
-0.557641
-0.558621
-0.559597
-0.560566
-0.561531
-0.562491
-0.563445
-0.564393
-0.565337
-0.566275
-0.567208
-0.568136
-0.569058
-0.569975
-0.570886
-0.571792
-0.572693
-0.573588
-0.574478
-0.575363
-0.576242
-0.577116
-0.577984
-0.578847
-0.579704
-0.580556
-0.581403
-0.582244
-0.583079
-0.583910
-0.584734
-0.585553
-0.586367
-0.587175
-0.587977
-0.588774
-0.589566
-0.590351
-0.591132
-0.591906
-0.592676
-0.593439
-0.594197
-0.594950
-0.595696
-0.596437
-0.597173
-0.597903
-0.598627
-0.599346
-0.600059
-0.600766
-0.601468
-0.602164
-0.602854
-0.603538
-0.604217
-0.604890
-0.605558
-0.606220
-0.606876
-0.607526
-0.608170
-0.608809
-0.609442
-0.610070
-0.610691
-0.611307
-0.611917
-0.612521
-0.613119
-0.613712
-0.614299
-0.614880
-0.615455
-0.616024
-0.616588
-0.617145
-0.617697
-0.618243
-0.618783
-0.619318
-0.619846
-0.620368
-0.620885
-0.621396
-0.621901
-0.622400
-0.622893
-0.623380
-0.623861
-0.624336
-0.624806
-0.625269
-0.625727
-0.626178
-0.626624
-0.627064
-0.627498
-0.627925
-0.628347
-0.628763
-0.629173
-0.629577
-0.629975
-0.630366
-0.630752
-0.631132
-0.631506
-0.631874
-0.632236
-0.632592
-0.632942
-0.633285
-0.633623
-0.633955
-0.634280
-0.634600
-0.634914
-0.635221
-0.635523
-0.635818
-0.636107
-0.636391
-0.636668
-0.636939
-0.637204
-0.637463
-0.637716
-0.637962
-0.638203
-0.638437
-0.638666
-0.638888
-0.639104
-0.639314
-0.639518
-0.639716
-0.639908
-0.640093
-0.640273
-0.640446
-0.640613
-0.640774
-0.640929
-0.641078
-0.641220
-0.641356
-0.641487
-0.641567
-0.641690
-0.641805
-0.641914
-0.642017
-0.642113
-0.642202
-0.642286
-0.642362
-0.642392
-0.642460
-0.642521
-0.642575
-0.642623
-0.642664
-0.642699
-0.642688
-0.642714
-0.642732
-0.642744
-0.642749
-0.642747
-0.642701
-0.642690
-0.642672
-0.642646
-0.642614
-0.642540
-0.642498
-0.642449
-0.642393
-0.642331
-0.642226
-0.642153
-0.642073
-0.641987
-0.641859
-0.641762
-0.641657
-0.641546
-0.641394
-0.641273
-0.641144
-0.641008
-0.640832
-0.640686
-0.640532
-0.640372
-0.640171
-0.640000
-0.639822
-0.639636
-0.639411
-0.639215
-0.639012
-0.638769
-0.638555
-0.638333
-0.638105
-0.637837
-0.637598
-0.637351
-0.637065
-0.636808
-0.636543
-0.636271
-0.635960
-0.635677
-0.635387
-0.635058
-0.634757
-0.634449
-0.634133
-0.633778
-0.633452
-0.633119
-0.632745
-0.632401
-0.632049
-0.631657
-0.631295
-0.630925
-0.630548
-0.630130
-0.629742
-0.629347
-0.628911
-0.628505
-0.628091
-0.627671
-0.627208
-0.626777
-0.626339
-0.625858
-0.625408
-0.624952
-0.624488
-0.623981
-0.623506
-0.623024
-0.622499
-0.622006
-0.621507
-0.621000
-0.620448
-0.619930
-0.619405
-0.618873
-0.618295
-0.617753
-0.617203
-0.616647
-0.616043
-0.615476
-0.614901
-0.614320
-0.613690
-0.613098
-0.612499
-0.611893
-0.611237
-0.610621
-0.609998
-0.609367
-0.608729
-0.608040
-0.607392
-0.606738
-0.606076
-0.605406
-0.604684
-0.604006
-0.603320
-0.602627
-0.601927
-0.601220
-0.600458
-0.599742
-0.599019
-0.598289
-0.597552
-0.596808
-0.596056
-0.595246
-0.594487
-0.593721
-0.592948
-0.592167
-0.591380
-0.590585
-0.589784
-0.588976
-0.588161
-0.587340
-0.586512
-0.585678
-0.584837
-0.583990
-0.583136
-0.582276
-0.581410
-0.580537
-0.579659
-0.578773
-0.577882
-0.576985
-0.576081
-0.575171
-0.574255
-0.573333
-0.572405
-0.571471
-0.570531
-0.569584
-0.568632
-0.567674
-0.566709
-0.565739
-0.564763
-0.563780
-0.562792
-0.561798
-0.560798
-0.559792
-0.558780
-0.557762
-0.556738
-0.555709
-0.554673
-0.553632
-0.552585
-0.551532
-0.550473
-0.549408
-0.548338
-0.547261
-0.546179
-0.545092
-0.543998
-0.542899
-0.541793
-0.540682
-0.539566
-0.538443
-0.537315
-0.536182
-0.535042
-0.533897
-0.532746
-0.531589
-0.530427
-0.529259
-0.528086
-0.526907
-0.525722
-0.524532
-0.523336
-0.522134
-0.520927
-0.519714
-0.518496
-0.517272
-0.516043
-0.514808
-0.513567
-0.512321
-0.511070
-0.509813
-0.508550
-0.507283
-0.506009
-0.504730
-0.503446
-0.502156
-0.500861
-0.499561
-0.498255
-0.496944
-0.495627
-0.494305
-0.492977
-0.491645
-0.490307
-0.488963
-0.487615
-0.486261
-0.484901
-0.483537
-0.482167
-0.480792
-0.479412
-0.478026
-0.476636
-0.475240
-0.473839
-0.472433
-0.471021
-0.469605
-0.468183
-0.466756
-0.465324
-0.463887
-0.462445
-0.460998
-0.459546
-0.458089
-0.456627
-0.455160
-0.453687
-0.452210
-0.450728
-0.449241
-0.447749
-0.446252
-0.444750
-0.443243
-0.441731
-0.440215
-0.438693
-0.437167
-0.435636
-0.434100
-0.432559
-0.431014
-0.429463
-0.427908
-0.426349
-0.424784
-0.423215
-0.421641
-0.420062
-0.418479
-0.416891
-0.415299
-0.413702
-0.412100
-0.410494
-0.408883
-0.407268
-0.405648
-0.404023
-0.402394
-0.400761
-0.399123
-0.397481
-0.395834
-0.394183
-0.392528
-0.390868
-0.389203
-0.387535
-0.385862
-0.384185
-0.382503
-0.380817
-0.379127
-0.377433
-0.375734
-0.374032
-0.372325
-0.370614
-0.368898
-0.367179
-0.365456
-0.363728
-0.361996
-0.360261
-0.358521
-0.356777
-0.355030
-0.353278
-0.351522
-0.349763
-0.347999
-0.346232
-0.344460
-0.342685
-0.340906
-0.339124
-0.337337
-0.335547
-0.333752
-0.331955
-0.330153
-0.328348
-0.326539
-0.324726
-0.322910
-0.321090
-0.319266
-0.317439
-0.315609
-0.313775
-0.311937
-0.310096
-0.308251
-0.306403
-0.304551
-0.302697
-0.300838
-0.298977
-0.297112
-0.295243
-0.293372
-0.291497
-0.289618
-0.287737
-0.285852
-0.283965
-0.282074
-0.280179
-0.278282
-0.276382
-0.274478
-0.272572
-0.270662
-0.268750
-0.266834
-0.264916
-0.262994
-0.261070
-0.259143
-0.257212
-0.255279
-0.253344
-0.251405
-0.249464
-0.247519
-0.245573
-0.243623
-0.241671
-0.239716
-0.237758
-0.235798
-0.233835
-0.231869
-0.229901
-0.227931
-0.225958
-0.223982
-0.222004
-0.220024
-0.218041
-0.216056
-0.214069
-0.212079
-0.210086
-0.208092
-0.206095
-0.204096
-0.202095
-0.200092
-0.198086
-0.196078
-0.194069
-0.192057
-0.190043
-0.188027
-0.186009
-0.183989
-0.181967
-0.179943
-0.177917
-0.175889
-0.173859
-0.171828
-0.169795
-0.167759
-0.165723
-0.163684
-0.161644
-0.159601
-0.157558
-0.155512
-0.153465
-0.151417
-0.149366
-0.147315
-0.145261
-0.143207
-0.141150
-0.139093
-0.137033
-0.134973
-0.132911
-0.130848
-0.128783
-0.126717
-0.124650
-0.122581
-0.120512
-0.118441
-0.116369
-0.114296
-0.112221
-0.110146
-0.108069
-0.105992
-0.103913
-0.101834
-0.099753
-0.097672
-0.095589
-0.093506
-0.091422
-0.089336
-0.087251
-0.085164
-0.083076
-0.080988
-0.078899
-0.076809
-0.074719
-0.072628
-0.070536
-0.068444
-0.066351
-0.064258
-0.062164
-0.060070
-0.057975
-0.055880
-0.053784
-0.051688
-0.049591
-0.047494
-0.045397
-0.043299
-0.041202
-0.039103
-0.037005
-0.034907
-0.032808
-0.030709
-0.028610
-0.026511
-0.024412
-0.022313
-0.020213
-0.018114
-0.016015
-0.013916
-0.011816
-0.009717
-0.007618
-0.005520
-0.003421
-0.001322
0.000776
0.002874
0.004972
0.007069
0.009166
0.011263
0.013360
0.015456
0.017552
0.019647
0.021742
0.023836
0.025930
0.028024
0.030116
0.032209
0.034300
0.036391
0.038482
0.040572
0.042661
0.044749
0.046837
0.048924
0.051010
0.053095
0.055180
0.057263
0.059346
0.061428
0.063509
0.065589
0.067668
0.069746
0.071823
0.073899
0.075974
0.078048
0.080121
0.082193
0.084263
0.086333
0.088401
0.090468
0.092534
0.094598
0.096661
0.098723
0.100784
0.102843
0.104901
0.106958
0.109013
0.111066
0.113119
0.115169
0.117219
0.119266
0.121312
0.123357
0.125400
0.127441
0.129481
0.131519
0.133556
0.135591
0.137624
0.139655
0.141684
0.143712
0.145738
0.147762
0.149785
0.151805
0.153824
0.155840
0.157855
0.159868
0.161879
0.163888
0.165895
0.167899
0.169902
0.171903
0.173901
0.175898
0.177892
0.179885
0.181875
0.183863
0.185848
0.187832
0.189813
0.191792
0.193768
0.195743
0.197715
0.199684
0.201652
0.203616
0.205579
0.207539
0.209497
0.211452
0.213404
0.215355
0.217302
0.219247
0.221190
0.223130
0.225067
0.227002
0.228934
0.230863
0.232790
0.234714
0.236636
0.238554
0.240470
0.242383
0.244293
0.246201
0.248106
0.250007
0.251906
0.253803
0.255696
0.257586
0.259473
0.261358
0.263239
0.265118
0.266993
0.268866
0.270735
0.272601
0.274465
0.276325
0.278182
0.280036
0.281887
0.283734
0.285579
0.287420
0.289258
0.291093
0.292924
0.294753
0.296578
0.298399
0.300218
0.302033
0.303845
0.305653
0.307458
0.309259
0.311058
0.312852
0.314643
0.316431
0.318216
0.319996
0.321774
0.323547
0.325318
0.327084
0.328847
0.330607
0.332363
0.334115
0.335864
0.337608
0.339350
0.341087
0.342821
0.344551
0.346278
0.348000
0.349719
0.351434
0.353145
0.354853
0.356557
0.358256
0.359952
0.361644
0.363332
0.365017
0.366697
0.368373
0.370046
0.371714
0.373379
0.375039
0.376696
0.378348
0.379996
0.381641
0.383281
0.384917
0.386549
0.388177
0.389801
0.391421
0.393036
0.394648
0.396255
0.397858
0.399457
0.401051
0.402641
0.404228
0.405809
0.407387
0.408960
0.410529
0.412093
0.413654
0.415209
0.416761
0.418308
0.419851
0.421389
0.422923
0.424452
0.425977
0.427498
0.429014
0.430526
0.432033
0.433535
0.435033
0.436527
0.438016
0.439500
0.440980
0.442455
0.443926
0.445392
0.446853
0.448310
0.449762
0.451209
0.452652
0.454090
0.455524
0.456952
0.458376
0.459795
0.461210
0.462619
0.464024
0.465424
0.466819
0.468210
0.469595
0.470976
0.472352
0.473723
0.475089
0.476451
0.477807
0.479159
0.480505
0.481847
0.483184
0.484516
0.485842
0.487164
0.488481
0.489793
0.491100
0.492401
0.493698
0.494990
0.496277
0.497558
0.498835
0.500106
0.501373
0.502634
0.503890
0.505141
0.506387
0.507627
0.508863
0.510093
0.511319
0.512539
0.513753
0.514963
0.516167
0.517366
0.518560
0.519749
0.520932
0.522110
0.523283
0.524450
0.525613
0.526769
0.527921
0.529067
0.530208
0.531344
0.532474
0.533599
0.534718
0.535832
0.536940
0.538044
0.539141
0.540234
0.541321
0.542402
0.543478
0.544549
0.545614
0.546673
0.547727
0.548776
0.549819
0.550857
0.551889
0.552915
0.553936
0.554951
0.555961
0.556965
0.557964
0.558957
0.559945
0.560926
0.561903
0.562873
0.563838
0.564798
0.565752
0.566700
0.567642
0.568579
0.569510
0.570435
0.571355
0.572269
0.573177
0.574080
0.574977
0.575868
0.576753
0.577633
0.578507
0.579375
0.580237
0.581094
0.581945
0.582790
0.583629
0.584462
0.585290
0.586112
0.586928
0.587738
0.588542
0.589340
0.590133
0.590920
0.591701
0.592476
0.593245
0.594008
0.594765
0.595517
0.596263
0.597002
0.597736
0.598464
0.599186
0.599902
0.600612
0.601316
0.602014
0.602706
0.603393
0.604073
0.604747
0.605415
0.606078
0.606734
0.607385
0.608029
0.608667
0.609300
0.609926
0.610546
0.611161
0.611769
0.612371
0.612967
0.613557
0.614142
0.614720
0.615292
0.615858
0.616417
0.616971
0.617519
0.618061
0.618596
0.619126
0.619649
0.620166
0.620678
0.621183
0.621682
0.622174
0.622661
0.623142
0.623616
0.624085
0.624547
0.625003
0.625453
0.625897
0.626335
0.626766
0.627191
0.627611
0.628024
0.628431
0.628831
0.629226
0.629614
0.629997
0.630373
0.630742
0.631106
0.631464
0.631815
0.632160
0.632499
0.632832
0.633158
0.633479
0.633793
0.634101
0.634402
0.634698
0.634987
0.635270
0.635547
0.635818
0.636082
0.636340
0.636592
0.636838
0.637078
0.637311
0.637538
0.637759
0.637974
0.638182
0.638384
0.638580
0.638770
0.638953
0.639130
0.639301
0.639466
0.639625
0.639777
0.639923
0.640063
0.640196
0.640323
0.640444
0.640559
0.640668
0.640770
0.640866
0.640956
0.641039
0.641117
0.641188
0.641253
0.641311
0.641363
0.641409
0.641449
0.641483
0.641510
0.641531
0.641546
0.641555
0.641557
0.641553
0.641543
0.641526
0.641504
0.641475
0.641440
0.641398
0.641351
0.641297
0.641237
0.641171
0.641098
0.641019
0.640934
0.640843
0.640746
0.640642
0.640532
0.640416
0.640294
0.640165
0.640030
0.639889
0.639742
0.639589
0.639429
0.639263
0.639091
0.638913
0.638728
0.638538
0.638341
0.638138
0.637929
0.637713
0.637491
0.637264
0.637030
0.636790
0.636543
0.636291
0.636032
0.635767
0.635496
0.635219
0.634936
0.634646
0.634351
0.634049
0.633741
0.633427
0.633107
0.632781
0.632448
0.632110
0.631765
0.631414
0.631057
0.630694
0.630325
0.629950
0.629569
0.629181
0.628788
0.628388
0.627983
0.627571
0.627153
0.626729
0.626299
0.625863
0.625421
0.624973
0.624519
0.624059
0.623593
0.623121
0.622642
0.622158
0.621668
0.621172
0.620669
0.620161
0.619647
0.619127
0.618601
0.618068
0.617530
0.616986
0.616436
0.615880
0.615318
0.614750
0.614176
0.613597
0.613011
0.612419
0.611822
0.611218
0.610609
0.609994
0.609373
0.608746
0.608113
0.607475
0.606830
0.606180
0.605523
0.604861
0.604193
0.603520
0.602840
0.602155
0.601464
0.600767
0.600064
0.599356
0.598641
0.597921
0.597196
0.596464
0.595727
0.594984
0.594235
0.593481
0.592720
0.591955
0.591183
0.590406
0.589623
0.588834
0.588040
0.587240
0.586434
0.585623
0.584806
0.583984
0.583156
0.582322
0.581483
0.580638
0.579788
0.578932
0.578070
0.577203
0.576330
0.575452
0.574568
0.573679
0.572784
0.571884
0.570978
0.570067
0.569150
0.568228
0.567300
0.566367
0.565429
0.564485
0.563535
0.562581
0.561620
0.560655
0.559684
0.558708
0.557726
0.556739
0.555747
0.554749
0.553746
0.552738
0.551724
0.550705
0.549681
0.548652
0.547617
0.546577
0.545532
0.544481
0.543426
0.542365
0.541299
0.540228
0.539151
0.538070
0.536983
0.535891
0.534794
0.533692
0.532585
0.531473
0.530356
0.529233
0.528106
0.526973
0.525835
0.524693
0.523545
0.522393
0.521235
0.520072
0.518905
0.517732
0.516555
0.515372
0.514185
0.512993
0.511795
0.510593
0.509386
0.508175
0.506958
0.505736
0.504510
0.503279
0.502043
0.500802
0.499557
0.498306
0.497051
0.495792
0.494527
0.493258
0.491984
0.490705
0.489422
0.488134
0.486841
0.485544
0.484242
0.482936
0.481624
0.480309
0.478988
0.477664
0.476334
0.475000
0.473662
0.472319
0.470971
0.469619
0.468263
0.466902
0.465537
0.464167
0.462793
0.461414
0.460031
0.458644
0.457252
0.455856
0.454455
0.453051
0.451642
0.450228
0.448811
0.447389
0.445963
0.444532
0.443098
0.441659
0.440216
0.438768
0.437317
0.435862
0.434402
0.432938
0.431470
0.429998
0.428522
0.427042
0.425558
0.424069
0.422577
0.421081
0.419581
0.418076
0.416568
0.415056
0.413540
0.412020
0.410496
0.408968
0.407436
0.405901
0.404361
0.402818
0.401271
0.399720
0.398165
0.396607
0.395045
0.393479
0.391909
0.390336
0.388759
0.387178
0.385593
0.384005
0.382414
0.380818
0.379219
0.377617
0.376011
0.374401
0.372788
0.371171
0.369551
0.367927
0.366300
0.364670
0.363035
0.361398
0.359757
0.358113
0.356465
0.354814
0.353159
0.351502
0.349841
0.348176
0.346508
0.344838
0.343163
0.341486
0.339805
0.338121
0.336434
0.334744
0.333051
0.331354
0.329655
0.327952
0.326246
0.324537
0.322825
0.321110
0.319392
0.317671
0.315947
0.314220
0.312490
0.310757
0.309021
0.307282
0.305541
0.303796
0.302049
0.300299
0.298546
0.296790
0.295031
0.293270
0.291506
0.289739
0.287969
0.286197
0.284422
0.282644
0.280864
0.279081
0.277295
0.275507
0.273716
0.271923
0.270127
0.268329
0.266528
0.264724
0.262918
0.261110
0.259299
0.257486
0.255670
0.253852
0.252031
0.250209
0.248384
0.246556
0.244726
0.242894
0.241060
0.239223
0.237384
0.235543
0.233700
0.231855
0.230007
0.228157
0.226305
0.224451
0.222595
0.220737
0.218877
0.217015
0.215150
0.213284
0.211416
0.209545
0.207673
0.205799
0.203923
0.202045
0.200165
0.198283
0.196400
0.194515
0.192627
0.190738
0.188848
0.186955
0.185061
0.183165
0.181267
0.179368
0.177467
0.175564
0.173660
0.171754
0.169846
0.167937
0.166027
0.164114
0.162201
0.160286
0.158369
0.156451
0.154531
0.152610
0.150688
0.148764
0.146839
0.144912
0.142984
0.141055
0.139125
0.137193
0.135260
0.133325
0.131390
0.129453
0.127515
0.125576
0.123636
0.121694
0.119752
0.117808
0.115864
0.113918
0.111971
0.110023
0.108075
0.106125
0.104174
0.102222
0.100270
0.098316
0.096361
0.094406
0.092450
0.090493
0.088535
0.086576
0.084617
0.082657
0.080696
0.078734
0.076772
0.074808
0.072845
0.070880
0.068915
0.066950
0.064983
0.063016
0.061049
0.059081
0.057113
0.055144
0.053174
0.051204
0.049234
0.047263
0.045292
0.043320
0.041348
0.039376
0.037403
0.035430
0.033456
0.031483
0.029509
0.027535
0.025560
0.023586
0.021611
0.019636
0.017661
0.015686
0.013711
0.011735
0.009760
0.007784
0.005808
0.003833
0.001857
-0.000118
-0.002094
-0.004070
-0.006045
-0.008020
-0.009996
-0.011971
-0.013946
-0.015921
-0.017895
-0.019870
-0.021844
-0.023818
-0.025792
-0.027765
-0.029738
-0.031711
-0.033684
-0.035656
-0.037628
-0.039599
-0.041570
-0.043541
-0.045511
-0.047481
-0.049450
-0.051419
-0.053387
-0.055355
-0.057322
-0.059289
-0.061255
-0.063220
-0.065185
-0.067149
-0.069112
-0.071075
-0.073037
-0.074998
-0.076959
-0.078919
-0.080878
-0.082836
-0.084794
-0.086751
-0.088706
-0.090661
-0.092615
-0.094569
-0.096521
-0.098472
-0.100423
-0.102372
-0.104320
-0.106268
-0.108214
-0.110160
-0.112104
-0.114047
-0.115989
-0.117930
-0.119870
-0.121809
-0.123746
-0.125682
-0.127617
-0.129551
-0.131484
-0.133415
-0.135345
-0.137274
-0.139202
-0.141128
-0.143053
-0.144976
-0.146898
-0.148819
-0.150738
-0.152656
-0.154572
-0.156487
-0.158400
-0.160312
-0.162222
-0.164131
-0.166038
-0.167944
-0.169848
-0.171750
-0.173651
-0.175550
-0.177447
-0.179343
-0.181237
-0.183129
-0.185020
-0.186908
-0.188795
-0.190680
-0.192564
-0.194445
-0.196325
-0.198203
-0.200079
-0.201953
-0.203825
-0.205695
-0.207563
-0.209430
-0.211294
-0.213156
-0.215016
-0.216874
-0.218731
-0.220585
-0.222437
-0.224286
-0.226134
-0.227980
-0.229823
-0.231664
-0.233504
-0.235340
-0.237175
-0.239007
-0.240837
-0.242665
-0.244491
-0.246314
-0.248135
-0.249953
-0.251769
-0.253583
-0.255395
-0.257204
-0.259010
-0.260814
-0.262616
-0.264415
-0.266212
-0.268006
-0.269797
-0.271586
-0.273373
-0.275157
-0.276938
-0.278717
-0.280493
-0.282266
-0.284037
-0.285805
-0.287570
-0.289333
-0.291093
-0.292850
-0.294604
-0.296356
-0.298105
-0.299851
-0.301594
-0.303334
-0.305071
-0.306806
-0.308538
-0.310267
-0.311992
-0.313715
-0.315435
-0.317152
-0.318866
-0.320577
-0.322285
-0.323990
-0.325692
-0.327391
-0.329087
-0.330779
-0.332469
-0.334155
-0.335838
-0.337518
-0.339195
-0.340869
-0.342539
-0.344207
-0.345871
-0.347531
-0.349189
-0.350843
-0.352494
-0.354142
-0.355786
-0.357427
-0.359064
-0.360699
-0.362329
-0.363957
-0.365581
-0.367201
-0.368818
-0.370432
-0.372042
-0.373649
-0.375252
-0.376851
-0.378447
-0.380040
-0.381629
-0.383214
-0.384796
-0.386374
-0.387948
-0.389519
-0.391086
-0.392649
-0.394209
-0.395765
-0.397318
-0.398866
-0.400411
-0.401952
-0.403490
-0.405023
-0.406553
-0.408079
-0.409601
-0.411119
-0.412633
-0.414144
-0.415651
-0.417153
-0.418652
-0.420147
-0.421638
-0.423125
-0.424608
-0.426087
-0.427562
-0.429033
-0.430500
-0.431963
-0.433421
-0.434876
-0.436327
-0.437773
-0.439216
-0.440654
-0.442089
-0.443519
-0.444945
-0.446366
-0.447784
-0.449197
-0.450606
-0.452011
-0.453412
-0.454808
-0.456200
-0.457588
-0.458972
-0.460351
-0.461726
-0.463097
-0.464463
-0.465825
-0.467182
-0.468535
-0.469884
-0.471229
-0.472568
-0.473904
-0.475235
-0.476561
-0.477884
-0.479201
-0.480514
-0.481823
-0.483127
-0.484427
-0.485722
-0.487012
-0.488298
-0.489579
-0.490856
-0.492128
-0.493395
-0.494658
-0.495917
-0.497170
-0.498419
-0.499663
-0.500903
-0.502137
-0.503368
-0.504593
-0.505814
-0.507030
-0.508241
-0.509447
-0.510649
-0.511845
-0.513037
-0.514225
-0.515407
-0.516584
-0.517757
-0.518925
-0.520088
-0.521246
-0.522399
-0.523547
-0.524691
-0.525829
-0.526963
-0.528091
-0.529215
-0.530333
-0.531447
-0.532556
-0.533659
-0.534758
-0.535851
-0.536940
-0.538024
-0.539102
-0.540175
-0.541244
-0.542307
-0.543365
-0.544418
-0.545466
-0.546509
-0.547547
-0.548579
-0.549607
-0.550629
-0.551646
-0.552658
-0.553664
-0.554666
-0.555662
-0.556653
-0.557639
-0.558620
-0.559595
-0.560565
-0.561530
-0.562489
-0.563444
-0.564392
-0.565336
-0.566274
-0.567207
-0.568135
-0.569057
-0.569974
-0.570886
-0.571792
-0.572693
-0.573588
-0.574478
-0.575363
-0.576242
-0.577116
-0.577984
-0.578847
-0.579705
-0.580557
-0.581403
-0.582245
-0.583080
-0.583910
-0.584735
-0.585554
-0.586368
-0.587176
-0.587978
-0.588775
-0.589567
-0.590353
-0.591133
-0.591908
-0.592677
-0.593440
-0.594198
-0.594951
-0.595698
-0.596439
-0.597174
-0.597904
-0.598629
-0.599347
-0.600060
-0.600768
-0.601469
-0.602165
-0.602855
-0.603540
-0.604219
-0.604892
-0.605560
-0.606221
-0.606877
-0.607528
-0.608172
-0.608811
-0.609444
-0.610071
-0.610693
-0.611309
-0.611919
-0.612523
-0.613121
-0.613714
-0.614301
-0.614882
-0.615457
-0.616026
-0.616590
-0.617147
-0.617699
-0.618245
-0.618785
-0.619319
-0.619848
-0.620370
-0.620887
-0.621398
-0.621902
-0.622401
-0.622894
-0.623382
-0.623863
-0.624338
-0.624808
-0.625271
-0.625729
-0.626180
-0.626626
-0.627065
-0.627499
-0.627927
-0.628349
-0.628764
-0.629174
-0.629578
-0.629976
-0.630368
-0.630754
-0.631134
-0.631508
-0.631875
-0.632237
-0.632593
-0.632943
-0.633287
-0.633624
-0.633956
-0.634282
-0.634601
-0.634915
-0.635222
-0.635524
-0.635819
-0.636109
-0.636392
-0.636669
-0.636940
-0.637205
-0.637464
-0.637717
-0.637963
-0.638204
-0.638438
-0.638667
-0.638889
-0.639105
-0.639315
-0.639519
-0.639717
-0.639909
-0.640094
-0.640274
-0.640447
-0.640614
-0.640775
-0.640930
-0.641078
-0.641221
-0.641357
-0.641487
-0.641568
-0.641690
-0.641806
-0.641915
-0.642018
-0.642114
-0.642203
-0.642286
-0.642363
-0.642393
-0.642461
-0.642522
-0.642576
-0.642624
-0.642665
-0.642700
-0.642689
-0.642714
-0.642733
-0.642744
-0.642749
-0.642748
-0.642702
-0.642691
-0.642672
-0.642647
-0.642615
-0.642540
-0.642498
-0.642449
-0.642394
-0.642331
-0.642226
-0.642154
-0.642074
-0.641987
-0.641859
-0.641762
-0.641658
-0.641547
-0.641395
-0.641273
-0.641144
-0.641009
-0.640833
-0.640686
-0.640533
-0.640372
-0.640172
-0.640000
-0.639822
-0.639637
-0.639412
-0.639215
-0.639012
-0.638769
-0.638555
-0.638334
-0.638105
-0.637837
-0.637598
-0.637352
-0.637066
-0.636808
-0.636543
-0.636272
-0.635960
-0.635678
-0.635388
-0.635058
-0.634757
-0.634449
-0.634134
-0.633779
-0.633453
-0.633119
-0.632746
-0.632402
-0.632050
-0.631658
-0.631295
-0.630925
-0.630548
-0.630131
-0.629743
-0.629348
-0.628911
-0.628505
-0.628092
-0.627671
-0.627209
-0.626778
-0.626339
-0.625858
-0.625409
-0.624952
-0.624488
-0.623981
-0.623507
-0.623025
-0.622499
-0.622007
-0.621507
-0.621000
-0.620448
-0.619931
-0.619406
-0.618874
-0.618296
-0.617754
-0.617204
-0.616647
-0.616043
-0.615476
-0.614902
-0.614320
-0.613690
-0.613099
-0.612500
-0.611894
-0.611238
-0.610622
-0.609998
-0.609368
-0.608730
-0.608040
-0.607393
-0.606738
-0.606077
-0.605407
-0.604685
-0.604007
-0.603321
-0.602628
-0.601928
-0.601221
-0.600459
-0.599743
-0.599020
-0.598290
-0.597553
-0.596809
-0.596057
-0.595247
-0.594488
-0.593722
-0.592949
-0.592168
-0.591381
-0.590586
-0.589785
-0.588977
-0.588163
-0.587341
-0.586514
-0.585679
-0.584838
-0.583991
-0.583138
-0.582278
-0.581411
-0.580539
-0.579660
-0.578775
-0.577884
-0.576986
-0.576082
-0.575173
-0.574257
-0.573335
-0.572406
-0.571472
-0.570532
-0.569586
-0.568633
-0.567675
-0.566711
-0.565740
-0.564764
-0.563782
-0.562794
-0.561799
-0.560799
-0.559793
-0.558781
-0.557764
-0.556740
-0.555710
-0.554675
-0.553634
-0.552586
-0.551533
-0.550475
-0.549410
-0.548339
-0.547263
-0.546181
-0.545093
-0.544000
-0.542900
-0.541795
-0.540684
-0.539568
-0.538445
-0.537317
-0.536183
-0.535044
-0.533899
-0.532748
-0.531591
-0.530429
-0.529261
-0.528088
-0.526909
-0.525724
-0.524534
-0.523338
-0.522136
-0.520929
-0.519716
-0.518498
-0.517274
-0.516045
-0.514810
-0.513569
-0.512323
-0.511072
-0.509815
-0.508553
-0.507285
-0.506011
-0.504732
-0.503448
-0.502158
-0.500863
-0.499563
-0.498257
-0.496946
-0.495629
-0.494307
-0.492980
-0.491647
-0.490309
-0.488966
-0.487617
-0.486263
-0.484904
-0.483539
-0.482169
-0.480794
-0.479414
-0.478029
-0.476638
-0.475242
-0.473841
-0.472435
-0.471024
-0.469607
-0.468185
-0.466759
-0.465327
-0.463890
-0.462448
-0.461001
-0.459549
-0.458091
-0.456629
-0.455162
-0.453690
-0.452213
-0.450730
-0.449243
-0.447751
-0.446254
-0.444752
-0.443245
-0.441734
-0.440217
-0.438696
-0.437169
-0.435638
-0.434102
-0.432562
-0.431016
-0.429466
-0.427911
-0.426351
-0.424787
-0.423218
-0.421644
-0.420065
-0.418482
-0.416894
-0.415302
-0.413705
-0.412103
-0.410497
-0.408886
-0.407270
-0.405651
-0.404026
-0.402397
-0.400764
-0.399126
-0.397484
-0.395837
-0.394186
-0.392530
-0.390870
-0.389206
-0.387538
-0.385865
-0.384187
-0.382506
-0.380820
-0.379130
-0.377436
-0.375737
-0.374034
-0.372328
-0.370616
-0.368901
-0.367182
-0.365458
-0.363731
-0.361999
-0.360264
-0.358524
-0.356780
-0.355033
-0.353281
-0.351525
-0.349766
-0.348002
-0.346235
-0.344464
-0.342688
-0.340909
-0.339127
-0.337340
-0.335550
-0.333756
-0.331958
-0.330156
-0.328351
-0.326542
-0.324729
-0.322913
-0.321093
-0.319269
-0.317442
-0.315612
-0.313778
-0.311940
-0.310099
-0.308254
-0.306406
-0.304555
-0.302700
-0.300841
-0.298980
-0.297115
-0.295246
-0.293375
-0.291500
-0.289622
-0.287740
-0.285856
-0.283968
-0.282077
-0.280183
-0.278285
-0.276385
-0.274482
-0.272575
-0.270666
-0.268753
-0.266837
-0.264919
-0.262998
-0.261073
-0.259146
-0.257216
-0.255283
-0.253347
-0.251408
-0.249467
-0.247523
-0.245576
-0.243626
-0.241674
-0.239719
-0.237761
-0.235801
-0.233838
-0.231873
-0.229905
-0.227934
-0.225961
-0.223986
-0.222008
-0.220027
-0.218045
-0.216059
-0.214072
-0.212082
-0.210090
-0.208095
-0.206099
-0.204100
-0.202098
-0.200095
-0.198090
-0.196082
-0.194072
-0.192060
-0.190046
-0.188030
-0.186012
-0.183992
-0.181970
-0.179946
-0.177920
-0.175892
-0.173863
-0.171831
-0.169798
-0.167763
-0.165726
-0.163687
-0.161647
-0.159605
-0.157561
-0.155516
-0.153469
-0.151420
-0.149370
-0.147318
-0.145265
-0.143210
-0.141154
-0.139096
-0.137037
-0.134976
-0.132914
-0.130851
-0.128787
-0.126721
-0.124653
-0.122585
-0.120515
-0.118444
-0.116372
-0.114299
-0.112225
-0.110149
-0.108073
-0.105995
-0.103917
-0.101837
-0.099757
-0.097675
-0.095593
-0.093509
-0.091425
-0.089340
-0.087254
-0.085167
-0.083080
-0.080992
-0.078903
-0.076813
-0.074723
-0.072632
-0.070540
-0.068448
-0.066355
-0.064262
-0.062168
-0.060073
-0.057978
-0.055883
-0.053787
-0.051691
-0.049595
-0.047498
-0.045400
-0.043303
-0.041205
-0.039107
-0.037009
-0.034910
-0.032812
-0.030713
-0.028614
-0.026515
-0.024415
-0.022316
-0.020217
-0.018118
-0.016018
-0.013919
-0.011820
-0.009721
-0.007622
-0.005523
-0.003424
-0.001326
0.000772
0.002870
0.004968
0.007066
0.009163
0.011260
0.013356
0.015452
0.017548
0.019643
0.021738
0.023833
0.025927
0.028020
0.030113
0.032205
0.034297
0.036388
0.038478
0.040568
0.042657
0.044746
0.046833
0.048920
0.051006
0.053092
0.055176
0.057260
0.059343
0.061425
0.063506
0.065586
0.067665
0.069743
0.071820
0.073896
0.075971
0.078045
0.080118
0.082189
0.084260
0.086329
0.088397
0.090464
0.092530
0.094595
0.096658
0.098720
0.100780
0.102840
0.104898
0.106954
0.109009
0.111063
0.113115
0.115166
0.117215
0.119263
0.121309
0.123354
0.125397
0.127438
0.129478
0.131516
0.133552
0.135587
0.137620
0.139651
0.141681
0.143709
0.145735
0.147759
0.149781
0.151802
0.153820
0.155837
0.157852
0.159865
0.161875
0.163884
0.165891
0.167896
0.169899
0.171899
0.173898
0.175895
0.177889
0.179881
0.181871
0.183859
0.185845
0.187828
0.189809
0.191788
0.193765
0.195739
0.197711
0.199681
0.201648
0.203613
0.205576
0.207536
0.209493
0.211448
0.213401
0.215351
0.217299
0.219244
0.221187
0.223126
0.225064
0.226999
0.228931
0.230860
0.232787
0.234711
0.236632
0.238551
0.240467
0.242380
0.244290
0.246198
0.248102
0.250004
0.251903
0.253799
0.255693
0.257583
0.259470
0.261355
0.263236
0.265115
0.266990
0.268863
0.270732
0.272598
0.274462
0.276322
0.278179
0.280033
0.281884
0.283731
0.285576
0.287417
0.289255
0.291090
0.292921
0.294750
0.296575
0.298396
0.300215
0.302030
0.303841
0.305650
0.307455
0.309256
0.311054
0.312849
0.314640
0.316428
0.318213
0.319993
0.321771
0.323544
0.325315
0.327081
0.328844
0.330604
0.332360
0.334112
0.335861
0.337606
0.339347
0.341084
0.342818
0.344548
0.346275
0.347997
0.349716
0.351431
0.353143
0.354850
0.356554
0.358253
0.359949
0.361641
0.363330
0.365014
0.366694
0.368371
0.370043
0.371711
0.373376
0.375036
0.376693
0.378345
0.379994
0.381638
0.383278
0.384914
0.386547
0.388175
0.389798
0.391418
0.393034
0.394645
0.396252
0.397855
0.399454
0.401049
0.402639
0.404225
0.405807
0.407384
0.408957
0.410526
0.412091
0.413651
0.415207
0.416758
0.418305
0.419848
0.421386
0.422920
0.424450
0.425975
0.427495
0.429011
0.430523
0.432030
0.433533
0.435031
0.436524
0.438013
0.439498
0.440978
0.442453
0.443923
0.445389
0.446851
0.448307
0.449760
0.451207
0.452650
0.454088
0.455521
0.456950
0.458374
0.459793
0.461207
0.462617
0.464022
0.465422
0.466817
0.468208
0.469593
0.470974
0.472350
0.473721
0.475087
0.476449
0.477805
0.479156
0.480503
0.481845
0.483181
0.484513
0.485840
0.487162
0.488479
0.489791
0.491097
0.492399
0.493696
0.494988
0.496274
0.497556
0.498833
0.500104
0.501370
0.502632
0.503888
0.505139
0.506385
0.507625
0.508861
0.510091
0.511316
0.512536
0.513751
0.514961
0.516165
0.517364
0.518558
0.519747
0.520930
0.522108
0.523281
0.524448
0.525611
0.526768
0.527919
0.529065
0.530206
0.531342
0.532472
0.533597
0.534716
0.535830
0.536939
0.538042
0.539140
0.540232
0.541319
0.542400
0.543476
0.544547
0.545612
0.546671
0.547726
0.548774
0.549817
0.550855
0.551887
0.552913
0.553934
0.554950
0.555959
0.556964
0.557962
0.558955
0.559943
0.560925
0.561901
0.562872
0.563837
0.564796
0.565750
0.566698
0.567640
0.568577
0.569508
0.570434
0.571353
0.572267
0.573176
0.574078
0.574975
0.575866
0.576752
0.577631
0.578505
0.579373
0.580236
0.581092
0.581943
0.582788
0.583627
0.584461
0.585288
0.586110
0.586926
0.587736
0.588541
0.589339
0.590132
0.590918
0.591699
0.592474
0.593244
0.594007
0.594764
0.595516
0.596261
0.597001
0.597735
0.598463
0.599185
0.599901
0.600611
0.601315
0.602013
0.602705
0.603391
0.604072
0.604746
0.605414
0.606077
0.606733
0.607383
0.608028
0.608666
0.609299
0.609925
0.610545
0.611160
0.611768
0.612370
0.612966
0.613556
0.614141
0.614719
0.615291
0.615857
0.616417
0.616970
0.617518
0.618060
0.618595
0.619125
0.619648
0.620165
0.620677
0.621182
0.621681
0.622174
0.622660
0.623141
0.623616
0.624084
0.624546
0.625002
0.625452
0.625896
0.626334
0.626765
0.627191
0.627610
0.628023
0.628430
0.628831
0.629225
0.629614
0.629996
0.630372
0.630742
0.631106
0.631463
0.631814
0.632159
0.632498
0.632831
0.633158
0.633478
0.633792
0.634100
0.634402
0.634697
0.634987
0.635270
0.635547
0.635817
0.636082
0.636340
0.636592
0.636838
0.637077
0.637311
0.637538
0.637759
0.637973
0.638182
0.638384
0.638580
0.638769
0.638953
0.639130
0.639301
0.639466
0.639624
0.639777
0.639923
0.640062
0.640196
0.640323
0.640444
0.640559
0.640668
0.640770
0.640866
0.640956
0.641039
0.641117
0.641188
0.641252
0.641311
0.641363
0.641409
0.641449
0.641483
0.641510
0.641531
0.641546
0.641555
0.641557
0.641553
0.641543
0.641527
0.641504
0.641475
0.641440
0.641399
0.641351
0.641297
0.641237
0.641171
0.641098
0.641019
0.640934
0.640843
0.640746
0.640642
0.640532
0.640416
0.640294
0.640165
0.640030
0.639889
0.639742
0.639589
0.639429
0.639263
0.639091
0.638913
0.638729
0.638538
0.638341
0.638138
0.637929
0.637713
0.637492
0.637264
0.637030
0.636790
0.636544
0.636291
0.636033
0.635768
0.635497
0.635220
0.634936
0.634647
0.634351
0.634050
0.633742
0.633428
0.633108
0.632781
0.632449
0.632110
0.631766
0.631415
0.631058
0.630695
0.630326
0.629951
0.629569
0.629182
0.628789
0.628389
0.627983
0.627572
0.627154
0.626730
0.626300
0.625864
0.625422
0.624974
0.624520
0.624060
0.623594
0.623121
0.622643
0.622159
0.621669
0.621173
0.620670
0.620162
0.619648
0.619128
0.618601
0.618069
0.617531
0.616987
0.616437
0.615881
0.615319
0.614751
0.614177
0.613598
0.613012
0.612420
0.611823
0.611220
0.610610
0.609995
0.609374
0.608747
0.608114
0.607476
0.606831
0.606181
0.605525
0.604862
0.604195
0.603521
0.602841
0.602156
0.601465
0.600768
0.600065
0.599357
0.598643
0.597923
0.597197
0.596465
0.595728
0.594985
0.594236
0.593482
0.592722
0.591956
0.591184
0.590407
0.589624
0.588836
0.588041
0.587241
0.586436
0.585625
0.584808
0.583985
0.583157
0.582324
0.581484
0.580639
0.579789
0.578933
0.578071
0.577204
0.576332
0.575453
0.574570
0.573680
0.572786
0.571885
0.570980
0.570068
0.569152
0.568230
0.567302
0.566369
0.565430
0.564486
0.563537
0.562582
0.561622
0.560657
0.559686
0.558709
0.557728
0.556741
0.555748
0.554751
0.553748
0.552739
0.551726
0.550707
0.549683
0.548653
0.547619
0.546579
0.545534
0.544483
0.543428
0.542367
0.541301
0.540230
0.539153
0.538072
0.536985
0.535893
0.534796
0.533694
0.532587
0.531475
0.530357
0.529235
0.528107
0.526975
0.525837
0.524695
0.523547
0.522395
0.521237
0.520074
0.518907
0.517734
0.516557
0.515374
0.514187
0.512995
0.511797
0.510595
0.509388
0.508177
0.506960
0.505739
0.504512
0.503281
0.502045
0.500804
0.499559
0.498309
0.497054
0.495794
0.494529
0.493260
0.491986
0.490707
0.489424
0.488136
0.486844
0.485546
0.484244
0.482938
0.481627
0.480311
0.478991
0.477666
0.476336
0.475002
0.473664
0.472321
0.470974
0.469622
0.468265
0.466904
0.465539
0.464169
0.462795
0.461416
0.460033
0.458646
0.457254
0.455858
0.454458
0.453053
0.451644
0.450231
0.448813
0.447391
0.445965
0.444535
0.443100
0.441661
0.440218
0.438771
0.437320
0.435864
0.434404
0.432941
0.431473
0.430001
0.428525
0.427044
0.425560
0.424072
0.422580
0.421083
0.419583
0.418079
0.416571
0.415058
0.413542
0.412022
0.410498
0.408971
0.407439
0.405903
0.404364
0.402821
0.401273
0.399723
0.398168
0.396609
0.395047
0.393481
0.391912
0.390338
0.388761
0.387181
0.385596
0.384008
0.382416
0.380821
0.379222
0.377620
0.376014
0.374404
0.372791
0.371174
0.369554
0.367930
0.366303
0.364672
0.363038
0.361401
0.359760
0.358115
0.356468
0.354817
0.353162
0.351504
0.349843
0.348179
0.346511
0.344840
0.343166
0.341489
0.339808
0.338124
0.336437
0.334747
0.333054
0.331357
0.329657
0.327955
0.326249
0.324540
0.322828
0.321113
0.319395
0.317674
0.315950
0.314223
0.312493
0.310760
0.309024
0.307285
0.305544
0.303799
0.302052
0.300302
0.298549
0.296793
0.295034
0.293273
0.291509
0.289742
0.287972
0.286200
0.284425
0.282647
0.280867
0.279084
0.277298
0.275510
0.273719
0.271926
0.270130
0.268332
0.266531
0.264727
0.262921
0.261113
0.259302
0.257489
0.255673
0.253855
0.252035
0.250212
0.248387
0.246559
0.244729
0.242897
0.241063
0.239226
0.237388
0.235546
0.233703
0.231858
0.230010
0.228160
0.226309
0.224455
0.222598
0.220740
0.218880
0.217018
0.215153
0.213287
0.211419
0.209549
0.207676
0.205802
0.203926
0.202048
0.200168
0.198287
0.196403
0.194518
0.192630
0.190742
0.188851
0.186958
0.185064
0.183168
0.181270
0.179371
0.177470
0.175567
0.173663
0.171757
0.169850
0.167941
0.166030
0.164118
0.162204
0.160289
0.158372
0.156454
0.154534
0.152613
0.150691
0.148767
0.146842
0.144915
0.142988
0.141058
0.139128
0.137196
0.135263
0.133329
0.131393
0.129456
0.127518
0.125579
0.123639
0.121698
0.119755
0.117812
0.115867
0.113921
0.111974
0.110027
0.108078
0.106128
0.104177
0.102225
0.100273
0.098319
0.096365
0.094409
0.092453
0.090496
0.088538
0.086580
0.084620
0.082660
0.080699
0.078737
0.076775
0.074812
0.072848
0.070884
0.068919
0.066953
0.064987
0.063020
0.061052
0.059084
0.057116
0.055147
0.053177
0.051207
0.049237
0.047266
0.045295
0.043323
0.041351
0.039379
0.037406
0.035433
0.033460
0.031486
0.029512
0.027538
0.025564
0.023589
0.021614
0.019640
0.017664
0.015689
0.013714
0.011738
0.009763
0.007787
0.005812
0.003836
0.001861
-0.000115
-0.002091
-0.004066
-0.006042
-0.008017
-0.009992
-0.011967
-0.013942
-0.015917
-0.017892
-0.019866
-0.021841
-0.023815
-0.025788
-0.027762
-0.029735
-0.031708
-0.033681
-0.035653
-0.037625
-0.039596
-0.041567
-0.043538
-0.045508
-0.047478
-0.049447
-0.051416
-0.053384
-0.055351
-0.057319
-0.059285
-0.061251
-0.063217
-0.065181
-0.067145
-0.069109
-0.071072
-0.073034
-0.074995
-0.076956
-0.078916
-0.080875
-0.082833
-0.084791
-0.086747
-0.088703
-0.090658
-0.092612
-0.094565
-0.096518
-0.098469
-0.100419
-0.102369
-0.104317
-0.106265
-0.108211
-0.110156
-0.112100
-0.114044
-0.115986
-0.117927
-0.119867
-0.121805
-0.123743
-0.125679
-0.127614
-0.129548
-0.131481
-0.133412
-0.135342
-0.137271
-0.139198
-0.141125
-0.143049
-0.144973
-0.146895
-0.148815
-0.150735
-0.152652
-0.154569
-0.156484
-0.158397
-0.160309
-0.162219
-0.164128
-0.166035
-0.167940
-0.169844
-0.171747
-0.173647
-0.175547
-0.177444
-0.179340
-0.181234
-0.183126
-0.185016
-0.186905
-0.188792
-0.190677
-0.192561
-0.194442
-0.196322
-0.198200
-0.200076
-0.201950
-0.203822
-0.205692
-0.207560
-0.209426
-0.211291
-0.213153
-0.215013
-0.216871
-0.218727
-0.220582
-0.222434
-0.224283
-0.226131
-0.227977
-0.229820
-0.231661
-0.233500
-0.235337
-0.237172
-0.239004
-0.240834
-0.242662
-0.244488
-0.246311
-0.248132
-0.249950
-0.251766
-0.253580
-0.255392
-0.257201
-0.259007
-0.260811
-0.262613
-0.264412
-0.266209
-0.268003
-0.269794
-0.271583
-0.273370
-0.275154
-0.276935
-0.278714
-0.280490
-0.282263
-0.284034
-0.285802
-0.287567
-0.289330
-0.291090
-0.292847
-0.294601
-0.296353
-0.298102
-0.299848
-0.301591
-0.303331
-0.305069
-0.306803
-0.308535
-0.310264
-0.311989
-0.313712
-0.315432
-0.317149
-0.318863
-0.320574
-0.322282
-0.323987
-0.325689
-0.327388
-0.329084
-0.330776
-0.332466
-0.334152
-0.335835
-0.337516
-0.339192
-0.340866
-0.342537
-0.344204
-0.345868
-0.347529
-0.349186
-0.350840
-0.352491
-0.354139
-0.355783
-0.357424
-0.359062
-0.360696
-0.362327
-0.363954
-0.365578
-0.367198
-0.368815
-0.370429
-0.372039
-0.373646
-0.375249
-0.376848
-0.378444
-0.380037
-0.381626
-0.383211
-0.384793
-0.386371
-0.387945
-0.389516
-0.391083
-0.392647
-0.394207
-0.395763
-0.397315
-0.398864
-0.400409
-0.401950
-0.403487
-0.405021
-0.406550
-0.408076
-0.409598
-0.411117
-0.412631
-0.414141
-0.415648
-0.417151
-0.418650
-0.420144
-0.421635
-0.423122
-0.424605
-0.426084
-0.427559
-0.429030
-0.430497
-0.431960
-0.433419
-0.434874
-0.436324
-0.437771
-0.439214
-0.440652
-0.442086
-0.443516
-0.444942
-0.446364
-0.447781
-0.449195
-0.450604
-0.452009
-0.453410
-0.454806
-0.456198
-0.457586
-0.458970
-0.460349
-0.461724
-0.463094
-0.464461
-0.465822
-0.467180
-0.468533
-0.469882
-0.471226
-0.472566
-0.473902
-0.475233
-0.476559
-0.477881
-0.479199
-0.480512
-0.481821
-0.483125
-0.484424
-0.485719
-0.487010
-0.488296
-0.489577
-0.490854
-0.492126
-0.493393
-0.494656
-0.495914
-0.497168
-0.498417
-0.499661
-0.500901
-0.502135
-0.503366
-0.504591
-0.505812
-0.507027
-0.508239
-0.509445
-0.510647
-0.511843
-0.513035
-0.514223
-0.515405
-0.516582
-0.517755
-0.518923
-0.520086
-0.521244
-0.522397
-0.523545
-0.524689
-0.525827
-0.526961
-0.528089
-0.529213
-0.530331
-0.531445
-0.532554
-0.533657
-0.534756
-0.535850
-0.536938
-0.538022
-0.539100
-0.540174
-0.541242
-0.542305
-0.543363
-0.544416
-0.545464
-0.546507
-0.547545
-0.548577
-0.549605
-0.550627
-0.551644
-0.552656
-0.553663
-0.554664
-0.555661
-0.556652
-0.557637
-0.558618
-0.559593
-0.560563
-0.561528
-0.562488
-0.563442
-0.564391
-0.565334
-0.566273
-0.567206
-0.568133
-0.569056
-0.569973
-0.570884
-0.571790
-0.572691
-0.573587
-0.574477
-0.575361
-0.576241
-0.577115
-0.577983
-0.578846
-0.579703
-0.580555
-0.581402
-0.582243
-0.583079
-0.583909
-0.584733
-0.585553
-0.586366
-0.587174
-0.587977
-0.588774
-0.589565
-0.590351
-0.591132
-0.591906
-0.592676
-0.593439
-0.594197
-0.594950
-0.595696
-0.596438
-0.597173
-0.597903
-0.598627
-0.599346
-0.600059
-0.600766
-0.601468
-0.602164
-0.602854
-0.603539
-0.604218
-0.604891
-0.605558
-0.606220
-0.606876
-0.607527
-0.608171
-0.608810
-0.609443
-0.610070
-0.610692
-0.611308
-0.611918
-0.612522
-0.613120
-0.613713
-0.614300
-0.614881
-0.615456
-0.616025
-0.616589
-0.617146
-0.617698
-0.618244
-0.618784
-0.619318
-0.619847
-0.620369
-0.620886
-0.621397
-0.621902
-0.622401
-0.622894
-0.623381
-0.623862
-0.624337
-0.624807
-0.625270
-0.625728
-0.626179
-0.626625
-0.627065
-0.627498
-0.627926
-0.628348
-0.628764
-0.629174
-0.629578
-0.629975
-0.630367
-0.630753
-0.631133
-0.631507
-0.631875
-0.632237
-0.632593
-0.632942
-0.633286
-0.633624
-0.633956
-0.634281
-0.634601
-0.634914
-0.635222
-0.635523
-0.635819
-0.636108
-0.636391
-0.636668
-0.636940
-0.637205
-0.637463
-0.637716
-0.637963
-0.638204
-0.638438
-0.638666
-0.638889
-0.639105
-0.639315
-0.639519
-0.639717
-0.639908
-0.640094
-0.640273
-0.640447
-0.640614
-0.640775
-0.640929
-0.641078
-0.641221
-0.641357
-0.641487
-0.641568
-0.641690
-0.641806
-0.641915
-0.642018
-0.642114
-0.642203
-0.642286
-0.642363
-0.642393
-0.642461
-0.642522
-0.642576
-0.642624
-0.642665
-0.642700
-0.642689
-0.642714
-0.642733
-0.642744
-0.642749
-0.642748
-0.642702
-0.642691
-0.642672
-0.642647
-0.642615
-0.642540
-0.642498
-0.642450
-0.642394
-0.642331
-0.642227
-0.642154
-0.642074
-0.641987
-0.641859
-0.641762
-0.641658
-0.641547
-0.641395
-0.641273
-0.641145
-0.641009
-0.640833
-0.640686
-0.640533
-0.640372
-0.640172
-0.640001
-0.639822
-0.639637
-0.639412
-0.639216
-0.639013
-0.638770
-0.638555
-0.638334
-0.638106
-0.637838
-0.637598
-0.637352
-0.637066
-0.636808
-0.636544
-0.636272
-0.635961
-0.635678
-0.635388
-0.635059
-0.634758
-0.634450
-0.634134
-0.633779
-0.633453
-0.633120
-0.632746
-0.632402
-0.632051
-0.631659
-0.631296
-0.630926
-0.630549
-0.630131
-0.629743
-0.629348
-0.628912
-0.628506
-0.628092
-0.627672
-0.627210
-0.626778
-0.626340
-0.625859
-0.625410
-0.624953
-0.624489
-0.623982
-0.623508
-0.623026
-0.622500
-0.622008
-0.621508
-0.621001
-0.620449
-0.619932
-0.619407
-0.618875
-0.618297
-0.617755
-0.617205
-0.616648
-0.616044
-0.615477
-0.614903
-0.614321
-0.613692
-0.613100
-0.612501
-0.611895
-0.611239
-0.610623
-0.609999
-0.609369
-0.608731
-0.608042
-0.607394
-0.606740
-0.606078
-0.605409
-0.604686
-0.604008
-0.603322
-0.602630
-0.601930
-0.601223
-0.600460
-0.599744
-0.599021
-0.598291
-0.597554
-0.596810
-0.596059
-0.595249
-0.594490
-0.593723
-0.592950
-0.592169
-0.591382
-0.590588
-0.589787
-0.588979
-0.588164
-0.587343
-0.586515
-0.585681
-0.584840
-0.583993
-0.583139
-0.582279
-0.581413
-0.580540
-0.579661
-0.578776
-0.577885
-0.576988
-0.576084
-0.575174
-0.574258
-0.573336
-0.572408
-0.571474
-0.570534
-0.569587
-0.568635
-0.567677
-0.566712
-0.565742
-0.564766
-0.563784
-0.562795
-0.561801
-0.560801
-0.559795
-0.558783
-0.557765
-0.556742
-0.555712
-0.554677
-0.553635
-0.552588
-0.551535
-0.550476
-0.549412
-0.548341
-0.547265
-0.546183
-0.545095
-0.544001
-0.542902
-0.541797
-0.540686
-0.539569
-0.538447
-0.537319
-0.536185
-0.535046
-0.533901
-0.532750
-0.531593
-0.530431
-0.529263
-0.528090
-0.526911
-0.525726
-0.524536
-0.523340
-0.522138
-0.520931
-0.519718
-0.518500
-0.517276
-0.516047
-0.514812
-0.513571
-0.512325
-0.511074
-0.509817
-0.508555
-0.507287
-0.506013
-0.504735
-0.503450
-0.502161
-0.500866
-0.499565
-0.498259
-0.496948
-0.495631
-0.494309
-0.492982
-0.491649
-0.490311
-0.488968
-0.487619
-0.486265
-0.484906
-0.483541
-0.482172
-0.480797
-0.479417
-0.478031
-0.476640
-0.475245
-0.473844
-0.472437
-0.471026
-0.469610
-0.468188
-0.466761
-0.465329
-0.463892
-0.462450
-0.461003
-0.459551
-0.458094
-0.456632
-0.455164
-0.453692
-0.452215
-0.450733
-0.449246
-0.447754
-0.446257
-0.444755
-0.443248
-0.441736
-0.440220
-0.438698
-0.437172
-0.435641
-0.434105
-0.432564
-0.431019
-0.429469
-0.427914
-0.426354
-0.424789
-0.423220
-0.421646
-0.420068
-0.418485
-0.416897
-0.415304
-0.413707
-0.412106
-0.410499
-0.408889
-0.407273
-0.405653
-0.404029
-0.402400
-0.400767
-0.399129
-0.397486
-0.395840
-0.394189
-0.392533
-0.390873
-0.389209
-0.387540
-0.385867
-0.384190
-0.382509
-0.380823
-0.379133
-0.377439
-0.375740
-0.374037
-0.372330
-0.370619
-0.368904
-0.367185
-0.365461
-0.363734
-0.362002
-0.360267
-0.358527
-0.356783
-0.355036
-0.353284
-0.351528
-0.349769
-0.348005
-0.346238
-0.344467
-0.342691
-0.340912
-0.339130
-0.337343
-0.335553
-0.333759
-0.331961
-0.330159
-0.328354
-0.326545
-0.324732
-0.322916
-0.321096
-0.319273
-0.317446
-0.315615
-0.313781
-0.311943
-0.310102
-0.308257
-0.306409
-0.304558
-0.302703
-0.300845
-0.298983
-0.297118
-0.295249
-0.293378
-0.291503
-0.289625
-0.287743
-0.285859
-0.283971
-0.282080
-0.280186
-0.278289
-0.276388
-0.274485
-0.272578
-0.270669
-0.268756
-0.266841
-0.264922
-0.263001
-0.261076
-0.259149
-0.257219
-0.255286
-0.253350
-0.251412
-0.249470
-0.247526
-0.245579
-0.243629
-0.241677
-0.239722
-0.237765
-0.235804
-0.233841
-0.231876
-0.229908
-0.227938
-0.225965
-0.223989
-0.222011
-0.220031
-0.218048
-0.216063
-0.214075
-0.212085
-0.210093
-0.208099
-0.206102
-0.204103
-0.202102
-0.200098
-0.198093
-0.196085
-0.194075
-0.192064
-0.190050
-0.188034
-0.186016
-0.183996
-0.181974
-0.179950
-0.177924
-0.175896
-0.173866
-0.171835
-0.169801
-0.167766
-0.165729
-0.163691
-0.161650
-0.159608
-0.157565
-0.155519
-0.153472
-0.151424
-0.149373
-0.147322
-0.145268
-0.143214
-0.141157
-0.139100
-0.137040
-0.134980
-0.132918
-0.130855
-0.128790
-0.126724
-0.124657
-0.122588
-0.120519
-0.118448
-0.116376
-0.114303
-0.112228
-0.110153
-0.108076
-0.105999
-0.103920
-0.101841
-0.099760
-0.097679
-0.095596
-0.093513
-0.091429
-0.089343
-0.087258
-0.085171
-0.083083
-0.080995
-0.078906
-0.076816
-0.074726
-0.072635
-0.070543
-0.068451
-0.066358
-0.064265
-0.062171
-0.060077
-0.057982
-0.055887
-0.053791
-0.051695
-0.049598
-0.047501
-0.045404
-0.043306
-0.041209
-0.039111
-0.037012
-0.034914
-0.032815
-0.030716
-0.028617
-0.026518
-0.024419
-0.022320
-0.020220
-0.018121
-0.016022
-0.013923
-0.011824
-0.009724
-0.007626
-0.005527
-0.003428
-0.001330
0.000769
0.002867
0.004965
0.007062
0.009159
0.011256
0.013353
0.015449
0.017545
0.019640
0.021735
0.023829
0.025923
0.028017
0.030109
0.032202
0.034293
0.036384
0.038475
0.040565
0.042654
0.044742
0.046830
0.048917
0.051003
0.053088
0.055173
0.057256
0.059339
0.061421
0.063502
0.065582
0.067661
0.069739
0.071816
0.073892
0.075967
0.078041
0.080114
0.082186
0.084256
0.086326
0.088394
0.090461
0.092527
0.094591
0.096654
0.098716
0.100777
0.102836
0.104894
0.106951
0.109006
0.111059
0.113112
0.115162
0.117212
0.119259
0.121305
0.123350
0.125393
0.127435
0.129474
0.131512
0.133549
0.135584
0.137617
0.139648
0.141678
0.143705
0.145731
0.147756
0.149778
0.151798
0.153817
0.155834
0.157848
0.159861
0.161872
0.163881
0.165888
0.167893
0.169895
0.171896
0.173895
0.175891
0.177886
0.179878
0.181868
0.183856
0.185842
0.187825
0.189806
0.191785
0.193762
0.195736
0.197708
0.199678
0.201645
0.203610
0.205572
0.207532
0.209490
0.211445
0.213398
0.215348
0.217296
0.219241
0.221183
0.223123
0.225061
0.226995
0.228927
0.230857
0.232784
0.234708
0.236629
0.238548
0.240464
0.242377
0.244287
0.246195
0.248099
0.250001
0.251900
0.253796
0.255689
0.257580
0.259467
0.261352
0.263233
0.265111
0.266987
0.268859
0.270729
0.272595
0.274458
0.276319
0.278176
0.280030
0.281880
0.283728
0.285572
0.287414
0.289252
0.291087
0.292918
0.294746
0.296572
0.298393
0.300212
0.302027
0.303838
0.305647
0.307452
0.309253
0.311051
0.312846
0.314637
0.316425
0.318210
0.319990
0.321768
0.323541
0.325312
0.327078
0.328841
0.330601
0.332357
0.334109
0.335858
0.337603
0.339344
0.341081
0.342815
0.344545
0.346272
0.347994
0.349713
0.351428
0.353140
0.354847
0.356551
0.358251
0.359947
0.361639
0.363327
0.365011
0.366691
0.368368
0.370040
0.371709
0.373373
0.375034
0.376690
0.378342
0.379991
0.381635
0.383276
0.384912
0.386544
0.388172
0.389796
0.391415
0.393031
0.394642
0.396249
0.397852
0.399451
0.401046
0.402636
0.404222
0.405804
0.407381
0.408955
0.410524
0.412088
0.413648
0.415204
0.416756
0.418303
0.419846
0.421384
0.422918
0.424447
0.425972
0.427493
0.429009
0.430521
0.432028
0.433530
0.435028
0.436522
0.438011
0.439495
0.440975
0.442450
0.443921
0.445387
0.446848
0.448305
0.449757
0.451205
0.452647
0.454085
0.455519
0.456947
0.458371
0.459790
0.461205
0.462614
0.464019
0.465419
0.466815
0.468205
0.469591
0.470972
0.472348
0.473719
0.475085
0.476446
0.477803
0.479154
0.480501
0.481842
0.483179
0.484511
0.485838
0.487160
0.488477
0.489788
0.491095
0.492397
0.493694
0.494986
0.496272
0.497554
0.498830
0.500102
0.501368
0.502630
0.503886
0.505137
0.506383
0.507623
0.508859
0.510089
0.511314
0.512534
0.513749
0.514959
0.516163
0.517362
0.518556
0.519745
0.520928
0.522106
0.523279
0.524447
0.525609
0.526766
0.527917
0.529063
0.530204
0.531340
0.532470
0.533595
0.534714
0.535828
0.536937
0.538040
0.539138
0.540230
0.541317
0.542398
0.543474
0.544545
0.545610
0.546670
0.547724
0.548772
0.549815
0.550853
0.551885
0.552912
0.553932
0.554948
0.555958
0.556962
0.557961
0.558954
0.559941
0.560923
0.561899
0.562870
0.563835
0.564795
0.565748
0.566696
0.567639
0.568576
0.569507
0.570432
0.571352
0.572266
0.573174
0.574077
0.574974
0.575865
0.576750
0.577630
0.578504
0.579372
0.580234
0.581091
0.581942
0.582787
0.583626
0.584459
0.585287
0.586109
0.586925
0.587735
0.588539
0.589338
0.590130
0.590917
0.591698
0.592473
0.593242
0.594006
0.594763
0.595514
0.596260
0.597000
0.597734
0.598461
0.599183
0.599899
0.600609
0.601314
0.602012
0.602704
0.603390
0.604070
0.604745
0.605413
0.606076
0.606732
0.607382
0.608027
0.608665
0.609297
0.609924
0.610544
0.611159
0.611767
0.612369
0.612965
0.613555
0.614140
0.614718
0.615290
0.615856
0.616416
0.616969
0.617517
0.618059
0.618594
0.619124
0.619647
0.620165
0.620676
0.621181
0.621680
0.622173
0.622660
0.623140
0.623615
0.624083
0.624545
0.625002
0.625451
0.625895
0.626333
0.626765
0.627190
0.627609
0.628022
0.628429
0.628830
0.629225
0.629613
0.629995
0.630371
0.630741
0.631105
0.631462
0.631814
0.632159
0.632498
0.632831
0.633157
0.633478
0.633792
0.634100
0.634401
0.634697
0.634986
0.635269
0.635546
0.635817
0.636081
0.636340
0.636592
0.636837
0.637077
0.637310
0.637537
0.637758
0.637973
0.638181
0.638384
0.638579
0.638769
0.638953
0.639130
0.639301
0.639466
0.639624
0.639776
0.639922
0.640062
0.640196
0.640323
0.640444
0.640559
0.640667
0.640770
0.640866
0.640956
0.641039
0.641116
0.641188
0.641252
0.641311
0.641363
0.641409
0.641449
0.641483
0.641510
0.641531
0.641546
0.641555
0.641557
0.641553
0.641543
0.641527
0.641504
0.641475
0.641440
0.641399
