0.000000
-0.001974
-0.003948
-0.005922
-0.007895
-0.009869
-0.011843
-0.013816
-0.015790
-0.017763
-0.019736
-0.021709
-0.023681
-0.025654
-0.027626
-0.029598
-0.031569
-0.033541
-0.035512
-0.037482
-0.039452
-0.041422
-0.043392
-0.045361
-0.047329
-0.049297
-0.051265
-0.053232
-0.055198
-0.057164
-0.059130
-0.061095
-0.063059
-0.065023
-0.066986
-0.068948
-0.070910
-0.072871
-0.074831
-0.076790
-0.078749
-0.080707
-0.082664
-0.084621
-0.086576
-0.088531
-0.090484
-0.092437
-0.094389
-0.096340
-0.098291
-0.100240
-0.102188
-0.104135
-0.106081
-0.108026
-0.109970
-0.111913
-0.113855
-0.115795
-0.117735
-0.119673
-0.121611
-0.123547
-0.125481
-0.127415
-0.129347
-0.131278
-0.133208
-0.135136
-0.137063
-0.138989
-0.140913
-0.142836
-0.144758
-0.146678
-0.148596
-0.150514
-0.152429
-0.154344
-0.156256
-0.158167
-0.160077
-0.161985
-0.163891
-0.165796
-0.167699
-0.169601
-0.171500
-0.173399
-0.175295
-0.177190
-0.179083
-0.180974
-0.182863
-0.184751
-0.186636
-0.188520
-0.190402
-0.192283
-0.194161
-0.196037
-0.197912
-0.199784
-0.201654
-0.203523
-0.205389
-0.207254
-0.209116
-0.210977
-0.212835
-0.214691
-0.216545
-0.218397
-0.220247
-0.222094
-0.223940
-0.225783
-0.227624
-0.229463
-0.231299
-0.233133
-0.234965
-0.236795
-0.238622
-0.240447
-0.242269
-0.244089
-0.245907
-0.247722
-0.249535
-0.251345
-0.253153
-0.254959
-0.256761
-0.258562
-0.260359
-0.262155
-0.263947
-0.265737
-0.267525
-0.269309
-0.271091
-0.272871
-0.274647
-0.276421
-0.278193
-0.279961
-0.281727
-0.283490
-0.285250
-0.287008
-0.288762
-0.290514
-0.292263
-0.294008
-0.295752
-0.297492
-0.299229
-0.300963
-0.302694
-0.304423
-0.306148
-0.307870
-0.309589
-0.311305
-0.313018
-0.314728
-0.316435
-0.318139
-0.319840
-0.321537
-0.323231
-0.324922
-0.326610
-0.328295
-0.329976
-0.331655
-0.333329
-0.335001
-0.336669
-0.338334
-0.339996
-0.341654
-0.343309
-0.344961
-0.346609
-0.348253
-0.349895
-0.351533
-0.353167
-0.354798
-0.356425
-0.358049
-0.359669
-0.361286
-0.362899
-0.364509
-0.366115
-0.367717
-0.369316
-0.370911
-0.372502
-0.374090
-0.375674
-0.377255
-0.378831
-0.380404
-0.381973
-0.383539
-0.385100
-0.386658
-0.388212
-0.389762
-0.391308
-0.392851
-0.394390
-0.395924
-0.397455
-0.398982
-0.400505
-0.402024
-0.403539
-0.405050
-0.406557
-0.408060
-0.409559
-0.411053
-0.412544
-0.414031
-0.415514
-0.416992
-0.418467
-0.419937
-0.421404
-0.422866
-0.424323
-0.425777
-0.427227
-0.428672
-0.430113
-0.431550
-0.432982
-0.434411
-0.435835
-0.437254
-0.438670
-0.440081
-0.441487
-0.442890
-0.444288
-0.445681
-0.447070
-0.448455
-0.449835
-0.451211
-0.452583
-0.453950
-0.455312
-0.456670
-0.458024
-0.459373
-0.460717
-0.462057
-0.463392
-0.464723
-0.466049
-0.467371
-0.468688
-0.470000
-0.471308
-0.472611
-0.473909
-0.475203
-0.476492
-0.477776
-0.479056
-0.480331
-0.481601
-0.482866
-0.484127
-0.485383
-0.486634
-0.487880
-0.489122
-0.490358
-0.491590
-0.492817
-0.494039
-0.495256
-0.496468
-0.497676
-0.498878
-0.500076
-0.501268
-0.502456
-0.503639
-0.504816
-0.505989
-0.507157
-0.508320
-0.509477
-0.510630
-0.511778
-0.512920
-0.514058
-0.515190
-0.516318
-0.517440
-0.518557
-0.519669
-0.520776
-0.521878
-0.522975
-0.524066
-0.525153
-0.526234
-0.527310
-0.528380
-0.529446
-0.530506
-0.531561
-0.532611
-0.533656
-0.534695
-0.535729
-0.536758
-0.537781
-0.538799
-0.539812
-0.540819
-0.541822
-0.542818
-0.543810
-0.544796
-0.545777
-0.546752
-0.547722
-0.548686
-0.549645
-0.550599
-0.551547
-0.552490
-0.553427
-0.554359
-0.555286
-0.556206
-0.557122
-0.558032
-0.558936
-0.559835
-0.560729
-0.561616
-0.562499
-0.563375
-0.564247
-0.565112
-0.565972
-0.566827
-0.567676
-0.568519
-0.569357
-0.570189
-0.571015
-0.571836
-0.572651
-0.573460
-0.574264
-0.575062
-0.575855
-0.576642
-0.577423
-0.578198
-0.578968
-0.579732
-0.580490
-0.581242
-0.581989
-0.582730
-0.583466
-0.584195
-0.584919
-0.585637
-0.586349
-0.587055
-0.587756
-0.588451
-0.589140
-0.589823
-0.590501
-0.591172
-0.591838
-0.592498
-0.593152
-0.593800
-0.594442
-0.595079
-0.595709
-0.596334
-0.596953
-0.597566
-0.598173
-0.598774
-0.599369
-0.599958
-0.600542
-0.601119
-0.601691
-0.602256
-0.602816
-0.603370
-0.603917
-0.604459
-0.604995
-0.605525
-0.606049
-0.606566
-0.607078
-0.607584
-0.608084
-0.608578
-0.609066
-0.609548
-0.610024
-0.610494
-0.610957
-0.611415
-0.611867
-0.612313
-0.612752
-0.613186
-0.613613
-0.614035
-0.614450
-0.614860
-0.615263
-0.615660
-0.616052
-0.616437
-0.616816
-0.617189
-0.617555
-0.617916
-0.618271
-0.618619
-0.618962
-0.619298
-0.619628
-0.619952
-0.620270
-0.620582
-0.620888
-0.621188
-0.621481
-0.621768
-0.622050
-0.622325
-0.622594
-0.622856
-0.623113
-0.623363
-0.623608
-0.623846
-0.624078
-0.624304
-0.624523
-0.624737
-0.624944
-0.625146
-0.625341
-0.625529
-0.625712
-0.625889
-0.626059
-0.626223
-0.626381
-0.626533
-0.626678
-0.626818
-0.626951
-0.627078
-0.627199
-0.627314
-0.627422
-0.627524
-0.627620
-0.627710
-0.627794
-0.627872
-0.627943
-0.628008
-0.628067
-0.628120
-0.628166
-0.628206
-0.628240
-0.628268
-0.628290
-0.628306
-0.628315
-0.628318
-0.628315
-0.628306
-0.628290
-0.628268
-0.628240
-0.628206
-0.628166
-0.628120
-0.628067
-0.628008
-0.627943
-0.627872
-0.627794
-0.627710
-0.627621
-0.627524
-0.627422
-0.627314
-0.627199
-0.627078
-0.626951
-0.626818
-0.626679
-0.626533
-0.626381
-0.626223
-0.626059
-0.625889
-0.625712
-0.625530
-0.625341
-0.625146
-0.624945
-0.624737
-0.624524
-0.624304
-0.624078
-0.623846
-0.623608
-0.623364
-0.623113
-0.622857
-0.622594
-0.622325
-0.622050
-0.621769
-0.621481
-0.621188
-0.620888
-0.620583
-0.620271
-0.619953
-0.619629
-0.619298
-0.618962
-0.618620
-0.618271
-0.617916
-0.617556
-0.617189
-0.616816
-0.616437
-0.616052
-0.615661
-0.615264
-0.614860
-0.614451
-0.614035
-0.613614
-0.613186
-0.612753
-0.612313
-0.611867
-0.611416
-0.610958
-0.610494
-0.610024
-0.609548
-0.609066
-0.608578
-0.608085
-0.607585
-0.607079
-0.606567
-0.606049
-0.605525
-0.604995
-0.604460
-0.603918
-0.603370
-0.602816
-0.602257
-0.601691
-0.601120
-0.600542
-0.599959
-0.599370
-0.598774
-0.598173
-0.597566
-0.596953
-0.596335
-0.595710
-0.595079
-0.594443
-0.593800
-0.593152
-0.592498
-0.591838
-0.591173
-0.590501
-0.589824
-0.589141
-0.588452
-0.587757
-0.587056
-0.586350
-0.585637
-0.584919
-0.584196
-0.583466
-0.582731
-0.581990
-0.581243
-0.580491
-0.579732
-0.578968
-0.578199
-0.577423
-0.576642
-0.575855
-0.575063
-0.574265
-0.573461
-0.572652
-0.571836
-0.571016
-0.570189
-0.569357
-0.568520
-0.567676
-0.566827
-0.565973
-0.565113
-0.564247
-0.563376
-0.562499
-0.561617
-0.560729
-0.559836
-0.558937
-0.558033
-0.557123
-0.556207
-0.555286
-0.554360
-0.553428
-0.552491
-0.551548
-0.550600
-0.549646
-0.548687
-0.547723
-0.546753
-0.545777
-0.544797
-0.543811
-0.542819
-0.541822
-0.540820
-0.539813
-0.538800
-0.537782
-0.536758
-0.535730
-0.534696
-0.533656
-0.532612
-0.531562
-0.530507
-0.529447
-0.528381
-0.527311
-0.526235
-0.525153
-0.524067
-0.522976
-0.521879
-0.520777
-0.519670
-0.518558
-0.517441
-0.516319
-0.515191
-0.514059
-0.512921
-0.511779
-0.510631
-0.509478
-0.508321
-0.507158
-0.505990
-0.504817
-0.503640
-0.502457
-0.501269
-0.500077
-0.498879
-0.497677
-0.496469
-0.495257
-0.494040
-0.492818
-0.491591
-0.490359
-0.489123
-0.487881
-0.486635
-0.485384
-0.484128
-0.482867
-0.481602
-0.480332
-0.479057
-0.477778
-0.476493
-0.475204
-0.473911
-0.472612
-0.471309
-0.470001
-0.468689
-0.467372
-0.466051
-0.464724
-0.463394
-0.462058
-0.460718
-0.459374
-0.458025
-0.456671
-0.455313
-0.453951
-0.452584
-0.451213
-0.449837
-0.448456
-0.447072
-0.445682
-0.444289
-0.442891
-0.441489
-0.440082
-0.438671
-0.437255
-0.435836
-0.434412
-0.432984
-0.431551
-0.430114
-0.428673
-0.427228
-0.425778
-0.424325
-0.422867
-0.421405
-0.419939
-0.418468
-0.416994
-0.415515
-0.414032
-0.412546
-0.411055
-0.409560
-0.408061
-0.406558
-0.405051
-0.403540
-0.402025
-0.400506
-0.398983
-0.397456
-0.395925
-0.394391
-0.392852
-0.391310
-0.389763
-0.388213
-0.386659
-0.385102
-0.383540
-0.381975
-0.380405
-0.378833
-0.377256
-0.375676
-0.374091
-0.372504
-0.370912
-0.369317
-0.367718
-0.366116
-0.364510
-0.362900
-0.361287
-0.359671
-0.358050
-0.356426
-0.354799
-0.353168
-0.351534
-0.349896
-0.348255
-0.346610
-0.344962
-0.343311
-0.341656
-0.339997
-0.338336
-0.336671
-0.335002
-0.333331
-0.331656
-0.329978
-0.328296
-0.326612
-0.324924
-0.323233
-0.321539
-0.319841
-0.318140
-0.316437
-0.314730
-0.313020
-0.311307
-0.309591
-0.307871
-0.306149
-0.304424
-0.302696
-0.300964
-0.299230
-0.297493
-0.295753
-0.294010
-0.292264
-0.290515
-0.288764
-0.287009
-0.285252
-0.283491
-0.281729
-0.279963
-0.278194
-0.276423
-0.274649
-0.272872
-0.271093
-0.269311
-0.267526
-0.265739
-0.263949
-0.262156
-0.260361
-0.258563
-0.256763
-0.254960
-0.253155
-0.251347
-0.249536
-0.247724
-0.245908
-0.244091
-0.242271
-0.240448
-0.238623
-0.236796
-0.234967
-0.233135
-0.231301
-0.229464
-0.227626
-0.225785
-0.223941
-0.222096
-0.220248
-0.218399
-0.216547
-0.214693
-0.212837
-0.210978
-0.209118
-0.207256
-0.205391
-0.203525
-0.201656
-0.199786
-0.197913
-0.196039
-0.194162
-0.192284
-0.190404
-0.188522
-0.186638
-0.184752
-0.182865
-0.180975
-0.179084
-0.177191
-0.175297
-0.173400
-0.171502
-0.169602
-0.167701
-0.165798
-0.163893
-0.161986
-0.160079
-0.158169
-0.156258
-0.154345
-0.152431
-0.150515
-0.148598
-0.146679
-0.144759
-0.142838
-0.140915
-0.138991
-0.137065
-0.135138
-0.133209
-0.131280
-0.129349
-0.127416
-0.125483
-0.123548
-0.121612
-0.119675
-0.117737
-0.115797
-0.113856
-0.111915
-0.109972
-0.108028
-0.106083
-0.104137
-0.102189
-0.100241
-0.098292
-0.096342
-0.094391
-0.092439
-0.090486
-0.088532
-0.086578
-0.084622
-0.082666
-0.080709
-0.078751
-0.076792
-0.074832
-0.072872
-0.070911
-0.068950
-0.066987
-0.065024
-0.063061
-0.061096
-0.059132
-0.057166
-0.055200
-0.053234
-0.051266
-0.049299
-0.047331
-0.045362
-0.043393
-0.041424
-0.039454
-0.037484
-0.035513
-0.033542
-0.031571
-0.029599
-0.027628
-0.025655
-0.023683
-0.021710
-0.019738
-0.017765
-0.015791
-0.013818
-0.011844
-0.009871
-0.007897
-0.005923
-0.003949
-0.001976
-0.000002
0.001972
0.003946
0.005920
0.007894
0.009868
0.011841
0.013815
0.015788
0.017761
0.019734
0.021707
0.023680
0.025652
0.027624
0.029596
0.031568
0.033539
0.035510
0.037481
0.039451
0.041421
0.043390
0.045359
0.047327
0.049296
0.051263
0.053230
0.055197
0.057163
0.059128
0.061093
0.063057
0.065021
0.066984
0.068946
0.070908
0.072869
0.074829
0.076789
0.078747
0.080705
0.082663
0.084619
0.086574
0.088529
0.090483
0.092436
0.094388
0.096339
0.098289
0.100238
0.102186
0.104133
0.106079
0.108024
0.109968
0.111911
0.113853
0.115794
0.117733
0.119672
0.121609
0.123545
0.125480
0.127413
0.129345
0.131276
0.133206
0.135135
0.137062
0.138987
0.140912
0.142835
0.144756
0.146676
0.148595
0.150512
0.152428
0.154342
0.156255
0.158166
0.160075
0.161983
0.163890
0.165794
0.167698
0.169599
0.171499
0.173397
0.175293
0.177188
0.179081
0.180972
0.182862
0.184749
0.186635
0.188519
0.190401
0.192281
0.194159
0.196036
0.197910
0.199782
0.201653
0.203521
0.205388
0.207252
0.209115
0.210975
0.212833
0.214690
0.216544
0.218396
0.220245
0.222093
0.223938
0.225781
0.227622
0.229461
0.231298
0.233132
0.234964
0.236793
0.238620
0.240445
0.242268
0.244088
0.245905
0.247721
0.249533
0.251344
0.253152
0.254957
0.256760
0.258560
0.260358
0.262153
0.263946
0.265736
0.267523
0.269308
0.271090
0.272869
0.274646
0.276420
0.278191
0.279960
0.281726
0.283489
0.285249
0.287006
0.288761
0.290512
0.292261
0.294007
0.295750
0.297490
0.299227
0.300962
0.302693
0.304421
0.306146
0.307869
0.309588
0.311304
0.313017
0.314727
0.316434
0.318138
0.319838
0.321536
0.323230
0.324921
0.326609
0.328294
0.329975
0.331653
0.333328
0.335000
0.336668
0.338333
0.339995
0.341653
0.343308
0.344959
0.346607
0.348252
0.349893
0.351531
0.353165
0.354796
0.356424
0.358047
0.359668
0.361285
0.362898
0.364507
0.366113
0.367716
0.369314
0.370910
0.372501
0.374089
0.375673
0.377253
0.378830
0.380403
0.381972
0.383537
0.385099
0.386657
0.388211
0.389761
0.391307
0.392850
0.394388
0.395923
0.397454
0.398980
0.400503
0.402022
0.403537
0.405048
0.406555
0.408058
0.409557
0.411052
0.412543
0.414030
0.415513
0.416991
0.418466
0.419936
0.421402
0.422864
0.424322
0.425776
0.427225
0.428671
0.430112
0.431549
0.432981
0.434409
0.435833
0.437253
0.438668
0.440079
0.441486
0.442888
0.444286
0.445680
0.447069
0.448454
0.449834
0.451210
0.452582
0.453949
0.455311
0.456669
0.458023
0.459372
0.460716
0.462056
0.463391
0.464722
0.466048
0.467370
0.468687
0.469999
0.471307
0.472610
0.473908
0.475202
0.476491
0.477775
0.479055
0.480330
0.481600
0.482865
0.484126
0.485382
0.486633
0.487879
0.489121
0.490357
0.491589
0.492816
0.494038
0.495255
0.496467
0.497675
0.498877
0.500075
0.501267
0.502455
0.503638
0.504815
0.505988
0.507156
0.508319
0.509476
0.510629
0.511777
0.512919
0.514057
0.515189
0.516317
0.517439
0.518556
0.519668
0.520775
0.521877
0.522974
0.524065
0.525152
0.526233
0.527309
0.528379
0.529445
0.530505
0.531560
0.532610
0.533655
0.534694
0.535728
0.536757
0.537780
0.538798
0.539811
0.540819
0.541821
0.542818
0.543809
0.544795
0.545776
0.546751
0.547721
0.548685
0.549645
0.550598
0.551546
0.552489
0.553427
0.554358
0.555285
0.556206
0.557121
0.558031
0.558936
0.559834
0.560728
0.561616
0.562498
0.563375
0.564246
0.565112
0.565972
0.566826
0.567675
0.568518
0.569356
0.570188
0.571014
0.571835
0.572650
0.573460
0.574263
0.575062
0.575854
0.576641
0.577422
0.578197
0.578967
0.579731
0.580489
0.581242
0.581989
0.582730
0.583465
0.584194
0.584918
0.585636
0.586348
0.587055
0.587756
0.588450
0.589139
0.589823
0.590500
0.591172
0.591837
0.592497
0.593151
0.593799
0.594442
0.595078
0.595709
0.596333
0.596952
0.597565
0.598172
0.598773
0.599369
0.599958
0.600541
0.601119
0.601690
0.602256
0.602815
0.603369
0.603917
0.604459
0.604994
0.605524
0.606048
0.606566
0.607078
0.607584
0.608084
0.608578
0.609066
0.609547
0.610023
0.610493
0.610957
0.611415
0.611867
0.612312
0.612752
0.613186
0.613613
0.614035
0.614450
0.614860
0.615263
0.615660
0.616051
0.616436
0.616815
0.617188
0.617555
0.617916
0.618271
0.618619
0.618962
0.619298
0.619628
0.619952
0.620270
0.620582
0.620888
0.621187
0.621481
0.621768
0.622049
0.622324
0.622593
0.622856
0.623113
0.623363
0.623608
0.623846
0.624078
0.624304
0.624523
0.624737
0.624944
0.625145
0.625340
0.625529
0.625712
0.625888
0.626059
0.626223
0.626381
0.626533
0.626678
0.626818
0.626951
0.627078
0.627199
0.627314
0.627422
0.627524
0.627620
0.627710
0.627794
0.627871
0.627943
0.628008
0.628067
0.628120
0.628166
0.628206
0.628240
0.628268
0.628290
0.628306
0.628315
0.628318
0.628315
0.628306
0.628290
0.628268
0.628241
0.628206
0.628166
0.628120
0.628067
0.628008
0.627943
0.627872
0.627794
0.627710
0.627621
0.627525
0.627422
0.627314
0.627199
0.627078
0.626951
0.626818
0.626679
0.626533
0.626381
0.626223
0.626059
0.625889
0.625712
0.625530
0.625341
0.625146
0.624945
0.624737
0.624524
0.624304
0.624078
0.623846
0.623608
0.623364
0.623113
0.622857
0.622594
0.622325
0.622050
0.621769
0.621482
0.621188
0.620888
0.620583
0.620271
0.619953
0.619629
0.619299
0.618962
0.618620
0.618271
0.617917
0.617556
0.617189
0.616816
0.616437
0.616052
0.615661
0.615264
0.614861
0.614451
0.614036
0.613614
0.613187
0.612753
0.612313
0.611868
0.611416
0.610958
0.610494
0.610024
0.609549
0.609067
0.608579
0.608085
0.607585
0.607079
0.606567
0.606049
0.605526
0.604996
0.604460
0.603918
0.603371
0.602817
0.602257
0.601692
0.601120
0.600543
0.599959
0.599370
0.598775
0.598174
0.597567
0.596954
0.596335
0.595710
0.595080
0.594443
0.593801
0.593153
0.592499
0.591839
0.591173
0.590502
0.589824
0.589141
0.588452
0.587757
0.587057
0.586350
0.585638
0.584920
0.584196
0.583467
0.582731
0.581990
0.581244
0.580491
0.579733
0.578969
0.578199
0.577424
0.576643
0.575856
0.575064
0.574265
0.573462
0.572652
0.571837
0.571016
0.570190
0.569358
0.568520
0.567677
0.566828
0.565974
0.565114
0.564248
0.563377
0.562500
0.561618
0.560730
0.559837
0.558938
0.558033
0.557123
0.556208
0.555287
0.554361
0.553429
0.552492
0.551549
0.550601
0.549647
0.548688
0.547723
0.546753
0.545778
0.544798
0.543811
0.542820
0.541823
0.540821
0.539814
0.538801
0.537783
0.536759
0.535731
0.534697
0.533657
0.532613
0.531563
0.530508
0.529448
0.528382
0.527311
0.526235
0.525154
0.524068
0.522977
0.521880
0.520778
0.519671
0.518559
0.517442
0.516320
0.515192
0.514060
0.512922
0.511780
0.510632
0.509479
0.508322
0.507159
0.505991
0.504818
0.503641
0.502458
0.501270
0.500078
0.498880
0.497678
0.496470
0.495258
0.494041
0.492819
0.491592
0.490360
0.489124
0.487882
0.486636
0.485385
0.484129
0.482869
0.481603
0.480333
0.479058
0.477779
0.476494
0.475205
0.473912
0.472613
0.471310
0.470003
0.468690
0.467373
0.466052
0.464725
0.463395
0.462059
0.460720
0.459375
0.458026
0.456673
0.455315
0.453952
0.452585
0.451214
0.449838
0.448457
0.447073
0.445684
0.444290
0.442892
0.441490
0.440083
0.438672
0.437257
0.435837
0.434413
0.432985
0.431552
0.430115
0.428674
0.427229
0.425780
0.424326
0.422868
0.421406
0.419940
0.418469
0.416995
0.415516
0.414034
0.412547
0.411056
0.409561
0.408062
0.406559
0.405052
0.403541
0.402026
0.400507
0.398984
0.397458
0.395927
0.394392
0.392854
0.391311
0.389765
0.388215
0.386661
0.385103
0.383541
0.381976
0.380407
0.378834
0.377257
0.375677
0.374093
0.372505
0.370914
0.369318
0.367720
0.366117
0.364511
0.362902
0.361289
0.359672
0.358052
0.356428
0.354800
0.353170
0.351535
0.349897
0.348256
0.346612
0.344963
0.343312
0.341657
0.339999
0.338337
0.336672
0.335004
0.333332
0.331657
0.329979
0.328298
0.326613
0.324925
0.323234
0.321540
0.319843
0.318142
0.316438
0.314731
0.313021
0.311308
0.309592
0.307873
0.306151
0.304425
0.302697
0.300966
0.299232
0.297495
0.295754
0.294011
0.292266
0.290517
0.288765
0.287011
0.285253
0.283493
0.281730
0.279964
0.278196
0.276424
0.274650
0.272874
0.271094
0.269312
0.267528
0.265740
0.263950
0.262158
0.260362
0.258565
0.256764
0.254962
0.253156
0.251348
0.249538
0.247725
0.245910
0.244092
0.242272
0.240450
0.238625
0.236798
0.234968
0.233136
0.231302
0.229466
0.227627
0.225786
0.223943
0.222098
0.220250
0.218400
0.216548
0.214694
0.212838
0.210980
0.209119
0.207257
0.205393
0.203526
0.201658
0.199787
0.197915
0.196040
0.194164
0.192286
0.190406
0.188524
0.186640
0.184754
0.182866
0.180977
0.179086
0.177193
0.175298
0.173402
0.171504
0.169604
0.167702
0.165799
0.163894
0.161988
0.160080
0.158171
0.156259
0.154347
0.152433
0.150517
0.148600
0.146681
0.144761
0.142839
0.140916
0.138992
0.137066
0.135139
0.133211
0.131281
0.129350
0.127418
0.125485
0.123550
0.121614
0.119677
0.117738
0.115799
0.113858
0.111916
0.109973
0.108029
0.106084
0.104138
0.102191
0.100243
0.098294
0.096344
0.094393
0.092441
0.090488
0.088534
0.086579
0.084624
0.082667
0.080710
0.078752
0.076794
0.074834
0.072874
0.070913
0.068951
0.066989
0.065026
0.063062
0.061098
0.059133
0.057168
0.055202
0.053235
0.051268
0.049301
0.047332
0.045364
0.043395
0.041426
0.039456
0.037485
0.035515
0.033544
0.031573
0.029601
0.027629
0.025657
0.023685
0.021712
0.019739
0.017766
0.015793
0.013820
0.011846
0.009873
0.007899
0.005925
0.003951
0.001977
0.000003
-0.001971
-0.003944
-0.005918
-0.007892
-0.009866
-0.011839
-0.013813
-0.015786
-0.017760
-0.019733
-0.021705
-0.023678
-0.025650
-0.027623
-0.029594
-0.031566
-0.033537
-0.035508
-0.037479
-0.039449
-0.041419
-0.043388
-0.045357
-0.047326
-0.049294
-0.051261
-0.053229
-0.055195
-0.057161
-0.059127
-0.061091
-0.063056
-0.065019
-0.066982
-0.068945
-0.070906
-0.072867
-0.074828
-0.076787
-0.078746
-0.080704
-0.082661
-0.084617
-0.086573
-0.088527
-0.090481
-0.092434
-0.094386
-0.096337
-0.098287
-0.100236
-0.102184
-0.104132
-0.106078
-0.108023
-0.109967
-0.111910
-0.113851
-0.115792
-0.117732
-0.119670
-0.121607
-0.123543
-0.125478
-0.127412
-0.129344
-0.131275
-0.133205
-0.135133
-0.137060
-0.138986
-0.140910
-0.142833
-0.144754
-0.146675
-0.148593
-0.150510
-0.152426
-0.154340
-0.156253
-0.158164
-0.160074
-0.161982
-0.163888
-0.165793
-0.167696
-0.169597
-0.171497
-0.173395
-0.175292
-0.177186
-0.179079
-0.180971
-0.182860
-0.184747
-0.186633
-0.188517
-0.190399
-0.192279
-0.194158
-0.196034
-0.197908
-0.199781
-0.201651
-0.203520
-0.205386
-0.207251
-0.209113
-0.210974
-0.212832
-0.214688
-0.216542
-0.218394
-0.220244
-0.222091
-0.223937
-0.225780
-0.227621
-0.229460
-0.231296
-0.233130
-0.234962
-0.236792
-0.238619
-0.240444
-0.242266
-0.244086
-0.245904
-0.247719
-0.249532
-0.251342
-0.253150
-0.254955
-0.256758
-0.258559
-0.260356
-0.262152
-0.263944
-0.265734
-0.267522
-0.269306
-0.271088
-0.272868
-0.274644
-0.276418
-0.278190
-0.279958
-0.281724
-0.283487
-0.285247
-0.287005
-0.288759
-0.290511
-0.292260
-0.294006
-0.295749
-0.297489
-0.299226
-0.300960
-0.302691
-0.304420
-0.306145
-0.307867
-0.309586
-0.311302
-0.313016
-0.314726
-0.316432
-0.318136
-0.319837
-0.321534
-0.323229
-0.324920
-0.326607
-0.328292
-0.329974
-0.331652
-0.333327
-0.334998
-0.336667
-0.338332
-0.339993
-0.341651
-0.343306
-0.344958
-0.346606
-0.348251
-0.349892
-0.351530
-0.353164
-0.354795
-0.356422
-0.358046
-0.359666
-0.361283
-0.362896
-0.364506
-0.366112
-0.367714
-0.369313
-0.370908
-0.372500
-0.374087
-0.375672
-0.377252
-0.378829
-0.380401
-0.381971
-0.383536
-0.385098
-0.386655
-0.388209
-0.389760
-0.391306
-0.392848
-0.394387
-0.395922
-0.397452
-0.398979
-0.400502
-0.402021
-0.403536
-0.405047
-0.406554
-0.408057
-0.409556
-0.411051
-0.412542
-0.414029
-0.415511
-0.416990
-0.418464
-0.419935
-0.421401
-0.422863
-0.424321
-0.425775
-0.427224
-0.428669
-0.430111
-0.431547
-0.432980
-0.434408
-0.435832
-0.437252
-0.438667
-0.440078
-0.441485
-0.442887
-0.444285
-0.445679
-0.447068
-0.448453
-0.449833
-0.451209
-0.452581
-0.453948
-0.455310
-0.456668
-0.458022
-0.459371
-0.460715
-0.462055
-0.463390
-0.464721
-0.466047
-0.467369
-0.468686
-0.469998
-0.471306
-0.472609
-0.473907
-0.475201
-0.476490
-0.477774
-0.479054
-0.480329
-0.481599
-0.482864
-0.484125
-0.485381
-0.486632
-0.487878
-0.489119
-0.490356
-0.491588
-0.492815
-0.494037
-0.495254
-0.496466
-0.497674
-0.498876
-0.500074
-0.501266
-0.502454
-0.503637
-0.504814
-0.505987
-0.507155
-0.508318
-0.509475
-0.510628
-0.511776
-0.512918
-0.514056
-0.515188
-0.516316
-0.517438
-0.518555
-0.519667
-0.520774
-0.521876
-0.522973
-0.524064
-0.525151
-0.526232
-0.527308
-0.528379
-0.529444
-0.530504
-0.531559
-0.532609
-0.533654
-0.534693
-0.535727
-0.536756
-0.537779
-0.538797
-0.539810
-0.540818
-0.541820
-0.542817
-0.543808
-0.544794
-0.545775
-0.546750
-0.547720
-0.548685
-0.549644
-0.550597
-0.551546
-0.552488
-0.553426
-0.554358
-0.555284
-0.556205
-0.557120
-0.558030
-0.558935
-0.559834
-0.560727
-0.561615
-0.562497
-0.563374
-0.564245
-0.565111
-0.565971
-0.566825
-0.567674
-0.568517
-0.569355
-0.570187
-0.571014
-0.571834
-0.572649
-0.573459
-0.574263
-0.575061
-0.575853
-0.576640
-0.577421
-0.578197
-0.578966
-0.579730
-0.580489
-0.581241
-0.581988
-0.582729
-0.583464
-0.584194
-0.584918
-0.585636
-0.586348
-0.587054
-0.587755
-0.588450
-0.589139
-0.589822
-0.590499
-0.591171
-0.591837
-0.592497
-0.593151
-0.593799
-0.594441
-0.595078
-0.595708
-0.596333
-0.596952
-0.597565
-0.598172
-0.598773
-0.599368
-0.599957
-0.600541
-0.601118
-0.601690
-0.602255
-0.602815
-0.603369
-0.603916
-0.604458
-0.604994
-0.605524
-0.606048
-0.606566
-0.607078
-0.607583
-0.608083
-0.608577
-0.609065
-0.609547
-0.610023
-0.610493
-0.610957
-0.611414
-0.611866
-0.612312
-0.612752
-0.613185
-0.613613
-0.614034
-0.614450
-0.614859
-0.615262
-0.615660
-0.616051
-0.616436
-0.616815
-0.617188
-0.617555
-0.617916
-0.618270
-0.618619
-0.618961
-0.619298
-0.619628
-0.619952
-0.620270
-0.620582
-0.620887
-0.621187
-0.621481
-0.621768
-0.622049
-0.622324
-0.622593
-0.622856
-0.623113
-0.623363
-0.623607
-0.623846
-0.624078
-0.624303
-0.624523
-0.624737
-0.624944
-0.625145
-0.625340
-0.625529
-0.625712
-0.625888
-0.626059
-0.626223
-0.626381
-0.626533
-0.626678
-0.626818
-0.626951
-0.627078
-0.627199
-0.627313
-0.627422
-0.627524
-0.627620
-0.627710
-0.627794
-0.627871
-0.627943
-0.628008
-0.628067
-0.628119
-0.628166
-0.628206
-0.628240
-0.628268
-0.628290
-0.628306
-0.628315
-0.628318
-0.628315
-0.628306
-0.628290
-0.628268
-0.628241
-0.628206
-0.628166
-0.628120
-0.628067
-0.628008
-0.627943
-0.627872
-0.627794
-0.627711
-0.627621
-0.627525
-0.627422
-0.627314
-0.627199
-0.627078
-0.626951
-0.626818
-0.626679
-0.626533
-0.626381
-0.626223
-0.626059
-0.625889
-0.625713
-0.625530
-0.625341
-0.625146
-0.624945
-0.624738
-0.624524
-0.624304
-0.624079
-0.623847
-0.623608
-0.623364
-0.623114
-0.622857
-0.622594
-0.622325
-0.622050
-0.621769
-0.621482
-0.621188
-0.620889
-0.620583
-0.620271
-0.619953
-0.619629
-0.619299
-0.618963
-0.618620
-0.618272
-0.617917
-0.617556
-0.617190
-0.616817
-0.616438
-0.616053
-0.615661
-0.615264
-0.614861
-0.614452
-0.614036
-0.613615
-0.613187
-0.612753
-0.612314
-0.611868
-0.611416
-0.610959
-0.610495
-0.610025
-0.609549
-0.609067
-0.608579
-0.608085
-0.607586
-0.607080
-0.606568
-0.606050
-0.605526
-0.604996
-0.604460
-0.603919
-0.603371
-0.602817
-0.602258
-0.601692
-0.601121
-0.600543
-0.599960
-0.599371
-0.598775
-0.598174
-0.597567
-0.596954
-0.596336
-0.595711
-0.595080
-0.594444
-0.593802
-0.593153
-0.592499
-0.591840
-0.591174
-0.590502
-0.589825
-0.589142
-0.588453
-0.587758
-0.587057
-0.586351
-0.585639
-0.584921
-0.584197
-0.583467
-0.582732
-0.581991
-0.581244
-0.580492
-0.579734
-0.578970
-0.578200
-0.577425
-0.576643
-0.575857
-0.575064
-0.574266
-0.573462
-0.572653
-0.571838
-0.571017
-0.570191
-0.569359
-0.568521
-0.567678
-0.566829
-0.565974
-0.565114
-0.564249
-0.563378
-0.562501
-0.561619
-0.560731
-0.559837
-0.558939
-0.558034
-0.557124
-0.556209
-0.555288
-0.554362
-0.553430
-0.552492
-0.551550
-0.550601
-0.549648
-0.548689
-0.547724
-0.546754
-0.545779
-0.544798
-0.543812
-0.542821
-0.541824
-0.540822
-0.539815
-0.538802
-0.537784
-0.536760
-0.535731
-0.534697
-0.533658
-0.532614
-0.531564
-0.530509
-0.529449
-0.528383
-0.527312
-0.526236
-0.525155
-0.524069
-0.522977
-0.521881
-0.520779
-0.519672
-0.518560
-0.517443
-0.516321
-0.515193
-0.514061
-0.512923
-0.511781
-0.510633
-0.509480
-0.508323
-0.507160
-0.505992
-0.504819
-0.503642
-0.502459
-0.501271
-0.500079
-0.498881
-0.497679
-0.496471
-0.495259
-0.494042
-0.492820
-0.491593
-0.490361
-0.489125
-0.487883
-0.486637
-0.485386
-0.484130
-0.482870
-0.481604
-0.480334
-0.479059
-0.477780
-0.476495
-0.475206
-0.473913
-0.472614
-0.471311
-0.470004
-0.468691
-0.467374
-0.466053
-0.464727
-0.463396
-0.462061
-0.460721
-0.459376
-0.458027
-0.456674
-0.455316
-0.453953
-0.452586
-0.451215
-0.449839
-0.448459
-0.447074
-0.445685
-0.444291
-0.442893
-0.441491
-0.440084
-0.438673
-0.437258
-0.435838
-0.434414
-0.432986
-0.431553
-0.430117
-0.428676
-0.427230
-0.425781
-0.424327
-0.422869
-0.421407
-0.419941
-0.418471
-0.416996
-0.415518
-0.414035
-0.412548
-0.411057
-0.409562
-0.408063
-0.406560
-0.405053
-0.403542
-0.402027
-0.400509
-0.398986
-0.397459
-0.395928
-0.394393
-0.392855
-0.391312
-0.389766
-0.388216
-0.386662
-0.385104
-0.383543
-0.381977
-0.380408
-0.378835
-0.377259
-0.375678
-0.374094
-0.372506
-0.370915
-0.369320
-0.367721
-0.366119
-0.364513
-0.362903
-0.361290
-0.359673
-0.358053
-0.356429
-0.354802
-0.353171
-0.351537
-0.349899
-0.348258
-0.346613
-0.344965
-0.343313
-0.341658
-0.340000
-0.338339
-0.336674
-0.335005
-0.333334
-0.331659
-0.329981
-0.328299
-0.326615
-0.324927
-0.323236
-0.321541
-0.319844
-0.318143
-0.316440
-0.314733
-0.313023
-0.311310
-0.309594
-0.307874
-0.306152
-0.304427
-0.302699
-0.300967
-0.299233
-0.297496
-0.295756
-0.294013
-0.292267
-0.290518
-0.288767
-0.287012
-0.285255
-0.283494
-0.281731
-0.279966
-0.278197
-0.276426
-0.274652
-0.272875
-0.271096
-0.269314
-0.267529
-0.265742
-0.263952
-0.262159
-0.260364
-0.258566
-0.256766
-0.254963
-0.253158
-0.251350
-0.249540
-0.247727
-0.245912
-0.244094
-0.242274
-0.240451
-0.238626
-0.236799
-0.234970
-0.233138
-0.231304
-0.229467
-0.227629
-0.225788
-0.223944
-0.222099
-0.220252
-0.218402
-0.216550
-0.214696
-0.212840
-0.210981
-0.209121
-0.207259
-0.205394
-0.203528
-0.201659
-0.199789
-0.197916
-0.196042
-0.194166
-0.192287
-0.190407
-0.188525
-0.186641
-0.184755
-0.182868
-0.180979
-0.179087
-0.177194
-0.175300
-0.173403
-0.171505
-0.169605
-0.167704
-0.165801
-0.163896
-0.161990
-0.160082
-0.158172
-0.156261
-0.154348
-0.152434
-0.150518
-0.148601
-0.146683
-0.144763
-0.142841
-0.140918
-0.138994
-0.137068
-0.135141
-0.133213
-0.131283
-0.129352
-0.127420
-0.125486
-0.123551
-0.121615
-0.119678
-0.117740
-0.115800
-0.113860
-0.111918
-0.109975
-0.108031
-0.106086
-0.104140
-0.102193
-0.100245
-0.098295
-0.096345
-0.094394
-0.092442
-0.090489
-0.088536
-0.086581
-0.084625
-0.082669
-0.080712
-0.078754
-0.076795
-0.074836
-0.072876
-0.070915
-0.068953
-0.066991
-0.065028
-0.063064
-0.061100
-0.059135
-0.057169
-0.055203
-0.053237
-0.051270
-0.049302
-0.047334
-0.045366
-0.043397
-0.041427
-0.039457
-0.037487
-0.035517
-0.033546
-0.031574
-0.029603
-0.027631
-0.025659
-0.023686
-0.021714
-0.019741
-0.017768
-0.015795
-0.013821
-0.011848
-0.009874
-0.007900
-0.005927
-0.003953
-0.001979
-0.000005
0.001969
0.003943
0.005917
0.007890
0.009864
0.011838
0.013811
0.015785
0.017758
0.019731
0.021704
0.023676
0.025649
0.027621
0.029593
0.031564
0.033536
0.035507
0.037477
0.039447
0.041417
0.043387
0.045356
0.047324
0.049292
0.051260
0.053227
0.055193
0.057159
0.059125
0.061090
0.063054
0.065018
0.066981
0.068943
0.070905
0.072866
0.074826
0.076785
0.078744
0.080702
0.082659
0.084616
0.086571
0.088526
0.090480
0.092432
0.094384
0.096335
0.098286
0.100235
0.102183
0.104130
0.106076
0.108021
0.109965
0.111908
0.113850
0.115791
0.117730
0.119668
0.121606
0.123542
0.125476
0.127410
0.129342
0.131273
0.133203
0.135131
0.137058
0.138984
0.140908
0.142831
0.144753
0.146673
0.148592
0.150509
0.152424
0.154339
0.156251
0.158162
0.160072
0.161980
0.163886
0.165791
0.167694
0.169596
0.171496
0.173394
0.175290
0.177185
0.179078
0.180969
0.182858
0.184746
0.186632
0.188516
0.190398
0.192278
0.194156
0.196032
0.197907
0.199779
0.201650
0.203518
0.205385
0.207249
0.209112
0.210972
0.212830
0.214686
0.216540
0.218392
0.220242
0.222090
0.223935
0.225778
0.227619
0.229458
0.231294
0.233129
0.234960
0.236790
0.238617
0.240442
0.242265
0.244085
0.245902
0.247718
0.249530
0.251341
0.253149
0.254954
0.256757
0.258557
0.260355
0.262150
0.263943
0.265733
0.267520
0.269305
0.271087
0.272866
0.274643
0.276417
0.278188
0.279957
0.281723
0.283486
0.285246
0.287003
0.288758
0.290509
0.292258
0.294004
0.295747
0.297487
0.299224
0.300959
0.302690
0.304418
0.306143
0.307866
0.309585
0.311301
0.313014
0.314724
0.316431
0.318135
0.319835
0.321533
0.323227
0.324918
0.326606
0.328291
0.329972
0.331650
0.333325
0.334997
0.336665
0.338330
0.339992
0.341650
0.343305
0.344956
0.346605
0.348249
0.349891
0.351528
0.353163
0.354794
0.356421
0.358045
0.359665
0.361282
0.362895
0.364505
0.366111
0.367713
0.369312
0.370907
0.372498
0.374086
0.375670
0.377251
0.378827
0.380400
0.381969
0.383535
0.385096
0.386654
0.388208
0.389758
0.391305
0.392847
0.394386
0.395920
0.397451
0.398978
0.400501
0.402020
0.403535
0.405046
0.406553
0.408056
0.409555
0.411050
0.412541
0.414027
0.415510
0.416989
0.418463
0.419934
0.421400
0.422862
0.424320
0.425773
0.427223
0.428668
0.430109
0.431546
0.432979
0.434407
0.435831
0.437251
0.438666
0.440077
0.441484
0.442886
0.444284
0.445678
0.447067
0.448452
0.449832
0.451208
0.452579
0.453946
0.455309
0.456667
0.458020
0.459369
0.460714
0.462054
0.463389
0.464720
0.466046
0.467368
0.468685
0.469997
0.471305
0.472608
0.473906
0.475200
0.476489
0.477773
0.479053
0.480328
0.481598
0.482863
0.484124
0.485380
0.486631
0.487877
0.489118
0.490355
0.491587
0.492814
0.494036
0.495253
0.496465
0.497673
0.498875
0.500073
0.501265
0.502453
0.503636
0.504813
0.505986
0.507154
0.508317
0.509474
0.510627
0.511775
0.512917
0.514055
0.515188
0.516315
0.517437
0.518554
0.519667
0.520773
0.521875
0.522972
0.524063
0.525150
0.526231
0.527307
0.528378
0.529443
0.530503
0.531559
0.532608
0.533653
0.534692
0.535726
0.536755
0.537778
0.538797
0.539809
0.540817
0.541819
0.542816
0.543807
0.544793
0.545774
0.546749
0.547719
0.548684
0.549643
0.550597
0.551545
0.552488
0.553425
0.554357
0.555283
0.556204
0.557120
0.558030
0.558934
0.559833
0.560726
0.561614
0.562496
0.563373
0.564244
0.565110
0.565970
0.566825
0.567673
0.568517
0.569354
0.570186
0.571013
0.571834
0.572649
0.573458
0.574262
0.575060
0.575853
0.576640
0.577421
0.578196
0.578966
0.579730
0.580488
0.581241
0.581987
0.582728
0.583464
0.584193
0.584917
0.585635
0.586347
0.587054
0.587754
0.588449
0.589138
0.589821
0.590499
0.591170
0.591836
0.592496
0.593150
0.593798
0.594441
0.595077
0.595708
0.596332
0.596951
0.597564
0.598171
0.598772
0.599368
0.599957
0.600540
0.601118
0.601689
0.602255
0.602815
0.603368
0.603916
0.604458
0.604994
0.605523
0.606047
0.606565
0.607077
0.607583
0.608083
0.608577
0.609065
0.609547
0.610022
0.610492
0.610956
0.611414
0.611866
0.612311
0.612751
0.613185
0.613612
0.614034
0.614449
0.614859
0.615262
0.615659
0.616051
0.616436
0.616815
0.617188
0.617555
0.617915
0.618270
0.618618
0.618961
0.619297
0.619627
0.619952
0.620270
0.620581
0.620887
0.621187
0.621480
0.621768
0.622049
0.622324
0.622593
0.622856
0.623112
0.623363
0.623607
0.623845
0.624077
0.624303
0.624523
0.624736
0.624944
0.625145
0.625340
0.625529
0.625712
0.625888
0.626059
0.626223
0.626381
0.626532
0.626678
0.626817
0.626951
0.627078
0.627199
0.627313
0.627422
0.627524
0.627620
0.627710
0.627794
0.627871
0.627943
0.628008
0.628067
0.628119
0.628166
0.628206
0.628240
0.628268
0.628290
0.628306
0.628315
0.628318
0.628315
0.628306
0.628290
0.628268
0.628241
0.628206
0.628166
0.628120
0.628067
0.628008
0.627943
0.627872
0.627794
0.627711
0.627621
0.627525
0.627422
0.627314
0.627199
0.627079
0.626952
0.626818
0.626679
0.626533
0.626382
0.626224
0.626059
0.625889
0.625713
0.625530
0.625341
0.625146
0.624945
0.624738
0.624524
0.624305
0.624079
0.623847
0.623609
0.623364
0.623114
0.622857
0.622594
0.622326
0.622051
0.621769
0.621482
0.621189
0.620889
0.620583
0.620271
0.619954
0.619629
0.619299
0.618963
0.618621
0.618272
0.617917
0.617557
0.617190
0.616817
0.616438
0.616053
0.615662
0.615265
0.614861
0.614452
0.614036
0.613615
0.613187
0.612754
0.612314
0.611868
0.611417
0.610959
0.610495
0.610025
0.609549
0.609068
0.608580
0.608086
0.607586
0.607080
0.606568
0.606050
0.605527
0.604997
0.604461
0.603919
0.603371
0.602818
0.602258
0.601693
0.601121
0.600544
0.599960
0.599371
0.598776
0.598175
0.597568
0.596955
0.596336
0.595711
0.595081
0.594444
0.593802
0.593154
0.592500
0.591840
0.591174
0.590503
0.589825
0.589142
0.588453
0.587758
0.587058
0.586351
0.585639
0.584921
0.584198
0.583468
0.582733
0.581992
0.581245
0.580492
0.579734
0.578970
0.578201
0.577425
0.576644
0.575857
0.575065
0.574267
0.573463
0.572654
0.571838
0.571018
0.570191
0.569359
0.568522
0.567678
0.566830
0.565975
0.565115
0.564250
0.563378
0.562502
0.561619
0.560732
0.559838
0.558939
0.558035
0.557125
0.556210
0.555289
0.554362
0.553430
0.552493
0.551550
0.550602
0.549649
0.548689
0.547725
0.546755
0.545780
0.544799
0.543813
0.542822
0.541825
0.540823
0.539815
0.538803
0.537784
0.536761
0.535732
0.534698
0.533659
0.532615
0.531565
0.530510
0.529449
0.528384
0.527313
0.526237
0.525156
0.524070
0.522978
0.521882
0.520780
0.519673
0.518561
0.517444
0.516322
0.515194
0.514062
0.512924
0.511782
0.510634
0.509481
0.508324
0.507161
0.505993
0.504820
0.503643
0.502460
0.501272
0.500080
0.498882
0.497680
0.496472
0.495260
0.494043
0.492821
0.491594
0.490362
0.489126
0.487884
0.486638
0.485387
0.484131
0.482871
0.481605
0.480335
0.479060
0.477781
0.476496
0.475207
0.473914
0.472615
0.471312
0.470005
0.468692
0.467375
0.466054
0.464728
0.463397
0.462062
0.460722
0.459377
0.458028
0.456675
0.455317
0.453954
0.452587
0.451216
0.449840
0.448460
0.447075
0.445686
0.444292
0.442894
0.441492
0.440085
0.438674
0.437259
0.435839
0.434415
0.432987
0.431555
0.430118
0.428677
0.427232
0.425782
0.424328
0.422871
0.421408
0.419942
0.418472
0.416997
0.415519
0.414036
0.412549
0.411059
0.409564
0.408065
0.406562
0.405055
0.403544
0.402029
0.400510
0.398987
0.397460
0.395929
0.394395
0.392856
0.391314
0.389767
0.388217
0.386663
0.385106
0.383544
0.381979
0.380409
0.378837
0.377260
0.375680
0.374095
0.372508
0.370916
0.369321
0.367722
0.366120
0.364514
0.362905
0.361291
0.359675
0.358054
0.356431
0.354803
0.353172
0.351538
0.349900
0.348259
0.346614
0.344966
0.343315
0.341660
0.340002
0.338340
0.336675
0.335007
0.333335
0.331660
0.329982
0.328301
0.326616
0.324928
0.323237
0.321543
0.319845
0.318145
0.316441
0.314734
0.313024
0.311311
0.309595
0.307876
0.306154
0.304428
0.302700
0.300969
0.299235
0.297498
0.295757
0.294014
0.292268
0.290520
0.288768
0.287013
0.285256
0.283496
0.281733
0.279967
0.278199
0.276427
0.274653
0.272877
0.271097
0.269315
0.267531
0.265743
0.263953
0.262161
0.260365
0.258568
0.256767
0.254965
0.253159
0.251351
0.249541
0.247728
0.245913
0.244095
0.242275
0.240453
0.238628
0.236801
0.234971
0.233139
0.231305
0.229469
0.227630
0.225789
0.223946
0.222101
0.220253
0.218403
0.216551
0.214697
0.212841
0.210983
0.209123
0.207260
0.205396
0.203529
0.201661
0.199790
0.197918
0.196043
0.194167
0.192289
0.190409
0.188527
0.186643
0.184757
0.182869
0.180980
0.179089
0.177196
0.175301
0.173405
0.171507
0.169607
0.167706
0.165802
0.163898
0.161991
0.160083
0.158174
0.156263
0.154350
0.152436
0.150520
0.148603
0.146684
0.144764
0.142843
0.140920
0.138995
0.137070
0.135143
0.133214
0.131285
0.129354
0.127421
0.125488
0.123553
0.121617
0.119680
0.117742
0.115802
0.113861
0.111920
0.109977
0.108033
0.106088
0.104141
0.102194
0.100246
0.098297
0.096347
0.094396
0.092444
0.090491
0.088537
0.086583
0.084627
0.082671
0.080714
0.078756
0.076797
0.074837
0.072877
0.070916
0.068955
0.066992
0.065029
0.063066
0.061101
0.059137
0.057171
0.055205
0.053239
0.051271
0.049304
0.047336
0.045367
0.043398
0.041429
0.039459
0.037489
0.035518
0.033547
0.031576
0.029604
0.027633
0.025660
0.023688
0.021715
0.019743
0.017770
0.015796
0.013823
0.011849
0.009876
0.007902
0.005928
0.003954
0.001981
0.000007
-0.001967
-0.003941
-0.005915
-0.007889
-0.009863
-0.011836
-0.013810
-0.015783
-0.017756
-0.019729
-0.021702
-0.023675
-0.025647
-0.027619
-0.029591
-0.031563
-0.033534
-0.035505
-0.037476
-0.039446
-0.041416
-0.043385
-0.045354
-0.047322
-0.049291
-0.051258
-0.053225
-0.055192
-0.057158
-0.059123
-0.061088
-0.063052
-0.065016
-0.066979
-0.068941
-0.070903
-0.072864
-0.074824
-0.076784
-0.078742
-0.080700
-0.082658
-0.084614
-0.086569
-0.088524
-0.090478
-0.092431
-0.094383
-0.096334
-0.098284
-0.100233
-0.102181
-0.104128
-0.106074
-0.108019
-0.109963
-0.111906
-0.113848
-0.115789
-0.117728
-0.119667
-0.121604
-0.123540
-0.125475
-0.127408
-0.129341
-0.131272
-0.133201
-0.135130
-0.137057
-0.138982
-0.140907
-0.142830
-0.144751
-0.146671
-0.148590
-0.150507
-0.152423
-0.154337
-0.156250
-0.158161
-0.160070
-0.161978
-0.163885
-0.165790
-0.167693
-0.169594
-0.171494
-0.173392
-0.175289
-0.177183
-0.179076
-0.180967
-0.182857
-0.184744
-0.186630
-0.188514
-0.190396
-0.192276
-0.194154
-0.196031
-0.197905
-0.199778
-0.201648
-0.203517
-0.205383
-0.207248
-0.209110
-0.210970
-0.212829
-0.214685
-0.216539
-0.218391
-0.220241
-0.222088
-0.223934
-0.225777
-0.227618
-0.229456
-0.231293
-0.233127
-0.234959
-0.236788
-0.238616
-0.240441
-0.242263
-0.244083
-0.245901
-0.247716
-0.249529
-0.251339
-0.253147
-0.254952
-0.256755
-0.258556
-0.260353
-0.262149
-0.263941
-0.265731
-0.267519
-0.269303
-0.271085
-0.272865
-0.274641
-0.276415
-0.278187
-0.279955
-0.281721
-0.283484
-0.285244
-0.287002
-0.288756
-0.290508
-0.292257
-0.294003
-0.295746
-0.297486
-0.299223
-0.300957
-0.302688
-0.304417
-0.306142
-0.307864
-0.309583
-0.311300
-0.313013
-0.314723
-0.316430
-0.318133
-0.319834
-0.321531
-0.323226
-0.324917
-0.326605
-0.328289
-0.329971
-0.331649
-0.333324
-0.334995
-0.336664
-0.338329
-0.339990
-0.341649
-0.343304
-0.344955
-0.346603
-0.348248
-0.349889
-0.351527
-0.353161
-0.354792
-0.356420
-0.358043
-0.359664
-0.361280
-0.362894
-0.364503
-0.366109
-0.367712
-0.369310
-0.370906
-0.372497
-0.374085
-0.375669
-0.377249
-0.378826
-0.380399
-0.381968
-0.383533
-0.385095
-0.386653
-0.388207
-0.389757
-0.391303
-0.392846
-0.394384
-0.395919
-0.397450
-0.398977
-0.400500
-0.402019
-0.403534
-0.405045
-0.406552
-0.408055
-0.409554
-0.411048
-0.412539
-0.414026
-0.415509
-0.416987
-0.418462
-0.419932
-0.421399
-0.422861
-0.424319
-0.425772
-0.427222
-0.428667
-0.430108
-0.431545
-0.432977
-0.434406
-0.435830
-0.437249
-0.438665
-0.440076
-0.441483
-0.442885
-0.444283
-0.445676
-0.447066
-0.448450
-0.449831
-0.451207
-0.452578
-0.453945
-0.455308
-0.456666
-0.458019
-0.459368
-0.460713
-0.462053
-0.463388
-0.464719
-0.466045
-0.467367
-0.468684
-0.469996
-0.471304
-0.472607
-0.473905
-0.475199
-0.476488
-0.477772
-0.479052
-0.480327
-0.481597
-0.482862
-0.484123
-0.485379
-0.486630
-0.487876
-0.489117
-0.490354
-0.491586
-0.492813
-0.494035
-0.495252
-0.496464
-0.497672
-0.498874
-0.500072
-0.501264
-0.502452
-0.503635
-0.504812
-0.505985
-0.507153
-0.508316
-0.509473
-0.510626
-0.511774
-0.512917
-0.514054
-0.515187
-0.516314
-0.517436
-0.518553
-0.519666
-0.520773
-0.521874
-0.522971
-0.524063
-0.525149
-0.526230
-0.527306
-0.528377
-0.529442
-0.530503
-0.531558
-0.532607
-0.533652
-0.534691
-0.535725
-0.536754
-0.537778
-0.538796
-0.539809
-0.540816
-0.541818
-0.542815
-0.543806
-0.544793
-0.545773
-0.546749
-0.547718
-0.548683
-0.549642
-0.550596
-0.551544
-0.552487
-0.553424
-0.554356
-0.555282
-0.556203
-0.557119
-0.558029
-0.558933
-0.559832
-0.560726
-0.561613
-0.562496
-0.563372
-0.564244
-0.565109
-0.565969
-0.566824
-0.567673
-0.568516
-0.569354
-0.570186
-0.571012
-0.571833
-0.572648
-0.573458
-0.574261
-0.575060
-0.575852
-0.576639
-0.577420
-0.578195
-0.578965
-0.579729
-0.580487
-0.581240
-0.581987
-0.582728
-0.583463
-0.584193
-0.584916
-0.585634
-0.586347
-0.587053
-0.587754
-0.588449
-0.589138
-0.589821
-0.590498
-0.591170
-0.591836
-0.592495
-0.593150
-0.593798
-0.594440
-0.595077
-0.595707
-0.596332
-0.596951
-0.597564
-0.598171
-0.598772
-0.599367
-0.599956
-0.600540
-0.601117
-0.601689
-0.602254
-0.602814
-0.603368
-0.603916
-0.604457
-0.604993
-0.605523
-0.606047
-0.606565
-0.607077
-0.607583
-0.608082
-0.608576
-0.609064
-0.609546
-0.610022
-0.610492
-0.610956
-0.611414
-0.611865
-0.612311
-0.612751
-0.613184
-0.613612
-0.614034
-0.614449
-0.614858
-0.615262
-0.615659
-0.616050
-0.616435
-0.616814
-0.617187
-0.617554
-0.617915
-0.618270
-0.618618
-0.618961
-0.619297
-0.619627
-0.619951
-0.620269
-0.620581
-0.620887
-0.621187
-0.621480
-0.621767
-0.622049
-0.622324
-0.622593
-0.622855
-0.623112
-0.623363
-0.623607
-0.623845
-0.624077
-0.624303
-0.624523
-0.624736
-0.624944
-0.625145
-0.625340
-0.625529
-0.625711
-0.625888
-0.626058
-0.626223
-0.626381
-0.626532
-0.626678
-0.626817
-0.626951
-0.627078
-0.627199
-0.627313
-0.627422
-0.627524
-0.627620
-0.627710
-0.627794
-0.627871
-0.627943
-0.628008
-0.628067
-0.628119
-0.628166
-0.628206
-0.628240
-0.628268
-0.628290
-0.628306
-0.628315
-0.628318
-0.628315
-0.628306
-0.628290
-0.628268
-0.628241
-0.628207
-0.628166
-0.628120
-0.628067
-0.628008
-0.627943
-0.627872
-0.627794
-0.627711
-0.627621
-0.627525
-0.627423
-0.627314
-0.627199
-0.627079
-0.626952
-0.626818
-0.626679
-0.626533
-0.626382
-0.626224
-0.626060
-0.625889
-0.625713
-0.625530
-0.625341
-0.625146
-0.624945
-0.624738
-0.624524
-0.624305
-0.624079
-0.623847
-0.623609
-0.623364
-0.623114
-0.622857
-0.622595
-0.622326
-0.622051
-0.621770
-0.621482
-0.621189
-0.620889
-0.620584
-0.620272
-0.619954
-0.619630
-0.619300
-0.618963
-0.618621
-0.618272
-0.617918
-0.617557
-0.617190
-0.616817
-0.616438
-0.616053
-0.615662
-0.615265
-0.614862
-0.614452
-0.614037
-0.613615
-0.613188
-0.612754
-0.612314
-0.611869
-0.611417
-0.610959
-0.610496
-0.610026
-0.609550
-0.609068
-0.608580
-0.608086
-0.607586
-0.607081
-0.606569
-0.606051
-0.605527
-0.604997
-0.604461
-0.603920
-0.603372
-0.602818
-0.602259
-0.601693
-0.601122
-0.600544
-0.599961
-0.599372
-0.598776
-0.598175
-0.597568
-0.596955
-0.596337
-0.595712
-0.595081
-0.594445
-0.593803
-0.593154
-0.592500
-0.591841
-0.591175
-0.590503
-0.589826
-0.589143
-0.588454
-0.587759
-0.587058
-0.586352
-0.585640
-0.584922
-0.584198
-0.583469
-0.582733
-0.581992
-0.581246
-0.580493
-0.579735
-0.578971
-0.578201
-0.577426
-0.576645
-0.575858
-0.575066
-0.574267
-0.573464
-0.572654
-0.571839
-0.571018
-0.570192
-0.569360
-0.568522
-0.567679
-0.566830
-0.565976
-0.565116
-0.564250
-0.563379
-0.562502
-0.561620
-0.560732
-0.559839
-0.558940
-0.558036
-0.557126
-0.556210
-0.555289
-0.554363
-0.553431
-0.552494
-0.551551
-0.550603
-0.549649
-0.548690
-0.547726
-0.546756
-0.545781
-0.544800
-0.543814
-0.542823
-0.541826
-0.540824
-0.539816
-0.538803
-0.537785
-0.536762
-0.535733
-0.534699
-0.533660
-0.532615
-0.531566
-0.530511
-0.529450
-0.528385
-0.527314
-0.526238
-0.525157
-0.524071
-0.522979
-0.521883
-0.520781
-0.519674
-0.518562
-0.517445
-0.516323
-0.515195
-0.514063
-0.512925
-0.511783
-0.510635
-0.509482
-0.508325
-0.507162
-0.505994
-0.504821
-0.503644
-0.502461
-0.501273
-0.500081
-0.498883
-0.497681
-0.496473
-0.495261
-0.494044
-0.492822
-0.491595
-0.490363
-0.489127
-0.487885
-0.486639
-0.485388
-0.484132
-0.482872
-0.481606
-0.480336
-0.479061
-0.477782
-0.476498
-0.475209
-0.473915
-0.472617
-0.471314
-0.470006
-0.468694
-0.467377
-0.466055
-0.464729
-0.463398
-0.462063
-0.460723
-0.459378
-0.458030
-0.456676
-0.455318
-0.453956
-0.452589
-0.451217
-0.449841
-0.448461
-0.447076
-0.445687
-0.444294
-0.442896
-0.441493
-0.440087
-0.438676
-0.437260
-0.435841
-0.434417
-0.432988
-0.431556
-0.430119
-0.428678
-0.427233
-0.425783
-0.424330
-0.422872
-0.421410
-0.419944
-0.418473
-0.416999
-0.415520
-0.414037
-0.412551
-0.411060
-0.409565
-0.408066
-0.406563
-0.405056
-0.403545
-0.402030
-0.400511
-0.398988
-0.397461
-0.395931
-0.394396
-0.392857
-0.391315
-0.389769
-0.388219
-0.386665
-0.385107
-0.383545
-0.381980
-0.380411
-0.378838
-0.377261
-0.375681
-0.374097
-0.372509
-0.370918
-0.369323
-0.367724
-0.366121
-0.364515
-0.362906
-0.361293
-0.359676
-0.358056
-0.356432
-0.354805
-0.353174
-0.351539
-0.349902
-0.348260
-0.346616
-0.344968
-0.343316
-0.341661
-0.340003
-0.338341
-0.336676
-0.335008
-0.333337
-0.331662
-0.329984
-0.328302
-0.326617
-0.324930
-0.323239
-0.321544
-0.319847
-0.318146
-0.316442
-0.314736
-0.313026
-0.311313
-0.309596
-0.307877
-0.306155
-0.304430
-0.302702
-0.300970
-0.299236
-0.297499
-0.295759
-0.294016
-0.292270
-0.290521
-0.288769
-0.287015
-0.285258
-0.283497
-0.281734
-0.279969
-0.278200
-0.276429
-0.274655
-0.272878
-0.271099
-0.269317
-0.267532
-0.265745
-0.263955
-0.262162
-0.260367
-0.258569
-0.256769
-0.254966
-0.253161
-0.251353
-0.249543
-0.247730
-0.245915
-0.244097
-0.242277
-0.240454
-0.238630
-0.236802
-0.234973
-0.233141
-0.231307
-0.229470
-0.227632
-0.225791
-0.223948
-0.222102
-0.220255
-0.218405
-0.216553
-0.214699
-0.212843
-0.210985
-0.209124
-0.207262
-0.205397
-0.203531
-0.201662
-0.199792
-0.197919
-0.196045
-0.194169
-0.192290
-0.190410
-0.188528
-0.186644
-0.184759
-0.182871
-0.180982
-0.179091
-0.177198
-0.175303
-0.173407
-0.171508
-0.169609
-0.167707
-0.165804
-0.163899
-0.161993
-0.160085
-0.158175
-0.156264
-0.154352
-0.152437
-0.150522
-0.148605
-0.146686
-0.144766
-0.142844
-0.140921
-0.138997
-0.137071
-0.135144
-0.133216
-0.131286
-0.129355
-0.127423
-0.125489
-0.123555
-0.121619
-0.119682
-0.117743
-0.115804
-0.113863
-0.111921
-0.109978
-0.108034
-0.106089
-0.104143
-0.102196
-0.100248
-0.098299
-0.096349
-0.094398
-0.092446
-0.090493
-0.088539
-0.086584
-0.084629
-0.082672
-0.080715
-0.078757
-0.076799
-0.074839
-0.072879
-0.070918
-0.068956
-0.066994
-0.065031
-0.063067
-0.061103
-0.059138
-0.057173
-0.055207
-0.053240
-0.051273
-0.049306
-0.047337
-0.045369
-0.043400
-0.041431
-0.039461
-0.037490
-0.035520
-0.033549
-0.031578
-0.029606
-0.027634
-0.025662
-0.023690
-0.021717
-0.019744
-0.017771
-0.015798
-0.013825
-0.011851
-0.009878
-0.007904
-0.005930
-0.003956
-0.001982
-0.000008
0.001966
0.003939
0.005913
0.007887
0.009861
0.011834
0.013808
0.015781
0.017755
0.019728
0.021700
0.023673
0.025645
0.027618
0.029589
0.031561
0.033532
0.035503
0.037474
0.039444
0.041414
0.043383
0.045352
0.047321
0.049289
0.051256
0.053224
0.055190
0.057156
0.059122
0.061086
0.063051
0.065014
0.066977
0.068940
0.070901
0.072862
0.074823
0.076782
0.078741
0.080699
0.082656
0.084612
0.086568
0.088522
0.090476
0.092429
0.094381
0.096332
0.098282
0.100231
0.102180
0.104127
0.106073
0.108018
0.109962
0.111905
0.113847
0.115787
0.117727
0.119665
0.121602
0.123538
0.125473
0.127407
0.129339
0.131270
0.133200
0.135128
0.137055
0.138981
0.140905
0.142828
0.144750
0.146670
0.148588
0.150506
0.152421
0.154335
0.156248
0.158159
0.160069
0.161977
0.163883
0.165788
0.167691
0.169593
0.171492
0.173391
0.175287
0.177182
0.179075
0.180966
0.182855
0.184743
0.186628
0.188512
0.190394
0.192275
0.194153
0.196029
0.197904
0.199776
0.201647
0.203515
0.205382
0.207246
0.209108
0.210969
0.212827
0.214683
0.216537
0.218389
0.220239
0.222087
0.223932
0.225775
0.227616
0.229455
0.231291
0.233126
0.234957
0.236787
0.238614
0.240439
0.242261
0.244082
0.245899
0.247715
0.249527
0.251338
0.253146
0.254951
0.256754
0.258554
0.260352
0.262147
0.263940
0.265730
0.267517
0.269302
0.271084
0.272863
0.274640
0.276414
0.278185
0.279954
0.281720
0.283483
0.285243
0.287000
0.288755
0.290506
0.292255
0.294001
0.295744
0.297484
0.299221
0.300956
0.302687
0.304415
0.306141
0.307863
0.309582
0.311298
0.313011
0.314721
0.316428
0.318132
0.319832
0.321530
0.323224
0.324915
0.326603
0.328288
0.329969
0.331648
0.333322
0.334994
0.336662
0.338327
0.339989
0.341647
0.343302
0.344954
0.346602
0.348247
0.349888
0.351526
0.353160
0.354791
0.356418
0.358042
0.359662
0.361279
0.362892
0.364502
0.366108
0.367710
0.369309
0.370904
0.372496
0.374083
0.375668
0.377248
0.378825
0.380397
0.381967
0.383532
0.385094
0.386651
0.388205
0.389756
0.391302
0.392844
0.394383
0.395918
0.397448
0.398975
0.400498
0.402017
0.403532
0.405043
0.406550
0.408053
0.409552
0.411047
0.412538
0.414025
0.415508
0.416986
0.418461
0.419931
0.421397
0.422859
0.424317
0.425771
0.427221
0.428666
0.430107
0.431544
0.432976
0.434405
0.435829
0.437248
0.438664
0.440075
0.441481
0.442884
0.444282
0.445675
0.447065
0.448449
0.449830
0.451206
0.452577
0.453944
0.455307
0.456665
0.458018
0.459367
0.460712
0.462051
0.463387
0.464718
0.466044
0.467365
0.468682
0.469995
0.471302
0.472606
0.473904
0.475198
0.476487
0.477771
0.479051
0.480326
0.481596
0.482861
0.484122
0.485378
0.486629
0.487875
0.489116
0.490353
0.491585
0.492812
0.494034
0.495251
0.496463
0.497671
0.498873
0.500071
0.501263
0.502451
0.503634
0.504811
0.505984
0.507152
0.508315
0.509472
0.510625
0.511773
0.512916
0.514053
0.515186
0.516313
0.517435
0.518553
0.519665
0.520772
0.521873
0.522970
0.524062
0.525148
0.526229
0.527305
0.528376
0.529441
0.530502
0.531557
0.532607
0.533651
0.534690
0.535725
0.536753
0.537777
0.538795
0.539808
0.540815
0.541817
0.542814
0.543806
0.544792
0.545772
0.546748
0.547718
0.548682
0.549641
0.550595
0.551543
0.552486
0.553423
0.554355
0.555282
0.556203
0.557118
0.558028
0.558932
0.559831
0.560725
0.561613
0.562495
0.563372
0.564243
0.565109
0.565969
0.566823
0.567672
0.568515
0.569353
0.570185
0.571011
0.571832
0.572647
0.573457
0.574261
0.575059
0.575851
0.576638
0.577419
0.578195
0.578964
0.579728
0.580487
0.581239
0.581986
0.582727
0.583462
0.584192
0.584916
0.585634
0.586346
0.587052
0.587753
0.588448
0.589137
0.589820
0.590498
0.591169
0.591835
0.592495
0.593149
0.593797
0.594440
0.595076
0.595707
0.596331
0.596950
0.597563
0.598170
0.598771
0.599367
0.599956
0.600539
0.601117
0.601688
0.602254
0.602814
0.603367
0.603915
0.604457
0.604993
0.605523
0.606046
0.606564
0.607076
0.607582
0.608082
0.608576
0.609064
0.609546
0.610022
0.610492
0.610955
0.611413
0.611865
0.612311
0.612750
0.613184
0.613612
0.614033
0.614449
0.614858
0.615261
0.615659
0.616050
0.616435
0.616814
0.617187
0.617554
0.617915
0.618269
0.618618
0.618960
0.619297
0.619627
0.619951
0.620269
0.620581
0.620887
0.621186
0.621480
0.621767
0.622048
0.622323
0.622592
0.622855
0.623112
0.623362
0.623607
0.623845
0.624077
0.624303
0.624523
0.624736
0.624943
0.625145
0.625340
0.625529
0.625711
0.625888
0.626058
0.626222
0.626380
0.626532
0.626678
0.626817
0.626951
0.627078
0.627198
0.627313
0.627422
0.627524
0.627620
0.627710
0.627794
0.627871
0.627943
0.628008
0.628067
0.628119
0.628166
0.628206
0.628240
0.628268
0.628290
0.628306
0.628315
0.628318
0.628315
0.628306
0.628290
0.628269
0.628241
0.628207
0.628166
0.628120
0.628067
0.628008
0.627943
0.627872
0.627794
0.627711
0.627621
0.627525
0.627423
0.627314
0.627200
0.627079
0.626952
0.626819
0.626679
0.626534
0.626382
0.626224
0.626060
0.625889
0.625713
0.625530
0.625342
0.625147
0.624945
0.624738
0.624525
0.624305
0.624079
0.623847
0.623609
0.623365
0.623114
0.622858
0.622595
0.622326
0.622051
0.621770
0.621483
0.621189
0.620890
0.620584
0.620272
0.619954
0.619630
0.619300
0.618964
0.618621
0.618273
0.617918
0.617557
0.617190
0.616818
0.616439
0.616054
0.615662
0.615265
0.614862
0.614453
0.614037
0.613616
0.613188
0.612755
0.612315
0.611869
0.611417
0.610960
0.610496
0.610026
0.609550
0.609068
0.608581
0.608087
0.607587
0.607081
0.606569
0.606051
0.605527
0.604998
0.604462
0.603920
0.603372
0.602819
0.602259
0.601694
0.601122
0.600545
0.599961
0.599372
0.598777
0.598176
0.597569
0.596956
0.596337
0.595712
0.595082
0.594445
0.593803
0.593155
0.592501
0.591841
0.591175
0.590504
0.589827
0.589143
0.588454
0.587760
0.587059
0.586353
0.585640
0.584922
0.584199
0.583469
0.582734
0.581993
0.581246
0.580494
0.579736
0.578972
0.578202
0.577427
0.576645
0.575859
0.575066
0.574268
0.573464
0.572655
0.571840
0.571019
0.570193
0.569361
0.568523
0.567680
0.566831
0.565977
0.565117
0.564251
0.563380
0.562503
0.561621
0.560733
0.559840
0.558941
0.558036
0.557127
0.556211
0.555290
0.554364
0.553432
0.552495
0.551552
0.550604
0.549650
0.548691
0.547727
0.546757
0.545781
0.544801
0.543815
0.542823
0.541827
0.540825
0.539817
0.538804
0.537786
0.536763
0.535734
0.534700
0.533661
0.532616
0.531567
0.530512
0.529451
0.528386
0.527315
0.526239
0.525158
0.524072
0.522980
0.521884
0.520782
0.519675
0.518563
0.517446
0.516323
0.515196
0.514064
0.512926
0.511784
0.510636
0.509483
0.508326
0.507163
0.505995
0.504822
0.503645
0.502462
0.501274
0.500082
0.498884
0.497682
0.496474
0.495262
0.494045
0.492823
0.491596
0.490364
0.489128
0.487886
0.486640
0.485389
0.484133
0.482873
0.481607
0.480337
0.479063
0.477783
0.476499
0.475210
0.473916
0.472618
0.471315
0.470007
0.468695
0.467378
0.466056
0.464730
0.463399
0.462064
0.460724
0.459380
0.458031
0.456677
0.455319
0.453957
0.452590
0.451218
0.449842
0.448462
0.447077
0.445688
0.444295
0.442897
0.441494
0.440088
0.438677
0.437261
0.435842
0.434418
0.432990
0.431557
0.430120
0.428679
0.427234
0.425785
0.424331
0.422873
0.421411
0.419945
0.418474
0.417000
0.415521
0.414039
0.412552
0.411061
0.409566
0.408067
0.406564
0.405057
0.403546
0.402031
0.400512
0.398990
0.397463
0.395932
0.394397
0.392859
0.391316
0.389770
0.388220
0.386666
0.385108
0.383547
0.381981
0.380412
0.378839
0.377263
0.375682
0.374098
0.372510
0.370919
0.369324
0.367725
0.366123
0.364517
0.362907
0.361294
0.359677
0.358057
0.356433
0.354806
0.353175
0.351541
0.349903
0.348262
0.346617
0.344969
0.343318
0.341663
0.340004
0.338343
0.336678
0.335010
0.333338
0.331663
0.329985
0.328304
0.326619
0.324931
0.323240
0.321546
0.319848
0.318148
0.316444
0.314737
0.313027
0.311314
0.309598
0.307879
0.306157
0.304431
0.302703
0.300972
0.299238
0.297500
0.295760
0.294017
0.292271
0.290523
0.288771
0.287016
0.285259
0.283499
0.281736
0.279970
0.278202
0.276430
0.274656
0.272880
0.271100
0.269318
0.267534
0.265746
0.263956
0.262164
0.260369
0.258571
0.256770
0.254968
0.253162
0.251354
0.249544
0.247731
0.245916
0.244098
0.242278
0.240456
0.238631
0.236804
0.234974
0.233143
0.231308
0.229472
0.227633
0.225792
0.223949
0.222104
0.220256
0.218406
0.216555
0.214701
0.212844
0.210986
0.209126
0.207263
0.205399
0.203532
0.201664
0.199793
0.197921
0.196047
0.194170
0.192292
0.190412
0.188530
0.186646
0.184760
0.182873
0.180983
0.179092
0.177199
0.175305
0.173408
0.171510
0.169610
0.167709
0.165806
0.163901
0.161995
0.160087
0.158177
0.156266
0.154353
0.152439
0.150523
0.148606
0.146688
0.144767
0.142846
0.140923
0.138999
0.137073
0.135146
0.133218
0.131288
0.129357
0.127425
0.125491
0.123556
0.121620
0.119683
0.117745
0.115805
0.113865
0.111923
0.109980
0.108036
0.106091
0.104145
0.102198
0.100250
0.098300
0.096350
0.094399
0.092447
0.090494
0.088541
0.086586
0.084630
0.082674
0.080717
0.078759
0.076800
0.074841
0.072881
0.070920
0.068958
0.066996
0.065033
0.063069
0.061105
0.059140
0.057174
0.055208
0.053242
0.051275
0.049307
0.047339
0.045371
0.043402
0.041432
0.039462
0.037492
0.035522
0.033551
0.031579
0.029608
0.027636
0.025664
0.023691
0.021719
0.019746
0.017773
0.015800
0.013826
0.011853
0.009879
0.007905
0.005932
0.003958
0.001984
0.000010
-0.001964
-0.003938
-0.005912
-0.007885
-0.009859
-0.011833
-0.013806
-0.015780
-0.017753
-0.019726
-0.021699
-0.023671
-0.025644
-0.027616
-0.029588
-0.031559
-0.033531
-0.035502
-0.037472
-0.039442
-0.041412
-0.043382
-0.045351
-0.047319
-0.049287
-0.051255
-0.053222
-0.055188
-0.057154
-0.059120
-0.061085
-0.063049
-0.065013
-0.066976
-0.068938
-0.070900
-0.072861
-0.074821
-0.076780
-0.078739
-0.080697
-0.082654
-0.084611
-0.086566
-0.088521
-0.090475
-0.092427
-0.094379
-0.096331
-0.098281
-0.100230
-0.102178
-0.104125
-0.106071
-0.108016
-0.109960
-0.111903
-0.113845
-0.115786
-0.117725
-0.119664
-0.121601
-0.123537
-0.125471
-0.127405
-0.129337
-0.131268
-0.133198
-0.135126
-0.137053
-0.138979
-0.140903
-0.142826
-0.144748
-0.146668
-0.148587
-0.150504
-0.152420
-0.154334
-0.156247
-0.158158
-0.160067
-0.161975
-0.163882
-0.165786
-0.167690
-0.169591
-0.171491
-0.173389
-0.175285
-0.177180
-0.179073
-0.180964
-0.182854
-0.184741
-0.186627
-0.188511
-0.190393
-0.192273
-0.194151
-0.196028
-0.197902
-0.199775
-0.201645
-0.203514
-0.205380
-0.207244
-0.209107
-0.210967
-0.212826
-0.214682
-0.216536
-0.218388
-0.220237
-0.222085
-0.223930
-0.225774
-0.227615
-0.229453
-0.231290
-0.233124
-0.234956
-0.236785
-0.238613
-0.240437
-0.242260
-0.244080
-0.245898
-0.247713
-0.249526
-0.251336
-0.253144
-0.254949
-0.256752
-0.258553
-0.260350
-0.262146
-0.263938
-0.265728
-0.267516
-0.269300
-0.271082
-0.272862
-0.274638
-0.276412
-0.278184
-0.279952
-0.281718
-0.283481
-0.285241
-0.286999
-0.288753
-0.290505
-0.292254
-0.294000
-0.295743
-0.297483
-0.299220
-0.300954
-0.302686
-0.304414
-0.306139
-0.307861
-0.309581
-0.311297
-0.313010
-0.314720
-0.316427
-0.318130
-0.319831
-0.321528
-0.323223
-0.324914
-0.326602
-0.328286
-0.329968
-0.331646
-0.333321
-0.334993
-0.336661
-0.338326
-0.339988
-0.341646
-0.343301
-0.344952
-0.346600
-0.348245
-0.349886
-0.351524
-0.353159
-0.354789
-0.356417
-0.358041
-0.359661
-0.361278
-0.362891
-0.364501
-0.366107
-0.367709
-0.369308
-0.370903
-0.372494
-0.374082
-0.375666
-0.377247
-0.378823
-0.380396
-0.381965
-0.383531
-0.385092
-0.386650
-0.388204
-0.389754
-0.391301
-0.392843
-0.394382
-0.395916
-0.397447
-0.398974
-0.400497
-0.402016
-0.403531
-0.405042
-0.406549
-0.408052
-0.409551
-0.411046
-0.412537
-0.414024
-0.415506
-0.416985
-0.418459
-0.419930
-0.421396
-0.422858
-0.424316
-0.425770
-0.427219
-0.428665
-0.430106
-0.431543
-0.432975
-0.434403
-0.435827
-0.437247
-0.438662
-0.440073
-0.441480
-0.442883
-0.444281
-0.445674
-0.447063
-0.448448
-0.449828
-0.451204
-0.452576
-0.453943
-0.455305
-0.456663
-0.458017
-0.459366
-0.460710
-0.462050
-0.463386
-0.464717
-0.466043
-0.467364
-0.468681
-0.469994
-0.471301
-0.472604
-0.473903
-0.475197
-0.476486
-0.477770
-0.479050
-0.480324
-0.481595
-0.482860
-0.484121
-0.485377
-0.486628
-0.487874
-0.489115
-0.490352
-0.491584
-0.492811
-0.494033
-0.495250
-0.496462
-0.497670
-0.498872
-0.500070
-0.501262
-0.502450
-0.503633
-0.504810
-0.505983
-0.507151
-0.508314
-0.509472
-0.510624
-0.511772
-0.512915
-0.514052
-0.515185
-0.516312
-0.517434
-0.518552
-0.519664
-0.520771
-0.521872
-0.522969
-0.524061
-0.525147
-0.526228
-0.527304
-0.528375
-0.529440
-0.530501
-0.531556
-0.532606
-0.533650
-0.534690
-0.535724
-0.536752
-0.537776
-0.538794
-0.539807
-0.540814
-0.541817
-0.542813
-0.543805
-0.544791
-0.545772
-0.546747
-0.547717
-0.548681
-0.549640
-0.550594
-0.551542
-0.552485
-0.553423
-0.554354
-0.555281
-0.556202
-0.557117
-0.558027
-0.558932
-0.559831
-0.560724
-0.561612
-0.562494
-0.563371
-0.564242
-0.565108
-0.565968
-0.566822
-0.567671
-0.568515
-0.569352
-0.570184
-0.571011
-0.571832
-0.572647
-0.573456
-0.574260
-0.575058
-0.575851
-0.576638
-0.577419
-0.578194
-0.578964
-0.579728
-0.580486
-0.581239
-0.581985
-0.582727
-0.583462
-0.584191
-0.584915
-0.585633
-0.586345
-0.587052
-0.587753
-0.588447
-0.589136
-0.589820
-0.590497
-0.591169
-0.591834
-0.592494
-0.593148
-0.593797
-0.594439
-0.595075
-0.595706
-0.596331
-0.596950
-0.597563
-0.598170
-0.598771
-0.599366
-0.599955
-0.600539
-0.601116
-0.601688
-0.602253
-0.602813
-0.603367
-0.603915
-0.604456
-0.604992
-0.605522
-0.606046
-0.606564
-0.607076
-0.607582
-0.608082
-0.608576
-0.609063
-0.609545
-0.610021
-0.610491
-0.610955
-0.611413
-0.611865
-0.612310
-0.612750
-0.613184
-0.613611
-0.614033
-0.614448
-0.614858
-0.615261
-0.615658
-0.616050
-0.616435
-0.616814
-0.617187
-0.617554
-0.617914
-0.618269
-0.618618
-0.618960
-0.619296
-0.619627
-0.619951
-0.620269
-0.620581
-0.620886
-0.621186
-0.621480
-0.621767
-0.622048
-0.622323
-0.622592
-0.622855
-0.623112
-0.623362
-0.623607
-0.623845
-0.624077
-0.624303
-0.624522
-0.624736
-0.624943
-0.625145
-0.625340
-0.625528
-0.625711
-0.625888
-0.626058
-0.626222
-0.626380
-0.626532
-0.626678
-0.626817
-0.626950
-0.627077
-0.627198
-0.627313
-0.627422
-0.627524
-0.627620
-0.627710
-0.627794
-0.627871
-0.627942
-0.628008
-0.628067
-0.628119
-0.628166
-0.628206
-0.628240
-0.628268
-0.628290
-0.628306
-0.628315
-0.628318
-0.628315
-0.628306
-0.628290
-0.628269
-0.628241
-0.628207
-0.628166
-0.628120
-0.628067
-0.628008
-0.627943
-0.627872
-0.627795
-0.627711
-0.627621
-0.627525
-0.627423
-0.627314
-0.627200
-0.627079
-0.626952
-0.626819
-0.626679
-0.626534
-0.626382
-0.626224
-0.626060
-0.625890
-0.625713
-0.625531
-0.625342
-0.625147
-0.624946
-0.624738
-0.624525
-0.624305
-0.624079
-0.623847
-0.623609
-0.623365
-0.623114
-0.622858
-0.622595
-0.622326
-0.622051
-0.621770
-0.621483
-0.621189
-0.620890
-0.620584
-0.620272
-0.619954
-0.619630
-0.619300
-0.618964
-0.618621
-0.618273
-0.617918
-0.617558
-0.617191
-0.616818
-0.616439
-0.616054
-0.615663
-0.615266
-0.614862
-0.614453
-0.614037
-0.613616
-0.613188
-0.612755
-0.612315
-0.611870
-0.611418
-0.610960
-0.610496
-0.610026
-0.609551
-0.609069
-0.608581
-0.608087
-0.607587
-0.607081
-0.606570
-0.606052
-0.605528
-0.604998
-0.604462
-0.603921
-0.603373
-0.602819
-0.602260
-0.601694
-0.601123
-0.600545
-0.599962
-0.599373
-0.598777
-0.598176
-0.597569
-0.596956
-0.596338
-0.595713
-0.595082
-0.594446
-0.593804
-0.593156
-0.592502
-0.591842
-0.591176
-0.590505
-0.589827
-0.589144
-0.588455
-0.587760
-0.587060
-0.586353
-0.585641
-0.584923
-0.584199
-0.583470
-0.582735
-0.581994
-0.581247
-0.580494
-0.579736
-0.578972
-0.578203
-0.577427
-0.576646
-0.575859
-0.575067
-0.574269
-0.573465
-0.572656
-0.571841
-0.571020
-0.570193
-0.569361
-0.568524
-0.567681
-0.566832
-0.565977
-0.565117
-0.564252
-0.563381
-0.562504
-0.561622
-0.560734
-0.559840
-0.558942
-0.558037
-0.557127
-0.556212
-0.555291
-0.554365
-0.553433
-0.552496
-0.551553
-0.550605
-0.549651
-0.548692
-0.547727
-0.546758
-0.545782
-0.544802
-0.543816
-0.542824
-0.541827
-0.540825
-0.539818
-0.538805
-0.537787
-0.536764
-0.535735
-0.534701
-0.533662
-0.532617
-0.531567
-0.530512
-0.529452
-0.528387
-0.527316
-0.526240
-0.525159
-0.524073
-0.522981
-0.521885
-0.520783
-0.519676
-0.518564
-0.517447
-0.516324
-0.515197
-0.514065
-0.512927
-0.511785
-0.510637
-0.509484
-0.508327
-0.507164
-0.505996
-0.504823
-0.503646
-0.502463
-0.501275
-0.500083
-0.498885
-0.497683
-0.496475
-0.495263
-0.494046
-0.492824
-0.491597
-0.490365
-0.489129
-0.487888
-0.486641
-0.485390
-0.484134
-0.482874
-0.481609
-0.480338
-0.479064
-0.477784
-0.476500
-0.475211
-0.473917
-0.472619
-0.471316
-0.470008
-0.468696
-0.467379
-0.466057
-0.464731
-0.463400
-0.462065
-0.460725
-0.459381
-0.458032
-0.456678
-0.455320
-0.453958
-0.452591
-0.451220
-0.449844
-0.448463
-0.447079
-0.445689
-0.444296
-0.442898
-0.441496
-0.440089
-0.438678
-0.437263
-0.435843
-0.434419
-0.432991
-0.431558
-0.430121
-0.428680
-0.427235
-0.425786
-0.424332
-0.422874
-0.421412
-0.419946
-0.418476
-0.417001
-0.415523
-0.414040
-0.412553
-0.411062
-0.409567
-0.408068
-0.406566
-0.405059
-0.403548
-0.402033
-0.400514
-0.398991
-0.397464
-0.395933
-0.394399
-0.392860
-0.391318
-0.389771
-0.388221
-0.386667
-0.385109
-0.383548
-0.381983
-0.380413
-0.378841
-0.377264
-0.375684
-0.374099
-0.372512
-0.370920
-0.369325
-0.367726
-0.366124
-0.364518
-0.362909
-0.361295
-0.359679
-0.358058
-0.356435
-0.354807
-0.353176
-0.351542
-0.349904
-0.348263
-0.346619
-0.344970
-0.343319
-0.341664
-0.340006
-0.338344
-0.336679
-0.335011
-0.333339
-0.331664
-0.329986
-0.328305
-0.326620
-0.324932
-0.323241
-0.321547
-0.319850
-0.318149
-0.316445
-0.314739
-0.313029
-0.311315
-0.309599
-0.307880
-0.306158
-0.304433
-0.302704
-0.300973
-0.299239
-0.297502
-0.295762
-0.294019
-0.292273
-0.290524
-0.288772
-0.287018
-0.285261
-0.283500
-0.281737
-0.279972
-0.278203
-0.276432
-0.274658
-0.272881
-0.271102
-0.269320
-0.267535
-0.265748
-0.263958
-0.262165
-0.260370
-0.258572
-0.256772
-0.254969
-0.253164
-0.251356
-0.249546
-0.247733
-0.245918
-0.244100
-0.242280
-0.240457
-0.238633
-0.236805
-0.234976
-0.233144
-0.231310
-0.229474
-0.227635
-0.225794
-0.223951
-0.222105
-0.220258
-0.218408
-0.216556
-0.214702
-0.212846
-0.210988
-0.209127
-0.207265
-0.205400
-0.203534
-0.201666
-0.199795
-0.197923
-0.196048
-0.194172
-0.192294
-0.190413
-0.188531
-0.186648
-0.184762
-0.182874
-0.180985
-0.179094
-0.177201
-0.175306
-0.173410
-0.171512
-0.169612
-0.167710
-0.165807
-0.163903
-0.161996
-0.160088
-0.158179
-0.156268
-0.154355
-0.152441
-0.150525
-0.148608
-0.146689
-0.144769
-0.142848
-0.140925
-0.139000
-0.137075
-0.135148
-0.133219
-0.131289
-0.129358
-0.127426
-0.125493
-0.123558
-0.121622
-0.119685
-0.117746
-0.115807
-0.113866
-0.111924
-0.109982
-0.108038
-0.106093
-0.104146
-0.102199
-0.100251
-0.098302
-0.096352
-0.094401
-0.092449
-0.090496
-0.088542
-0.086588
-0.084632
-0.082676
-0.080719
-0.078761
-0.076802
-0.074842
-0.072882
-0.070921
-0.068960
-0.066997
-0.065034
-0.063071
-0.061106
-0.059142
-0.057176
-0.055210
-0.053244
-0.051276
-0.049309
-0.047341
-0.045372
-0.043403
-0.041434
-0.039464
-0.037494
-0.035523
-0.033552
-0.031581
-0.029609
-0.027638
-0.025665
-0.023693
-0.021720
-0.019748
-0.017775
-0.015801
-0.013828
-0.011854
-0.009881
-0.007907
-0.005933
-0.003959
-0.001986
-0.000012
0.001962
0.003936
0.005910
0.007884
0.009858
0.011831
0.013805
0.015778
0.017751
0.019724
0.021697
0.023670
0.025642
0.027614
0.029586
0.031558
0.033529
0.035500
0.037471
0.039441
0.041411
0.043380
0.045349
0.047318
0.049286
0.051253
0.053220
0.055187
0.057153
0.059118
0.061083
0.063047
0.065011
0.066974
0.068936
0.070898
0.072859
0.074819
0.076779
0.078737
0.080695
0.082653
0.084609
0.086564
0.088519
0.090473
0.092426
0.094378
0.096329
0.098279
0.100228
0.102176
0.104123
0.106070
0.108015
0.109959
0.111901
0.113843
0.115784
0.117723
0.119662
0.121599
0.123535
0.125470
0.127403
0.129336
0.131267
0.133196
0.135125
0.137052
0.138978
0.140902
0.142825
0.144746
0.146666
0.148585
0.150502
0.152418
0.154332
0.156245
0.158156
0.160066
0.161974
0.163880
0.165785
0.167688
0.169589
0.171489
0.173387
0.175284
0.177178
0.179071
0.180963
0.182852
0.184740
0.186625
0.188509
0.190391
0.192271
0.194150
0.196026
0.197900
0.199773
0.201643
0.203512
0.205378
0.207243
0.209105
0.210966
0.212824
0.214680
0.216534
0.218386
0.220236
0.222084
0.223929
0.225772
0.227613
0.229452
0.231288
0.233122
0.234954
0.236784
0.238611
0.240436
0.242258
0.244078
0.245896
0.247711
0.249524
0.251335
0.253142
0.254948
0.256751
0.258551
0.260349
0.262144
0.263937
0.265727
0.267514
0.269299
0.271081
0.272860
0.274637
0.276411
0.278182
0.279951
0.281717
0.283480
0.285240
0.286997
0.288752
0.290503
0.292252
0.293998
0.295741
0.297481
0.299219
0.300953
0.302684
0.304412
0.306138
0.307860
0.309579
0.311295
0.313008
0.314718
0.316425
0.318129
0.319830
0.321527
0.323221
0.324912
0.326600
0.328285
0.329966
0.331645
0.333320
0.334991
0.336660
0.338325
0.339986
0.341644
0.343299
0.344951
0.346599
0.348244
0.349885
0.351523
0.353157
0.354788
0.356415
0.358039
0.359660
0.361276
0.362890
0.364499
0.366105
0.367708
0.369306
0.370901
0.372493
0.374081
0.375665
0.377245
0.378822
0.380395
0.381964
0.383529
0.385091
0.386649
0.388203
0.389753
0.391299
0.392842
0.394380
0.395915
0.397446
0.398973
0.400496
0.402015
0.403530
0.405041
0.406548
0.408051
0.409550
0.411045
0.412536
0.414022
0.415505
0.416984
0.418458
0.419929
0.421395
0.422857
0.424315
0.425769
0.427218
0.428663
0.430104
0.431541
0.432974
0.434402
0.435826
0.437246
0.438661
0.440072
0.441479
0.442881
0.444279
0.445673
0.447062
0.448447
0.449827
0.451203
0.452575
0.453942
0.455304
0.456662
0.458016
0.459365
0.460709
0.462049
0.463385
0.464715
0.466042
0.467363
0.468680
0.469993
0.471300
0.472603
0.473902
0.475195
0.476485
0.477769
0.479049
0.480323
0.481594
0.482859
0.484120
0.485375
0.486627
0.487873
0.489114
0.490351
0.491583
0.492810
0.494032
0.495249
0.496461
0.497669
0.498871
0.500069
0.501261
0.502449
0.503632
0.504809
0.505982
0.507150
0.508313
0.509471
0.510623
0.511771
0.512914
0.514051
0.515184
0.516311
0.517433
0.518551
0.519663
0.520770
0.521872
0.522968
0.524060
0.525146
0.526227
0.527303
0.528374
0.529440
0.530500
0.531555
0.532605
0.533649
0.534689
0.535723
0.536752
0.537775
0.538793
0.539806
0.540813
0.541816
0.542812
0.543804
0.544790
0.545771
0.546746
0.547716
0.548681
0.549640
0.550593
0.551542
0.552484
0.553422
0.554354
0.555280
0.556201
0.557117
0.558026
0.558931
0.559830
0.560723
0.561611
0.562493
0.563370
0.564241
0.565107
0.565967
0.566822
0.567671
0.568514
0.569352
0.570184
0.571010
0.571831
0.572646
0.573456
0.574259
0.575058
0.575850
0.576637
0.577418
0.578193
0.578963
0.579727
0.580485
0.581238
0.581985
0.582726
0.583461
0.584191
0.584915
0.585633
0.586345
0.587051
0.587752
0.588447
0.589136
0.589819
0.590497
0.591168
0.591834
0.592494
0.593148
0.593796
0.594438
0.595075
0.595706
0.596330
0.596949
0.597562
0.598169
0.598770
0.599366
0.599955
0.600538
0.601116
0.601687
0.602253
0.602813
0.603366
0.603914
0.604456
0.604992
0.605522
0.606046
0.606563
0.607075
0.607581
0.608081
0.608575
0.609063
0.609545
0.610021
0.610491
0.610955
0.611412
0.611864
0.612310
0.612750
0.613183
0.613611
0.614033
0.614448
0.614857
0.615261
0.615658
0.616049
0.616434
0.616813
0.617186
0.617553
0.617914
0.618269
0.618617
0.618960
0.619296
0.619626
0.619951
0.620269
0.620580
0.620886
0.621186
0.621479
0.621767
0.622048
0.622323
0.622592
0.622855
0.623111
0.623362
0.623606
0.623845
0.624077
0.624302
0.624522
0.624736
0.624943
0.625144
0.625339
0.625528
0.625711
0.625888
0.626058
0.626222
0.626380
0.626532
0.626678
0.626817
0.626950
0.627077
0.627198
0.627313
0.627421
0.627524
0.627620
0.627710
0.627794
0.627871
0.627942
0.628008
0.628067
0.628119
0.628166
0.628206
0.628240
0.628268
0.628290
0.628306
0.628315
0.628318
0.628315
0.628306
0.628290
0.628269
0.628241
0.628207
0.628166
0.628120
0.628067
0.628008
0.627943
0.627872
0.627795
0.627711
0.627621
0.627525
0.627423
0.627314
0.627200
0.627079
0.626952
0.626819
0.626679
0.626534
0.626382
0.626224
0.626060
0.625890
0.625713
0.625531
0.625342
0.625147
0.624946
0.624738
0.624525
0.624305
0.624079
0.623848
0.623609
0.623365
0.623115
0.622858
0.622595
0.622326
0.622051
0.621770
0.621483
0.621190
0.620890
0.620584
0.620273
0.619955
0.619631
0.619300
0.618964
0.618622
0.618273
0.617919
0.617558
0.617191
0.616818
0.616439
0.616054
0.615663
0.615266
0.614863
0.614453
0.614038
0.613616
0.613189
0.612755
0.612316
0.611870
0.611418
0.610960
0.610497
0.610027
0.609551
0.609069
0.608581
0.608088
0.607588
0.607082
0.606570
0.606052
0.605528
0.604999
0.604463
0.603921
0.603373
0.602820
0.602260
0.601695
0.601123
0.600546
0.599962
0.599373
0.598778
0.598177
0.597570
0.596957
0.596338
0.595714
0.595083
0.594447
0.593804
0.593156
0.592502
0.591842
0.591177
0.590505
0.589828
0.589145
0.588456
0.587761
0.587060
0.586354
0.585642
0.584924
0.584200
0.583470
0.582735
0.581994
0.581247
0.580495
0.579737
0.578973
0.578203
0.577428
0.576647
0.575860
0.575068
0.574270
0.573466
0.572656
0.571841
0.571021
0.570194
0.569362
0.568525
0.567681
0.566833
0.565978
0.565118
0.564252
0.563381
0.562505
0.561622
0.560735
0.559841
0.558942
0.558038
0.557128
0.556213
0.555292
0.554365
0.553434
0.552496
0.551554
0.550605
0.549652
0.548693
0.547728
0.546758
0.545783
0.544802
0.543816
0.542825
0.541828
0.540826
0.539819
0.538806
0.537788
0.536765
0.535736
0.534702
0.533663
0.532618
0.531568
0.530513
0.529453
0.528388
0.527317
0.526241
0.525160
0.524074
0.522982
0.521885
0.520784
0.519677
0.518565
0.517448
0.516325
0.515198
0.514066
0.512928
0.511785
0.510638
0.509485
0.508327
0.507165
0.505997
0.504824
0.503647
0.502464
0.501276
0.500084
0.498886
0.497684
0.496476
0.495264
0.494047
0.492825
0.491598
0.490367
0.489130
0.487889
0.486642
0.485391
0.484136
0.482875
0.481610
0.480340
0.479065
0.477785
0.476501
0.475212
0.473918
0.472620
0.471317
0.470009
0.468697
0.467380
0.466058
0.464732
0.463401
0.462066
0.460726
0.459382
0.458033
0.456679
0.455322
0.453959
0.452592
0.451221
0.449845
0.448464
0.447080
0.445691
0.444297
0.442899
0.441497
0.440090
0.438679
0.437264
0.435844
0.434420
0.432992
0.431559
0.430123
0.428682
0.427236
0.425787
0.424333
0.422875
0.421413
0.419947
0.418477
0.417002
0.415524
0.414041
0.412554
0.411064
0.409569
0.408070
0.406567
0.405060
0.403549
0.402034
0.400515
0.398992
0.397465
0.395935
0.394400
0.392861
0.391319
0.389773
0.388223
0.386669
0.385111
0.383549
0.381984
0.380415
0.378842
0.377265
0.375685
0.374101
0.372513
0.370922
0.369327
0.367728
0.366125
0.364520
0.362910
0.361297
0.359680
0.358060
0.356436
0.354809
0.353178
0.351544
0.349906
0.348265
0.346620
0.344972
0.343320
0.341665
0.340007
0.338346
0.336681
0.335012
0.333341
0.331666
0.329988
0.328306
0.326622
0.324934
0.323243
0.321549
0.319851
0.318151
0.316447
0.314740
0.313030
0.311317
0.309601
0.307882
0.306159
0.304434
0.302706
0.300975
0.299241
0.297503
0.295763
0.294020
0.292274
0.290526
0.288774
0.287019
0.285262
0.283502
0.281739
0.279973
0.278205
0.276433
0.274659
0.272883
0.271103
0.269321
0.267537
0.265749
0.263959
0.262167
0.260372
0.258574
0.256774
0.254971
0.253165
0.251358
0.249547
0.247734
0.245919
0.244102
0.242281
0.240459
0.238634
0.236807
0.234977
0.233146
0.231311
0.229475
0.227636
0.225795
0.223952
0.222107
0.220259
0.218410
0.216558
0.214704
0.212848
0.210989
0.209129
0.207267
0.205402
0.203536
0.201667
0.199797
0.197924
0.196050
0.194173
0.192295
0.190415
0.188533
0.186649
0.184763
0.182876
0.180987
0.179095
0.177202
0.175308
0.173411
0.171513
0.169614
0.167712
0.165809
0.163904
0.161998
0.160090
0.158180
0.156269
0.154356
0.152442
0.150527
0.148609
0.146691
0.144771
0.142849
0.140926
0.139002
0.137076
0.135149
0.133221
0.131291
0.129360
0.127428
0.125494
0.123560
0.121624
0.119686
0.117748
0.115809
0.113868
0.111926
0.109983
0.108039
0.106094
0.104148
0.102201
0.100253
0.098304
0.096354
0.094403
0.092451
0.090498
0.088544
0.086589
0.084634
0.082677
0.080720
0.078762
0.076804
0.074844
0.072884
0.070923
0.068961
0.066999
0.065036
0.063072
0.061108
0.059143
0.057178
0.055212
0.053245
0.051278
0.049311
0.047342
0.045374
0.043405
0.041436
0.039466
0.037495
0.035525
0.033554
0.031583
0.029611
0.027639
0.025667
0.023695
0.021722
0.019749
0.017776
0.015803
0.013830
0.011856
0.009883
0.007909
0.005935
0.003961
0.001987
0.000013
-0.001961
-0.003934
-0.005908
-0.007882
-0.009856
-0.011829
-0.013803
-0.015776
-0.017750
-0.019723
-0.021695
-0.023668
-0.025640
-0.027613
-0.029584
-0.031556
-0.033527
-0.035498
-0.037469
-0.039439
-0.041409
-0.043378
-0.045347
-0.047316
-0.049284
-0.051252
-0.053219
-0.055185
-0.057151
-0.059117
-0.061081
-0.063046
-0.065009
-0.066972
-0.068935
-0.070896
-0.072857
-0.074818
-0.076777
-0.078736
-0.080694
-0.082651
-0.084607
-0.086563
-0.088518
-0.090471
-0.092424
-0.094376
-0.096327
-0.098277
-0.100226
-0.102175
-0.104122
-0.106068
-0.108013
-0.109957
-0.111900
-0.113842
-0.115782
-0.117722
-0.119660
-0.121597
-0.123533
-0.125468
-0.127402
-0.129334
-0.131265
-0.133195
-0.135123
-0.137050
-0.138976
-0.140900
-0.142823
-0.144745
-0.146665
-0.148583
-0.150501
-0.152416
-0.154331
-0.156243
-0.158154
-0.160064
-0.161972
-0.163878
-0.165783
-0.167686
-0.169588
-0.171488
-0.173386
-0.175282
-0.177177
-0.179070
-0.180961
-0.182850
-0.184738
-0.186624
-0.188508
-0.190390
-0.192270
-0.194148
-0.196024
-0.197899
-0.199771
-0.201642
-0.203510
-0.205377
-0.207241
-0.209104
-0.210964
-0.212822
-0.214679
-0.216533
-0.218385
-0.220234
-0.222082
-0.223927
-0.225771
-0.227612
-0.229450
-0.231287
-0.233121
-0.234953
-0.236782
-0.238610
-0.240434
-0.242257
-0.244077
-0.245895
-0.247710
-0.249523
-0.251333
-0.253141
-0.254946
-0.256749
-0.258550
-0.260347
-0.262142
-0.263935
-0.265725
-0.267513
-0.269297
-0.271079
-0.272859
-0.274635
-0.276410
-0.278181
-0.279949
-0.281715
-0.283478
-0.285238
-0.286996
-0.288750
-0.290502
-0.292251
-0.293997
-0.295740
-0.297480
-0.299217
-0.300951
-0.302683
-0.304411
-0.306136
-0.307858
-0.309578
-0.311294
-0.313007
-0.314717
-0.316424
-0.318128
-0.319828
-0.321526
-0.323220
-0.324911
-0.326599
-0.328284
-0.329965
-0.331643
-0.333318
-0.334990
-0.336658
-0.338323
-0.339985
-0.341643
-0.343298
-0.344950
-0.346598
-0.348242
-0.349884
-0.351521
-0.353156
-0.354787
-0.356414
-0.358038
-0.359658
-0.361275
-0.362888
-0.364498
-0.366104
-0.367706
-0.369305
-0.370900
-0.372492
-0.374079
-0.375663
-0.377244
-0.378821
-0.380394
-0.381963
-0.383528
-0.385090
-0.386648
-0.388202
-0.389752
-0.391298
-0.392841
-0.394379
-0.395914
-0.397445
-0.398971
-0.400494
-0.402013
-0.403528
-0.405039
-0.406546
-0.408049
-0.409548
-0.411043
-0.412534
-0.414021
-0.415504
-0.416982
-0.418457
-0.419927
-0.421394
-0.422856
-0.424314
-0.425767
-0.427217
-0.428662
-0.430103
-0.431540
-0.432973
-0.434401
-0.435825
-0.437245
-0.438660
-0.440071
-0.441478
-0.442880
-0.444278
-0.445672
-0.447061
-0.448446
-0.449826
-0.451202
-0.452574
-0.453941
-0.455303
-0.456661
-0.458015
-0.459364
-0.460708
-0.462048
-0.463383
-0.464714
-0.466040
-0.467362
-0.468679
-0.469991
-0.471299
-0.472602
-0.473901
-0.475194
-0.476483
-0.477768
-0.479047
-0.480322
-0.481592
-0.482858
-0.484119
-0.485374
-0.486625
-0.487872
-0.489113
-0.490350
-0.491582
-0.492809
-0.494031
-0.495248
-0.496460
-0.497668
-0.498870
-0.500068
-0.501260
-0.502448
-0.503631
-0.504808
-0.505981
-0.507149
-0.508312
-0.509470
-0.510622
-0.511770
-0.512913
-0.514050
-0.515183
-0.516310
-0.517432
-0.518550
-0.519662
-0.520769
-0.521871
-0.522967
-0.524059
-0.525145
-0.526226
-0.527302
-0.528373
-0.529439
-0.530499
-0.531554
-0.532604
-0.533649
-0.534688
-0.535722
-0.536751
-0.537774
-0.538792
-0.539805
-0.540813
-0.541815
-0.542812
-0.543803
-0.544789
-0.545770
-0.546745
-0.547715
-0.548680
-0.549639
-0.550593
-0.551541
-0.552484
-0.553421
-0.554353
-0.555279
-0.556200
-0.557116
-0.558026
-0.558930
-0.559829
-0.560723
-0.561610
-0.562493
-0.563370
-0.564241
-0.565106
-0.565966
-0.566821
-0.567670
-0.568513
-0.569351
-0.570183
-0.571009
-0.571830
-0.572645
-0.573455
-0.574259
-0.575057
-0.575849
-0.576636
-0.577417
-0.578193
-0.578962
-0.579727
-0.580485
-0.581237
-0.581984
-0.582725
-0.583461
-0.584190
-0.584914
-0.585632
-0.586344
-0.587051
-0.587751
-0.588446
-0.589135
-0.589819
-0.590496
-0.591168
-0.591833
-0.592493
-0.593147
-0.593796
-0.594438
-0.595074
-0.595705
-0.596330
-0.596949
-0.597562
-0.598169
-0.598770
-0.599365
-0.599954
-0.600538
-0.601115
-0.601687
-0.602252
-0.602812
-0.603366
-0.603914
-0.604455
-0.604991
-0.605521
-0.606045
-0.606563
-0.607075
-0.607581
-0.608081
-0.608575
-0.609063
-0.609545
-0.610021
-0.610490
-0.610954
-0.611412
-0.611864
-0.612310
-0.612749
-0.613183
-0.613611
-0.614032
-0.614448
-0.614857
-0.615260
-0.615658
-0.616049
-0.616434
-0.616813
-0.617186
-0.617553
-0.617914
-0.618268
-0.618617
-0.618960
-0.619296
-0.619626
-0.619950
-0.620268
-0.620580
-0.620886
-0.621186
-0.621479
-0.621766
-0.622048
-0.622323
-0.622592
-0.622855
-0.623111
-0.623362
-0.623606
-0.623844
-0.624076
-0.624302
-0.624522
-0.624736
-0.624943
-0.625144
-0.625339
-0.625528
-0.625711
-0.625887
-0.626058
-0.626222
-0.626380
-0.626532
-0.626677
-0.626817
-0.626950
-0.627077
-0.627198
-0.627313
-0.627421
-0.627524
-0.627620
-0.627710
-0.627793
-0.627871
-0.627942
-0.628008
-0.628066
-0.628119
-0.628166
-0.628206
-0.628240
-0.628268
-0.628290
-0.628306
-0.628315
-0.628318
-0.628315
-0.628306
-0.628290
-0.628269
-0.628241
-0.628207
-0.628166
-0.628120
-0.628067
-0.628008
-0.627943
-0.627872
-0.627795
-0.627711
-0.627621
-0.627525
-0.627423
-0.627314
-0.627200
-0.627079
-0.626952
-0.626819
-0.626680
-0.626534
-0.626382
-0.626224
-0.626060
-0.625890
-0.625713
-0.625531
-0.625342
-0.625147
-0.624946
-0.624739
-0.624525
-0.624305
-0.624080
-0.623848
-0.623610
-0.623365
-0.623115
-0.622858
-0.622596
-0.622327
-0.622052
-0.621771
-0.621483
-0.621190
-0.620890
-0.620585
-0.620273
-0.619955
-0.619631
-0.619301
-0.618964
-0.618622
-0.618274
-0.617919
-0.617558
-0.617191
-0.616819
-0.616440
-0.616055
-0.615663
-0.615266
-0.614863
-0.614454
-0.614038
-0.613617
-0.613189
-0.612756
-0.612316
-0.611870
-0.611419
-0.610961
-0.610497
-0.610027
-0.609551
-0.609070
-0.608582
-0.608088
-0.607588
-0.607082
-0.606570
-0.606053
-0.605529
-0.604999
-0.604463
-0.603921
-0.603374
-0.602820
-0.602261
-0.601695
-0.601124
-0.600546
-0.599963
-0.599374
-0.598778
-0.598177
-0.597570
-0.596957
-0.596339
-0.595714
-0.595084
-0.594447
-0.593805
-0.593157
-0.592503
-0.591843
-0.591177
-0.590506
-0.589828
-0.589145
-0.588456
-0.587761
-0.587061
-0.586354
-0.585642
-0.584924
-0.584201
-0.583471
-0.582736
-0.581995
-0.581248
-0.580496
-0.579737
-0.578974
-0.578204
-0.577429
-0.576647
-0.575861
-0.575068
-0.574270
-0.573466
-0.572657
-0.571842
-0.571021
-0.570195
-0.569363
-0.568525
-0.567682
-0.566833
-0.565979
-0.565119
-0.564253
-0.563382
-0.562505
-0.561623
-0.560735
-0.559842
-0.558943
-0.558039
-0.557129
-0.556213
-0.555293
-0.554366
-0.553434
-0.552497
-0.551554
-0.550606
-0.549653
-0.548694
-0.547729
-0.546759
-0.545784
-0.544803
-0.543817
-0.542826
-0.541829
-0.540827
-0.539820
-0.538807
-0.537789
-0.536765
-0.535737
-0.534703
-0.533663
-0.532619
-0.531569
-0.530514
-0.529454
-0.528388
-0.527318
-0.526242
-0.525161
-0.524074
-0.522983
-0.521886
-0.520785
-0.519678
-0.518566
-0.517449
-0.516326
-0.515199
-0.514067
-0.512929
-0.511786
-0.510639
-0.509486
-0.508328
-0.507166
-0.505998
-0.504825
-0.503648
-0.502465
-0.501277
-0.500085
-0.498887
-0.497685
-0.496478
-0.495265
-0.494048
-0.492826
-0.491599
-0.490368
-0.489131
-0.487890
-0.486643
-0.485392
-0.484137
-0.482876
-0.481611
-0.480341
-0.479066
-0.477786
-0.476502
-0.475213
-0.473919
-0.472621
-0.471318
-0.470010
-0.468698
-0.467381
-0.466059
-0.464733
-0.463403
-0.462067
-0.460727
-0.459383
-0.458034
-0.456681
-0.455323
-0.453960
-0.452593
-0.451222
-0.449846
-0.448466
-0.447081
-0.445692
-0.444298
-0.442900
-0.441498
-0.440091
-0.438680
-0.437265
-0.435845
-0.434421
-0.432993
-0.431561
-0.430124
-0.428683
-0.427238
-0.425788
-0.424335
-0.422877
-0.421415
-0.419948
-0.418478
-0.417004
-0.415525
-0.414042
-0.412556
-0.411065
-0.409570
-0.408071
-0.406568
-0.405061
-0.403550
-0.402035
-0.400516
-0.398993
-0.397467
-0.395936
-0.394401
-0.392863
-0.391320
-0.389774
-0.388224
-0.386670
-0.385112
-0.383551
-0.381985
-0.380416
-0.378843
-0.377267
-0.375686
-0.374102
-0.372514
-0.370923
-0.369328
-0.367729
-0.366127
-0.364521
-0.362911
-0.361298
-0.359681
-0.358061
-0.356437
-0.354810
-0.353179
-0.351545
-0.349907
-0.348266
-0.346621
-0.344973
-0.343322
-0.341667
-0.340009
-0.338347
-0.336682
-0.335014
-0.333342
-0.331667
-0.329989
-0.328308
-0.326623
-0.324935
-0.323244
-0.321550
-0.319853
-0.318152
-0.316448
-0.314741
-0.313031
-0.311318
-0.309602
-0.307883
-0.306161
-0.304436
-0.302707
-0.300976
-0.299242
-0.297505
-0.295765
-0.294022
-0.292276
-0.290527
-0.288775
-0.287021
-0.285264
-0.283503
-0.281740
-0.279975
-0.278206
-0.276435
-0.274661
-0.272884
-0.271105
-0.269323
-0.267538
-0.265751
-0.263961
-0.262168
-0.260373
-0.258575
-0.256775
-0.254972
-0.253167
-0.251359
-0.249549
-0.247736
-0.245921
-0.244103
-0.242283
-0.240461
-0.238636
-0.236809
-0.234979
-0.233147
-0.231313
-0.229477
-0.227638
-0.225797
-0.223954
-0.222108
-0.220261
-0.218411
-0.216559
-0.214705
-0.212849
-0.210991
-0.209130
-0.207268
-0.205404
-0.203537
-0.201669
-0.199798
-0.197926
-0.196051
-0.194175
-0.192297
-0.190417
-0.188535
-0.186651
-0.184765
-0.182877
-0.180988
-0.179097
-0.177204
-0.175309
-0.173413
-0.171515
-0.169615
-0.167714
-0.165811
-0.163906
-0.161999
-0.160091
-0.158182
-0.156271
-0.154358
-0.152444
-0.150528
-0.148611
-0.146692
-0.144772
-0.142851
-0.140928
-0.139004
-0.137078
-0.135151
-0.133222
-0.131293
-0.129362
-0.127429
-0.125496
-0.123561
-0.121625
-0.119688
-0.117750
-0.115810
-0.113870
-0.111928
-0.109985
-0.108041
-0.106096
-0.104150
-0.102203
-0.100254
-0.098305
-0.096355
-0.094404
-0.092452
-0.090499
-0.088546
-0.086591
-0.084635
-0.082679
-0.080722
-0.078764
-0.076805
-0.074846
-0.072885
-0.070925
-0.068963
-0.067001
-0.065038
-0.063074
-0.061110
-0.059145
-0.057179
-0.055213
-0.053247
-0.051280
-0.049312
-0.047344
-0.045376
-0.043407
-0.041437
-0.039467
-0.037497
-0.035527
-0.033556
-0.031584
-0.029613
-0.027641
-0.025669
-0.023696
-0.021724
-0.019751
-0.017778
-0.015805
-0.013831
-0.011858
-0.009884
-0.007910
-0.005937
-0.003963
-0.001989
-0.000015
0.001959
0.003933
0.005907
0.007880
0.009854
0.011828
0.013801
0.015775
0.017748
0.019721
0.021694
0.023666
0.025639
0.027611
0.029583
0.031554
0.033526
0.035497
0.037467
0.039437
0.041407
0.043377
0.045346
0.047314
0.049282
0.051250
0.053217
0.055183
0.057150
0.059115
0.061080
0.063044
0.065008
0.066971
0.068933
0.070895
0.072856
0.074816
0.076775
0.078734
0.080692
0.082649
0.084606
0.086561
0.088516
0.090470
0.092423
0.094375
0.096326
0.098276
0.100225
0.102173
0.104120
0.106066
0.108011
0.109955
0.111898
0.113840
0.115781
0.117720
0.119659
0.121596
0.123532
0.125467
0.127400
0.129332
0.131263
0.133193
0.135122
0.137049
0.138974
0.140899
0.142822
0.144743
0.146663
0.148582
0.150499
0.152415
0.154329
0.156242
0.158153
0.160062
0.161970
0.163877
0.165782
0.167685
0.169586
0.171486
0.173384
0.175281
0.177175
0.179068
0.180959
0.182849
0.184736
0.186622
0.188506
0.190388
0.192268
0.194147
0.196023
0.197897
0.199770
0.201640
0.203509
0.205375
0.207240
0.209102
0.210963
0.212821
0.214677
0.216531
0.218383
0.220233
0.222080
0.223926
0.225769
0.227610
0.229449
0.231285
0.233119
0.234951
0.236781
0.238608
0.240433
0.242255
0.244075
0.245893
0.247708
0.249521
0.251332
0.253139
0.254945
0.256748
0.258548
0.260346
0.262141
0.263934
0.265724
0.267511
0.269296
0.271078
0.272857
0.274634
0.276408
0.278179
0.279948
0.281714
0.283477
0.285237
0.286994
0.288749
0.290500
0.292249
0.293995
0.295738
0.297478
0.299216
0.300950
0.302681
0.304409
0.306135
0.307857
0.309576
0.311292
0.313005
0.314715
0.316422
0.318126
0.319827
0.321524
0.323219
0.324910
0.326598
0.328282
0.329964
0.331642
0.333317
0.334988
0.336657
0.338322
0.339983
0.341642
0.343297
0.344948
0.346596
0.348241
0.349882
0.351520
0.353154
0.354785
0.356413
0.358037
0.359657
0.361274
0.362887
0.364496
0.366102
0.367705
0.369304
0.370899
0.372490
0.374078
0.375662
0.377243
0.378819
0.380392
0.381961
0.383527
0.385088
0.386646
0.388200
0.389750
0.391297
0.392839
0.394378
0.395913
0.397443
0.398970
0.400493
0.402012
0.403527
0.405038
0.406545
0.408048
0.409547
0.411042
0.412533
0.414020
0.415503
0.416981
0.418456
0.419926
0.421392
0.422854
0.424312
0.425766
0.427216
0.428661
0.430102
0.431539
0.432971
0.434400
0.435824
0.437243
0.438659
0.440070
0.441477
0.442879
0.444277
0.445671
0.447060
0.448445
0.449825
0.451201
0.452572
0.453939
0.455302
0.456660
0.458014
0.459363
0.460707
0.462047
0.463382
0.464713
0.466039
0.467361
0.468678
0.469990
0.471298
0.472601
0.473900
0.475193
0.476482
0.477767
0.479046
0.480321
0.481591
0.482857
0.484117
0.485373
0.486624
0.487871
0.489112
0.490349
0.491581
0.492808
0.494030
0.495247
0.496459
0.497667
0.498869
0.500067
0.501259
0.502447
0.503630
0.504807
0.505980
0.507148
0.508311
0.509469
0.510621
0.511769
0.512912
0.514049
0.515182
0.516309
0.517432
0.518549
0.519661
0.520768
0.521870
0.522966
0.524058
0.525144
0.526225
0.527301
0.528372
0.529438
0.530498
0.531553
0.532603
0.533648
0.534687
0.535721
0.536750
0.537773
0.538791
0.539804
0.540812
0.541814
0.542811
0.543802
0.544788
0.545769
0.546744
0.547714
0.548679
0.549638
0.550592
0.551540
0.552483
0.553420
0.554352
0.555279
0.556200
0.557115
0.558025
0.558929
0.559828
0.560722
0.561610
0.562492
0.563369
0.564240
0.565106
0.565966
0.566820
0.567669
0.568512
0.569350
0.570182
0.571009
0.571829
0.572645
0.573454
0.574258
0.575056
0.575849
0.576636
0.577417
0.578192
0.578962
0.579726
0.580484
0.581237
0.581984
0.582725
0.583460
0.584190
0.584913
0.585631
0.586344
0.587050
0.587751
0.588446
0.589135
0.589818
0.590495
0.591167
0.591833
0.592493
0.593147
0.593795
0.594437
0.595074
0.595705
0.596329
0.596948
0.597561
0.598168
0.598769
0.599365
0.599954
0.600537
0.601115
0.601686
0.602252
0.602812
0.603365
0.603913
0.604455
0.604991
0.605521
0.606045
0.606563
0.607074
0.607580
0.608080
0.608574
0.609062
0.609544
0.610020
0.610490
0.610954
0.611412
0.611863
0.612309
0.612749
0.613183
0.613610
0.614032
0.614447
0.614857
0.615260
0.615657
0.616049
0.616434
0.616813
0.617186
0.617553
0.617913
0.618268
0.618617
0.618959
0.619296
0.619626
0.619950
0.620268
0.620580
0.620886
0.621185
0.621479
0.621766
0.622047
0.622323
0.622592
0.622854
0.623111
0.623362
0.623606
0.623844
0.624076
0.624302
0.624522
0.624735
0.624943
0.625144
0.625339
0.625528
0.625711
0.625887
0.626058
0.626222
0.626380
0.626532
0.626677
0.626817
0.626950
0.627077
0.627198
0.627313
0.627421
0.627524
0.627620
0.627710
0.627793
0.627871
0.627942
0.628007
0.628066
0.628119
0.628166
0.628206
0.628240
0.628268
0.628290
0.628305
0.628315
0.628318
0.628315
0.628306
0.628290
0.628269
0.628241
0.628207
0.628166
0.628120
0.628067
0.628008
0.627943
0.627872
0.627795
0.627711
0.627621
0.627525
0.627423
0.627315
0.627200
0.627079
0.626952
0.626819
0.626680
0.626534
0.626382
0.626224
0.626060
0.625890
0.625714
0.625531
0.625342
0.625147
0.624946
0.624739
0.624525
0.624306
0.624080
0.623848
0.623610
0.623366
0.623115
0.622859
0.622596
0.622327
0.622052
0.621771
0.621483
0.621190
0.620891
0.620585
0.620273
0.619955
0.619631
0.619301
0.618965
0.618622
0.618274
0.617919
0.617559
0.617192
0.616819
0.616440
0.616055
0.615664
0.615267
0.614863
0.614454
0.614039
0.613617
0.613190
0.612756
0.612316
0.611871
0.611419
0.610961
0.610497
0.610028
0.609552
0.609070
0.608582
0.608088
0.607589
0.607083
0.606571
0.606053
0.605529
0.604999
0.604464
0.603922
0.603374
0.602821
0.602261
0.601696
0.601124
0.600547
0.599963
0.599374
0.598779
0.598178
0.597571
0.596958
0.596339
0.595715
0.595084
0.594448
0.593805
0.593157
0.592503
0.591843
0.591178
0.590506
0.589829
0.589146
0.588457
0.587762
0.587061
0.586355
0.585643
0.584925
0.584201
0.583472
0.582736
0.581995
0.581249
0.580496
0.579738
0.578974
0.578205
0.577429
0.576648
0.575861
0.575069
0.574271
0.573467
0.572658
0.571843
0.571022
0.570196
0.569364
0.568526
0.567683
0.566834
0.565980
0.565120
0.564254
0.563383
0.562506
0.561624
0.560736
0.559843
0.558944
0.558040
0.557130
0.556214
0.555293
0.554367
0.553435
0.552498
0.551555
0.550607
0.549653
0.548694
0.547730
0.546760
0.545785
0.544804
0.543818
0.542827
0.541830
0.540828
0.539820
0.538808
0.537790
0.536766
0.535738
0.534704
0.533664
0.532620
0.531570
0.530515
0.529455
0.528389
0.527319
0.526243
0.525162
0.524075
0.522984
0.521887
0.520786
0.519679
0.518567
0.517450
0.516327
0.515200
0.514067
0.512930
0.511787
0.510640
0.509487
0.508329
0.507167
0.505999
0.504826
0.503649
0.502466
0.501278
0.500086
0.498888
0.497686
0.496479
0.495266
0.494049
0.492827
0.491600
0.490369
0.489132
0.487891
0.486644
0.485393
0.484138
0.482877
0.481612
0.480342
0.479067
0.477787
0.476503
0.475214
0.473920
0.472622
0.471319
0.470011
0.468699
0.467382
0.466061
0.464734
0.463404
0.462068
0.460729
0.459384
0.458035
0.456682
0.455324
0.453961
0.452594
0.451223
0.449847
0.448467
0.447082
0.445693
0.444299
0.442901
0.441499
0.440093
0.438682
0.437266
0.435847
0.434423
0.432994
0.431562
0.430125
0.428684
0.427239
0.425789
0.424336
0.422878
0.421416
0.419950
0.418479
0.417005
0.415526
0.414044
0.412557
0.411066
0.409571
0.408072
0.406569
0.405062
0.403551
0.402036
0.400518
0.398995
0.397468
0.395937
0.394402
0.392864
0.391322
0.389775
0.388225
0.386671
0.385113
0.383552
0.381987
0.380417
0.378845
0.377268
0.375688
0.374104
0.372516
0.370924
0.369329
0.367731
0.366128
0.364522
0.362913
0.361300
0.359683
0.358063
0.356439
0.354811
0.353181
0.351546
0.349909
0.348267
0.346623
0.344975
0.343323
0.341668
0.340010
0.338348
0.336683
0.335015
0.333344
0.331669
0.329991
0.328309
0.326625
0.324937
0.323246
0.321551
0.319854
0.318153
0.316450
0.314743
0.313033
0.311320
0.309604
0.307885
0.306162
0.304437
0.302709
0.300978
0.299243
0.297506
0.295766
0.294023
0.292277
0.290529
0.288777
0.287022
0.285265
0.283505
0.281742
0.279976
0.278208
0.276436
0.274662
0.272886
0.271106
0.269324
0.267540
0.265752
0.263962
0.262170
0.260375
0.258577
0.256777
0.254974
0.253168
0.251361
0.249550
0.247737
0.245922
0.244105
0.242285
0.240462
0.238637
0.236810
0.234981
0.233149
0.231315
0.229478
0.227639
0.225799
0.223955
0.222110
0.220262
0.218413
0.216561
0.214707
0.212851
0.210992
0.209132
0.207270
0.205405
0.203539
0.201670
0.199800
0.197927
0.196053
0.194177
0.192298
0.190418
0.188536
0.186652
0.184767
0.182879
0.180990
0.179099
0.177206
0.175311
0.173415
0.171517
0.169617
0.167715
0.165812
0.163907
0.162001
0.160093
0.158183
0.156272
0.154360
0.152446
0.150530
0.148613
0.146694
0.144774
0.142852
0.140929
0.139005
0.137079
0.135152
0.133224
0.131294
0.129363
0.127431
0.125498
0.123563
0.121627
0.119690
0.117751
0.115812
0.113871
0.111929
0.109986
0.108042
0.106097
0.104151
0.102204
0.100256
0.098307
0.096357
0.094406
0.092454
0.090501
0.088547
0.086593
0.084637
0.082681
0.080724
0.078766
0.076807
0.074847
0.072887
0.070926
0.068965
0.067002
0.065039
0.063076
0.061111
0.059146
0.057181
0.055215
0.053248
0.051281
0.049314
0.047346
0.045377
0.043408
0.041439
0.039469
0.037499
0.035528
0.033557
0.031586
0.029614
0.027643
0.025670
0.023698
0.021725
0.019753
0.017780
0.015806
0.013833
0.011859
0.009886
0.007912
0.005938
0.003964
0.001991
