0.628318
0.628315
0.628306
0.628290
0.628268
0.628240
0.628206
0.628166
0.628120
0.628067
0.628008
0.627943
0.627872
0.627794
0.627710
0.627620
0.627524
0.627422
0.627314
0.627199
0.627078
0.626951
0.626818
0.626678
0.626533
0.626381
0.626223
0.626059
0.625889
0.625712
0.625530
0.625341
0.625146
0.624944
0.624737
0.624524
0.624304
0.624078
0.623846
0.623608
0.623364
0.623113
0.622856
0.622594
0.622325
0.622050
0.621768
0.621481
0.621188
0.620888
0.620582
0.620271
0.619953
0.619628
0.619298
0.618962
0.618620
0.618271
0.617916
0.617556
0.617189
0.616816
0.616437
0.616052
0.615661
0.615263
0.614860
0.614451
0.614035
0.613614
0.613186
0.612752
0.612313
0.611867
0.611415
0.610958
0.610494
0.610024
0.609548
0.609066
0.608578
0.608084
0.607584
0.607079
0.606567
0.606049
0.605525
0.604995
0.604459
0.603918
0.603370
0.602816
0.602257
0.601691
0.601119
0.600542
0.599959
0.599369
0.598774
0.598173
0.597566
0.596953
0.596334
0.595710
0.595079
0.594443
0.593800
0.593152
0.592498
0.591838
0.591172
0.590501
0.589823
0.589140
0.588451
0.587756
0.587056
0.586349
0.585637
0.584919
0.584195
0.583466
0.582731
0.581990
0.581243
0.580490
0.579732
0.578968
0.578198
0.577423
0.576642
0.575855
0.575063
0.574264
0.573461
0.572651
0.571836
0.571015
0.570189
0.569357
0.568519
0.567676
0.566827
0.565973
0.565113
0.564247
0.563376
0.562499
0.561617
0.560729
0.559836
0.558937
0.558032
0.557122
0.556207
0.555286
0.554360
0.553428
0.552490
0.551548
0.550599
0.549646
0.548687
0.547722
0.546752
0.545777
0.544796
0.543810
0.542819
0.541822
0.540820
0.539812
0.538800
0.537781
0.536758
0.535729
0.534695
0.533656
0.532611
0.531562
0.530507
0.529446
0.528381
0.527310
0.526234
0.525153
0.524067
0.522975
0.521879
0.520777
0.519670
0.518558
0.517441
0.516318
0.515191
0.514058
0.512921
0.511778
0.510631
0.509478
0.508320
0.507157
0.505990
0.504817
0.503639
0.502456
0.501269
0.500076
0.498879
0.497676
0.496469
0.495257
0.494039
0.492817
0.491590
0.490359
0.489122
0.487881
0.486634
0.485383
0.484128
0.482867
0.481602
0.480331
0.479057
0.477777
0.476493
0.475204
0.473910
0.472612
0.471309
0.470001
0.468689
0.467372
0.466050
0.464724
0.463393
0.462058
0.460718
0.459373
0.458024
0.456671
0.455313
0.453950
0.452583
0.451212
0.449836
0.448456
0.447071
0.445682
0.444288
0.442890
0.441488
0.440081
0.438670
0.437255
0.435835
0.434411
0.432983
0.431550
0.430114
0.428673
0.427227
0.425778
0.424324
0.422866
0.421404
0.419938
0.418468
0.416993
0.415514
0.414032
0.412545
0.411054
0.409559
0.408060
0.406557
0.405050
0.403539
0.402024
0.400505
0.398982
0.397456
0.395925
0.394390
0.392852
0.391309
0.389763
0.388213
0.386659
0.385101
0.383539
0.381974
0.380405
0.378832
0.377255
0.375675
0.374091
0.372503
0.370912
0.369316
0.367718
0.366115
0.364509
0.362900
0.361287
0.359670
0.358050
0.356426
0.354798
0.353168
0.351533
0.349895
0.348254
0.346609
0.344961
0.343310
0.341655
0.339997
0.338335
0.336670
0.335002
0.333330
0.331655
0.329977
0.328296
0.326611
0.324923
0.323232
0.321538
0.319840
0.318140
0.316436
0.314729
0.313019
0.311306
0.309590
0.307871
0.306149
0.304423
0.302695
0.300964
0.299230
0.297492
0.295752
0.294009
0.292263
0.290514
0.288763
0.287008
0.285251
0.283491
0.281728
0.279962
0.278193
0.276422
0.274648
0.272872
0.271092
0.269310
0.267525
0.265738
0.263948
0.262155
0.260360
0.258562
0.256762
0.254959
0.253154
0.251346
0.249536
0.247723
0.245908
0.244090
0.242270
0.240447
0.238623
0.236795
0.234966
0.233134
0.231300
0.229463
0.227625
0.225784
0.223941
0.222095
0.220248
0.218398
0.216546
0.214692
0.212836
0.210977
0.209117
0.207255
0.205390
0.203524
0.201655
0.199785
0.197912
0.196038
0.194162
0.192283
0.190403
0.188521
0.186637
0.184751
0.182864
0.180975
0.179083
0.177190
0.175296
0.173399
0.171501
0.169601
0.167700
0.165797
0.163892
0.161986
0.160078
0.158168
0.156257
0.154344
0.152430
0.150514
0.148597
0.146679
0.144759
0.142837
0.140914
0.138990
0.137064
0.135137
0.133209
0.131279
0.129348
0.127416
0.125482
0.123547
0.121611
0.119674
0.117736
0.115796
0.113856
0.111914
0.109971
0.108027
0.106082
0.104136
0.102189
0.100240
0.098291
0.096341
0.094390
0.092438
0.090485
0.088532
0.086577
0.084621
0.082665
0.080708
0.078750
0.076791
0.074832
0.072871
0.070910
0.068949
0.066986
0.065023
0.063060
0.061096
0.059131
0.057165
0.055199
0.053233
0.051266
0.049298
0.047330
0.045361
0.043392
0.041423
0.039453
0.037483
0.035512
0.033541
0.031570
0.029599
0.027627
0.025655
0.023682
0.021710
0.019737
0.017764
0.015791
0.013817
0.011844
0.009870
0.007896
0.005922
0.003949
0.001975
0.000001
-0.001973
-0.003947
-0.005921
-0.007895
-0.009868
-0.011842
-0.013815
-0.015789
-0.017762
-0.019735
-0.021708
-0.023681
-0.025653
-0.027625
-0.029597
-0.031569
-0.033540
-0.035511
-0.037481
-0.039452
-0.041421
-0.043391
-0.045360
-0.047328
-0.049296
-0.051264
-0.053231
-0.055198
-0.057164
-0.059129
-0.061094
-0.063058
-0.065022
-0.066985
-0.068947
-0.070909
-0.072870
-0.074830
-0.076789
-0.078748
-0.080706
-0.082663
-0.084620
-0.086575
-0.088530
-0.090484
-0.092437
-0.094389
-0.096340
-0.098290
-0.100239
-0.102187
-0.104134
-0.106080
-0.108025
-0.109969
-0.111912
-0.113854
-0.115795
-0.117734
-0.119673
-0.121610
-0.123546
-0.125480
-0.127414
-0.129346
-0.131277
-0.133207
-0.135135
-0.137062
-0.138988
-0.140912
-0.142835
-0.144757
-0.146677
-0.148596
-0.150513
-0.152429
-0.154343
-0.156255
-0.158167
-0.160076
-0.161984
-0.163890
-0.165795
-0.167698
-0.169600
-0.171500
-0.173398
-0.175294
-0.177189
-0.179082
-0.180973
-0.182862
-0.184750
-0.186636
-0.188520
-0.190402
-0.192282
-0.194160
-0.196036
-0.197911
-0.199783
-0.201654
-0.203522
-0.205389
-0.207253
-0.209116
-0.210976
-0.212834
-0.214690
-0.216544
-0.218396
-0.220246
-0.222094
-0.223939
-0.225782
-0.227623
-0.229462
-0.231298
-0.233132
-0.234964
-0.236794
-0.238621
-0.240446
-0.242268
-0.244088
-0.245906
-0.247721
-0.249534
-0.251345
-0.253152
-0.254958
-0.256761
-0.258561
-0.260359
-0.262154
-0.263946
-0.265736
-0.267524
-0.269309
-0.271091
-0.272870
-0.274647
-0.276421
-0.278192
-0.279961
-0.281726
-0.283489
-0.285249
-0.287007
-0.288761
-0.290513
-0.292262
-0.294008
-0.295751
-0.297491
-0.299228
-0.300962
-0.302694
-0.304422
-0.306147
-0.307869
-0.309588
-0.311305
-0.313018
-0.314728
-0.316435
-0.318138
-0.319839
-0.321536
-0.323231
-0.324922
-0.326610
-0.328294
-0.329976
-0.331654
-0.333329
-0.335000
-0.336669
-0.338334
-0.339995
-0.341654
-0.343308
-0.344960
-0.346608
-0.348253
-0.349894
-0.351532
-0.353166
-0.354797
-0.356424
-0.358048
-0.359668
-0.361285
-0.362898
-0.364508
-0.366114
-0.367716
-0.369315
-0.370910
-0.372502
-0.374089
-0.375674
-0.377254
-0.378831
-0.380403
-0.381973
-0.383538
-0.385100
-0.386657
-0.388211
-0.389762
-0.391308
-0.392850
-0.394389
-0.395924
-0.397454
-0.398981
-0.400504
-0.402023
-0.403538
-0.405049
-0.406556
-0.408059
-0.409558
-0.411053
-0.412544
-0.414031
-0.415513
-0.416992
-0.418466
-0.419937
-0.421403
-0.422865
-0.424323
-0.425777
-0.427226
-0.428671
-0.430112
-0.431549
-0.432982
-0.434410
-0.435834
-0.437254
-0.438669
-0.440080
-0.441487
-0.442889
-0.444287
-0.445681
-0.447070
-0.448455
-0.449835
-0.451211
-0.452582
-0.453949
-0.455312
-0.456670
-0.458023
-0.459372
-0.460717
-0.462057
-0.463392
-0.464723
-0.466049
-0.467370
-0.468687
-0.470000
-0.471307
-0.472610
-0.473909
-0.475203
-0.476492
-0.477776
-0.479056
-0.480330
-0.481601
-0.482866
-0.484127
-0.485382
-0.486633
-0.487880
-0.489121
-0.490358
-0.491589
-0.492816
-0.494038
-0.495256
-0.496468
-0.497675
-0.498878
-0.500075
-0.501268
-0.502455
-0.503638
-0.504816
-0.505989
-0.507156
-0.508319
-0.509477
-0.510630
-0.511777
-0.512920
-0.514057
-0.515190
-0.516317
-0.517440
-0.518557
-0.519669
-0.520776
-0.521878
-0.522974
-0.524066
-0.525152
-0.526233
-0.527309
-0.528380
-0.529445
-0.530506
-0.531561
-0.532611
-0.533655
-0.534694
-0.535728
-0.536757
-0.537781
-0.538799
-0.539812
-0.540819
-0.541821
-0.542818
-0.543809
-0.544795
-0.545776
-0.546751
-0.547721
-0.548686
-0.549645
-0.550599
-0.551547
-0.552490
-0.553427
-0.554359
-0.555285
-0.556206
-0.557122
-0.558031
-0.558936
-0.559835
-0.560728
-0.561616
-0.562498
-0.563375
-0.564246
-0.565112
-0.565972
-0.566826
-0.567675
-0.568519
-0.569356
-0.570188
-0.571015
-0.571835
-0.572650
-0.573460
-0.574264
-0.575062
-0.575854
-0.576641
-0.577422
-0.578198
-0.578967
-0.579731
-0.580490
-0.581242
-0.581989
-0.582730
-0.583465
-0.584195
-0.584919
-0.585637
-0.586349
-0.587055
-0.587756
-0.588451
-0.589140
-0.589823
-0.590500
-0.591172
-0.591838
-0.592497
-0.593151
-0.593800
-0.594442
-0.595078
-0.595709
-0.596334
-0.596953
-0.597565
-0.598172
-0.598774
-0.599369
-0.599958
-0.600542
-0.601119
-0.601690
-0.602256
-0.602816
-0.603369
-0.603917
-0.604459
-0.604995
-0.605525
-0.606048
-0.606566
-0.607078
-0.607584
-0.608084
-0.608578
-0.609066
-0.609548
-0.610023
-0.610493
-0.610957
-0.611415
-0.611867
-0.612312
-0.612752
-0.613186
-0.613613
-0.614035
-0.614450
-0.614860
-0.615263
-0.615660
-0.616051
-0.616437
-0.616816
-0.617188
-0.617555
-0.617916
-0.618271
-0.618619
-0.618962
-0.619298
-0.619628
-0.619952
-0.620270
-0.620582
-0.620888
-0.621187
-0.621481
-0.621768
-0.622049
-0.622325
-0.622593
-0.622856
-0.623113
-0.623363
-0.623608
-0.623846
-0.624078
-0.624304
-0.624523
-0.624737
-0.624944
-0.625145
-0.625340
-0.625529
-0.625712
-0.625889
-0.626059
-0.626223
-0.626381
-0.626533
-0.626678
-0.626818
-0.626951
-0.627078
-0.627199
-0.627314
-0.627422
-0.627524
-0.627620
-0.627710
-0.627794
-0.627872
-0.627943
-0.628008
-0.628067
-0.628120
-0.628166
-0.628206
-0.628240
-0.628268
-0.628290
-0.628306
-0.628315
-0.628318
-0.628315
-0.628306
-0.628290
-0.628268
-0.628241
-0.628206
-0.628166
-0.628120
-0.628067
-0.628008
-0.627943
-0.627872
-0.627794
-0.627710
-0.627621
-0.627524
-0.627422
-0.627314
-0.627199
-0.627078
-0.626951
-0.626818
-0.626679
-0.626533
-0.626381
-0.626223
-0.626059
-0.625889
-0.625712
-0.625530
-0.625341
-0.625146
-0.624945
-0.624737
-0.624524
-0.624304
-0.624078
-0.623846
-0.623608
-0.623364
-0.623113
-0.622857
-0.622594
-0.622325
-0.622050
-0.621769
-0.621481
-0.621188
-0.620888
-0.620583
-0.620271
-0.619953
-0.619629
-0.619299
-0.618962
-0.618620
-0.618271
-0.617917
-0.617556
-0.617189
-0.616816
-0.616437
-0.616052
-0.615661
-0.615264
-0.614860
-0.614451
-0.614036
-0.613614
-0.613186
-0.612753
-0.612313
-0.611867
-0.611416
-0.610958
-0.610494
-0.610024
-0.609548
-0.609067
-0.608579
-0.608085
-0.607585
-0.607079
-0.606567
-0.606049
-0.605525
-0.604996
-0.604460
-0.603918
-0.603370
-0.602817
-0.602257
-0.601691
-0.601120
-0.600542
-0.599959
-0.599370
-0.598775
-0.598174
-0.597566
-0.596954
-0.596335
-0.595710
-0.595080
-0.594443
-0.593801
-0.593153
-0.592499
-0.591839
-0.591173
-0.590501
-0.589824
-0.589141
-0.588452
-0.587757
-0.587056
-0.586350
-0.585638
-0.584920
-0.584196
-0.583466
-0.582731
-0.581990
-0.581243
-0.580491
-0.579733
-0.578969
-0.578199
-0.577424
-0.576642
-0.575856
-0.575063
-0.574265
-0.573461
-0.572652
-0.571837
-0.571016
-0.570190
-0.569358
-0.568520
-0.567677
-0.566828
-0.565973
-0.565113
-0.564248
-0.563377
-0.562500
-0.561618
-0.560730
-0.559836
-0.558937
-0.558033
-0.557123
-0.556208
-0.555287
-0.554360
-0.553429
-0.552491
-0.551548
-0.550600
-0.549647
-0.548687
-0.547723
-0.546753
-0.545778
-0.544797
-0.543811
-0.542820
-0.541823
-0.540821
-0.539813
-0.538800
-0.537782
-0.536759
-0.535730
-0.534696
-0.533657
-0.532612
-0.531563
-0.530507
-0.529447
-0.528382
-0.527311
-0.526235
-0.525154
-0.524068
-0.522976
-0.521879
-0.520778
-0.519671
-0.518559
-0.517441
-0.516319
-0.515192
-0.514059
-0.512922
-0.511779
-0.510632
-0.509479
-0.508321
-0.507158
-0.505991
-0.504818
-0.503640
-0.502457
-0.501270
-0.500077
-0.498880
-0.497677
-0.496470
-0.495258
-0.494040
-0.492818
-0.491591
-0.490360
-0.489123
-0.487882
-0.486635
-0.485384
-0.484129
-0.482868
-0.481603
-0.480333
-0.479058
-0.477778
-0.476494
-0.475205
-0.473911
-0.472613
-0.471310
-0.470002
-0.468690
-0.467373
-0.466051
-0.464725
-0.463394
-0.462059
-0.460719
-0.459374
-0.458026
-0.456672
-0.455314
-0.453952
-0.452585
-0.451213
-0.449837
-0.448457
-0.447072
-0.445683
-0.444289
-0.442891
-0.441489
-0.440082
-0.438671
-0.437256
-0.435836
-0.434412
-0.432984
-0.431552
-0.430115
-0.428674
-0.427228
-0.425779
-0.424325
-0.422867
-0.421405
-0.419939
-0.418469
-0.416994
-0.415516
-0.414033
-0.412546
-0.411055
-0.409560
-0.408062
-0.406559
-0.405052
-0.403541
-0.402026
-0.400507
-0.398984
-0.397457
-0.395926
-0.394391
-0.392853
-0.391310
-0.389764
-0.388214
-0.386660
-0.385102
-0.383541
-0.381975
-0.380406
-0.378833
-0.377257
-0.375676
-0.374092
-0.372504
-0.370913
-0.369318
-0.367719
-0.366117
-0.364511
-0.362901
-0.361288
-0.359671
-0.358051
-0.356427
-0.354800
-0.353169
-0.351535
-0.349897
-0.348256
-0.346611
-0.344963
-0.343311
-0.341656
-0.339998
-0.338336
-0.336671
-0.335003
-0.333332
-0.331657
-0.329979
-0.328297
-0.326612
-0.324925
-0.323234
-0.321539
-0.319842
-0.318141
-0.316437
-0.314731
-0.313021
-0.311308
-0.309591
-0.307872
-0.306150
-0.304425
-0.302696
-0.300965
-0.299231
-0.297494
-0.295754
-0.294011
-0.292265
-0.290516
-0.288764
-0.287010
-0.285252
-0.283492
-0.281729
-0.279964
-0.278195
-0.276424
-0.274650
-0.272873
-0.271094
-0.269312
-0.267527
-0.265739
-0.263949
-0.262157
-0.260362
-0.258564
-0.256764
-0.254961
-0.253155
-0.251348
-0.249537
-0.247724
-0.245909
-0.244092
-0.242271
-0.240449
-0.238624
-0.236797
-0.234967
-0.233136
-0.231301
-0.229465
-0.227626
-0.225785
-0.223942
-0.222097
-0.220249
-0.218399
-0.216548
-0.214693
-0.212837
-0.210979
-0.209119
-0.207256
-0.205392
-0.203525
-0.201657
-0.199786
-0.197914
-0.196040
-0.194163
-0.192285
-0.190405
-0.188523
-0.186639
-0.184753
-0.182866
-0.180976
-0.179085
-0.177192
-0.175297
-0.173401
-0.171503
-0.169603
-0.167702
-0.165798
-0.163894
-0.161987
-0.160079
-0.158170
-0.156259
-0.154346
-0.152432
-0.150516
-0.148599
-0.146680
-0.144760
-0.142839
-0.140916
-0.138991
-0.137066
-0.135139
-0.133210
-0.131281
-0.129350
-0.127417
-0.125484
-0.123549
-0.121613
-0.119676
-0.117737
-0.115798
-0.113857
-0.111915
-0.109973
-0.108029
-0.106083
-0.104137
-0.102190
-0.100242
-0.098293
-0.096343
-0.094392
-0.092440
-0.090487
-0.088533
-0.086579
-0.084623
-0.082667
-0.080710
-0.078752
-0.076793
-0.074833
-0.072873
-0.070912
-0.068950
-0.066988
-0.065025
-0.063062
-0.061097
-0.059132
-0.057167
-0.055201
-0.053234
-0.051267
-0.049300
-0.047332
-0.045363
-0.043394
-0.041425
-0.039455
-0.037485
-0.035514
-0.033543
-0.031572
-0.029600
-0.027628
-0.025656
-0.023684
-0.021711
-0.019738
-0.017765
-0.015792
-0.013819
-0.011845
-0.009872
-0.007898
-0.005924
-0.003950
-0.001976
-0.000003
0.001971
0.003945
0.005919
0.007893
0.009867
0.011840
0.013814
0.015787
0.017760
0.019733
0.021706
0.023679
0.025651
0.027623
0.029595
0.031567
0.033538
0.035509
0.037480
0.039450
0.041420
0.043389
0.045358
0.047327
0.049295
0.051262
0.053229
0.055196
0.057162
0.059127
0.061092
0.063057
0.065020
0.066983
0.068945
0.070907
0.072868
0.074828
0.076788
0.078747
0.080705
0.082662
0.084618
0.086574
0.088528
0.090482
0.092435
0.094387
0.096338
0.098288
0.100237
0.102185
0.104132
0.106079
0.108024
0.109968
0.111910
0.113852
0.115793
0.117732
0.119671
0.121608
0.123544
0.125479
0.127412
0.129345
0.131276
0.133205
0.135134
0.137061
0.138986
0.140911
0.142834
0.144755
0.146675
0.148594
0.150511
0.152427
0.154341
0.156254
0.158165
0.160074
0.161982
0.163889
0.165794
0.167697
0.169598
0.171498
0.173396
0.175293
0.177187
0.179080
0.180971
0.182861
0.184748
0.186634
0.188518
0.190400
0.192280
0.194158
0.196035
0.197909
0.199782
0.201652
0.203521
0.205387
0.207252
0.209114
0.210974
0.212833
0.214689
0.216543
0.218395
0.220245
0.222092
0.223937
0.225781
0.227622
0.229460
0.231297
0.233131
0.234963
0.236792
0.238620
0.240444
0.242267
0.244087
0.245905
0.247720
0.249533
0.251343
0.253151
0.254956
0.256759
0.258559
0.260357
0.262152
0.263945
0.265735
0.267522
0.269307
0.271089
0.272869
0.274645
0.276419
0.278191
0.279959
0.281725
0.283488
0.285248
0.287005
0.288760
0.290512
0.292260
0.294006
0.295749
0.297489
0.299227
0.300961
0.302692
0.304420
0.306146
0.307868
0.309587
0.311303
0.313016
0.314726
0.316433
0.318137
0.319837
0.321535
0.323229
0.324920
0.326608
0.328293
0.329974
0.331652
0.333327
0.334999
0.336667
0.338332
0.339994
0.341652
0.343307
0.344959
0.346607
0.348251
0.349893
0.351530
0.353165
0.354796
0.356423
0.358047
0.359667
0.361284
0.362897
0.364507
0.366113
0.367715
0.369314
0.370909
0.372500
0.374088
0.375672
0.377253
0.378829
0.380402
0.381971
0.383537
0.385098
0.386656
0.388210
0.389760
0.391307
0.392849
0.394388
0.395922
0.397453
0.398980
0.400503
0.402022
0.403537
0.405048
0.406555
0.408058
0.409557
0.411052
0.412542
0.414029
0.415512
0.416991
0.418465
0.419935
0.421402
0.422864
0.424322
0.425775
0.427225
0.428670
0.430111
0.431548
0.432981
0.434409
0.435833
0.437252
0.438668
0.440079
0.441486
0.442888
0.444286
0.445679
0.447069
0.448453
0.449834
0.451210
0.452581
0.453948
0.455311
0.456669
0.458022
0.459371
0.460716
0.462055
0.463391
0.464722
0.466048
0.467369
0.468686
0.469999
0.471306
0.472609
0.473908
0.475201
0.476491
0.477775
0.479054
0.480329
0.481599
0.482865
0.484125
0.485381
0.486632
0.487879
0.489120
0.490357
0.491588
0.492815
0.494037
0.495255
0.496467
0.497674
0.498877
0.500074
0.501267
0.502454
0.503637
0.504815
0.505988
0.507155
0.508318
0.509476
0.510629
0.511776
0.512919
0.514056
0.515189
0.516316
0.517439
0.518556
0.519668
0.520775
0.521877
0.522973
0.524065
0.525151
0.526232
0.527308
0.528379
0.529445
0.530505
0.531560
0.532610
0.533654
0.534694
0.535728
0.536756
0.537780
0.538798
0.539811
0.540818
0.541820
0.542817
0.543809
0.544795
0.545775
0.546751
0.547721
0.548685
0.549644
0.550598
0.551546
0.552489
0.553426
0.554358
0.555284
0.556205
0.557121
0.558031
0.558935
0.559834
0.560727
0.561615
0.562498
0.563374
0.564246
0.565111
0.565971
0.566826
0.567675
0.568518
0.569355
0.570187
0.571014
0.571835
0.572650
0.573459
0.574263
0.575061
0.575854
0.576641
0.577422
0.578197
0.578967
0.579731
0.580489
0.581241
0.581988
0.582729
0.583465
0.584194
0.584918
0.585636
0.586348
0.587055
0.587755
0.588450
0.589139
0.589822
0.590500
0.591171
0.591837
0.592497
0.593151
0.593799
0.594441
0.595078
0.595708
0.596333
0.596952
0.597565
0.598172
0.598773
0.599368
0.599958
0.600541
0.601118
0.601690
0.602256
0.602815
0.603369
0.603917
0.604458
0.604994
0.605524
0.606048
0.606566
0.607078
0.607584
0.608084
0.608577
0.609065
0.609547
0.610023
0.610493
0.610957
0.611415
0.611866
0.612312
0.612752
0.613185
0.613613
0.614034
0.614450
0.614859
0.615263
0.615660
0.616051
0.616436
0.616815
0.617188
0.617555
0.617916
0.618270
0.618619
0.618961
0.619298
0.619628
0.619952
0.620270
0.620582
0.620888
0.621187
0.621481
0.621768
0.622049
0.622324
0.622593
0.622856
0.623113
0.623363
0.623607
0.623846
0.624078
0.624304
0.624523
0.624737
0.624944
0.625145
0.625340
0.625529
0.625712
0.625888
0.626059
0.626223
0.626381
0.626533
0.626678
0.626818
0.626951
0.627078
0.627199
0.627313
0.627422
0.627524
0.627620
0.627710
0.627794
0.627871
0.627943
0.628008
0.628067
0.628119
0.628166
0.628206
0.628240
0.628268
0.628290
0.628306
0.628315
0.628318
0.628315
0.628306
0.628290
0.628268
0.628241
0.628206
0.628166
0.628120
0.628067
0.628008
0.627943
0.627872
0.627794
0.627711
0.627621
0.627525
0.627422
0.627314
0.627199
0.627078
0.626951
0.626818
0.626679
0.626533
0.626381
0.626223
0.626059
0.625889
0.625712
0.625530
0.625341
0.625146
0.624945
0.624737
0.624524
0.624304
0.624078
0.623846
0.623608
0.623364
0.623113
0.622857
0.622594
0.622325
0.622050
0.621769
0.621482
0.621188
0.620889
0.620583
0.620271
0.619953
0.619629
0.619299
0.618963
0.618620
0.618272
0.617917
0.617556
0.617189
0.616816
0.616437
0.616052
0.615661
0.615264
0.614861
0.614451
0.614036
0.613614
0.613187
0.612753
0.612314
0.611868
0.611416
0.610958
0.610495
0.610025
0.609549
0.609067
0.608579
0.608085
0.607585
0.607079
0.606568
0.606050
0.605526
0.604996
0.604460
0.603918
0.603371
0.602817
0.602257
0.601692
0.601120
0.600543
0.599960
0.599370
0.598775
0.598174
0.597567
0.596954
0.596335
0.595711
0.595080
0.594444
0.593801
0.593153
0.592499
0.591839
0.591174
0.590502
0.589825
0.589141
0.588452
0.587758
0.587057
0.586351
0.585638
0.584920
0.584197
0.583467
0.582732
0.581991
0.581244
0.580491
0.579733
0.578969
0.578200
0.577424
0.576643
0.575856
0.575064
0.574266
0.573462
0.572653
0.571837
0.571017
0.570190
0.569358
0.568521
0.567677
0.566829
0.565974
0.565114
0.564248
0.563377
0.562501
0.561618
0.560730
0.559837
0.558938
0.558034
0.557124
0.556208
0.555288
0.554361
0.553429
0.552492
0.551549
0.550601
0.549647
0.548688
0.547724
0.546754
0.545779
0.544798
0.543812
0.542820
0.541824
0.540822
0.539814
0.538801
0.537783
0.536760
0.535731
0.534697
0.533658
0.532613
0.531563
0.530508
0.529448
0.528383
0.527312
0.526236
0.525155
0.524069
0.522977
0.521880
0.520779
0.519672
0.518560
0.517442
0.516320
0.515193
0.514060
0.512923
0.511780
0.510633
0.509480
0.508322
0.507159
0.505992
0.504819
0.503641
0.502458
0.501271
0.500078
0.498881
0.497678
0.496471
0.495259
0.494041
0.492819
0.491593
0.490361
0.489124
0.487883
0.486637
0.485386
0.484130
0.482869
0.481604
0.480334
0.479059
0.477779
0.476495
0.475206
0.473912
0.472614
0.471311
0.470003
0.468691
0.467374
0.466052
0.464726
0.463395
0.462060
0.460720
0.459376
0.458027
0.456673
0.455315
0.453953
0.452586
0.451214
0.449838
0.448458
0.447073
0.445684
0.444291
0.442893
0.441490
0.440084
0.438673
0.437257
0.435838
0.434414
0.432985
0.431553
0.430116
0.428675
0.427230
0.425780
0.424327
0.422869
0.421407
0.419940
0.418470
0.416996
0.415517
0.414034
0.412548
0.411057
0.409562
0.408063
0.406560
0.405053
0.403542
0.402027
0.400508
0.398985
0.397458
0.395927
0.394393
0.392854
0.391312
0.389765
0.388215
0.386661
0.385104
0.383542
0.381977
0.380407
0.378835
0.377258
0.375678
0.374093
0.372506
0.370914
0.369319
0.367720
0.366118
0.364512
0.362902
0.361289
0.359673
0.358052
0.356428
0.354801
0.353170
0.351536
0.349898
0.348257
0.346612
0.344964
0.343313
0.341658
0.339999
0.338338
0.336673
0.335005
0.333333
0.331658
0.329980
0.328299
0.326614
0.324926
0.323235
0.321541
0.319843
0.318143
0.316439
0.314732
0.313022
0.311309
0.309593
0.307874
0.306151
0.304426
0.302698
0.300967
0.299232
0.297495
0.295755
0.294012
0.292266
0.290517
0.288766
0.287011
0.285254
0.283494
0.281731
0.279965
0.278196
0.276425
0.274651
0.272875
0.271095
0.269313
0.267528
0.265741
0.263951
0.262158
0.260363
0.258565
0.256765
0.254962
0.253157
0.251349
0.249539
0.247726
0.245911
0.244093
0.242273
0.240451
0.238626
0.236799
0.234969
0.233137
0.231303
0.229467
0.227628
0.225787
0.223944
0.222098
0.220251
0.218401
0.216549
0.214695
0.212839
0.210981
0.209120
0.207258
0.205393
0.203527
0.201658
0.199788
0.197915
0.196041
0.194165
0.192286
0.190406
0.188524
0.186640
0.184755
0.182867
0.180978
0.179087
0.177194
0.175299
0.173403
0.171504
0.169605
0.167703
0.165800
0.163895
0.161989
0.160081
0.158171
0.156260
0.154348
0.152433
0.150518
0.148601
0.146682
0.144762
0.142840
0.140917
0.138993
0.137067
0.135140
0.133212
0.131282
0.129351
0.127419
0.125485
0.123551
0.121615
0.119677
0.117739
0.115800
0.113859
0.111917
0.109974
0.108030
0.106085
0.104139
0.102192
0.100244
0.098295
0.096345
0.094393
0.092442
0.090489
0.088535
0.086580
0.084625
0.082668
0.080711
0.078753
0.076794
0.074835
0.072875
0.070914
0.068952
0.066990
0.065027
0.063063
0.061099
0.059134
0.057169
0.055203
0.053236
0.051269
0.049301
0.047333
0.045365
0.043396
0.041426
0.039457
0.037486
0.035516
0.033545
0.031574
0.029602
0.027630
0.025658
0.023686
0.021713
0.019740
0.017767
0.015794
0.013820
0.011847
0.009873
0.007900
0.005926
0.003952
0.001978
0.000004
-0.001970
-0.003944
-0.005917
-0.007891
-0.009865
-0.011839
-0.013812
-0.015786
-0.017759
-0.019732
-0.021705
-0.023677
-0.025650
-0.027622
-0.029594
-0.031565
-0.033536
-0.035507
-0.037478
-0.039448
-0.041418
-0.043387
-0.045356
-0.047325
-0.049293
-0.051261
-0.053228
-0.055194
-0.057160
-0.059126
-0.061091
-0.063055
-0.065019
-0.066982
-0.068944
-0.070905
-0.072866
-0.074827
-0.076786
-0.078745
-0.080703
-0.082660
-0.084616
-0.086572
-0.088527
-0.090480
-0.092433
-0.094385
-0.096336
-0.098286
-0.100236
-0.102184
-0.104131
-0.106077
-0.108022
-0.109966
-0.111909
-0.113851
-0.115791
-0.117731
-0.119669
-0.121606
-0.123542
-0.125477
-0.127411
-0.129343
-0.131274
-0.133204
-0.135132
-0.137059
-0.138985
-0.140909
-0.142832
-0.144754
-0.146674
-0.148592
-0.150510
-0.152425
-0.154339
-0.156252
-0.158163
-0.160073
-0.161981
-0.163887
-0.165792
-0.167695
-0.169597
-0.171496
-0.173395
-0.175291
-0.177186
-0.179079
-0.180970
-0.182859
-0.184747
-0.186632
-0.188516
-0.190398
-0.192279
-0.194157
-0.196033
-0.197908
-0.199780
-0.201651
-0.203519
-0.205386
-0.207250
-0.209112
-0.210973
-0.212831
-0.214687
-0.216541
-0.218393
-0.220243
-0.222091
-0.223936
-0.225779
-0.227620
-0.229459
-0.231295
-0.233129
-0.234961
-0.236791
-0.238618
-0.240443
-0.242265
-0.244085
-0.245903
-0.247718
-0.249531
-0.251341
-0.253149
-0.254955
-0.256758
-0.258558
-0.260356
-0.262151
-0.263943
-0.265733
-0.267521
-0.269306
-0.271088
-0.272867
-0.274644
-0.276418
-0.278189
-0.279958
-0.281723
-0.283486
-0.285246
-0.287004
-0.288758
-0.290510
-0.292259
-0.294005
-0.295748
-0.297488
-0.299225
-0.300959
-0.302691
-0.304419
-0.306144
-0.307866
-0.309586
-0.311302
-0.313015
-0.314725
-0.316432
-0.318135
-0.319836
-0.321534
-0.323228
-0.324919
-0.326607
-0.328291
-0.329973
-0.331651
-0.333326
-0.334998
-0.336666
-0.338331
-0.339992
-0.341651
-0.343306
-0.344957
-0.346605
-0.348250
-0.349891
-0.351529
-0.353163
-0.354794
-0.356422
-0.358045
-0.359666
-0.361282
-0.362896
-0.364505
-0.366111
-0.367714
-0.369312
-0.370908
-0.372499
-0.374087
-0.375671
-0.377251
-0.378828
-0.380401
-0.381970
-0.383535
-0.385097
-0.386655
-0.388209
-0.389759
-0.391305
-0.392848
-0.394386
-0.395921
-0.397452
-0.398979
-0.400501
-0.402020
-0.403535
-0.405046
-0.406553
-0.408056
-0.409555
-0.411050
-0.412541
-0.414028
-0.415511
-0.416989
-0.418464
-0.419934
-0.421400
-0.422863
-0.424320
-0.425774
-0.427224
-0.428669
-0.430110
-0.431547
-0.432979
-0.434408
-0.435832
-0.437251
-0.438667
-0.440078
-0.441484
-0.442887
-0.444285
-0.445678
-0.447067
-0.448452
-0.449833
-0.451208
-0.452580
-0.453947
-0.455309
-0.456667
-0.458021
-0.459370
-0.460714
-0.462054
-0.463390
-0.464720
-0.466047
-0.467368
-0.468685
-0.469998
-0.471305
-0.472608
-0.473907
-0.475200
-0.476489
-0.477774
-0.479053
-0.480328
-0.481598
-0.482864
-0.484124
-0.485380
-0.486631
-0.487878
-0.489119
-0.490356
-0.491587
-0.492814
-0.494036
-0.495253
-0.496466
-0.497673
-0.498876
-0.500073
-0.501266
-0.502453
-0.503636
-0.504814
-0.505987
-0.507154
-0.508317
-0.509475
-0.510628
-0.511775
-0.512918
-0.514056
-0.515188
-0.516315
-0.517438
-0.518555
-0.519667
-0.520774
-0.521876
-0.522972
-0.524064
-0.525150
-0.526231
-0.527307
-0.528378
-0.529444
-0.530504
-0.531559
-0.532609
-0.533653
-0.534693
-0.535727
-0.536755
-0.537779
-0.538797
-0.539810
-0.540817
-0.541819
-0.542816
-0.543808
-0.544794
-0.545774
-0.546750
-0.547720
-0.548684
-0.549643
-0.550597
-0.551545
-0.552488
-0.553425
-0.554357
-0.555284
-0.556205
-0.557120
-0.558030
-0.558934
-0.559833
-0.560727
-0.561615
-0.562497
-0.563374
-0.564245
-0.565110
-0.565970
-0.566825
-0.567674
-0.568517
-0.569355
-0.570187
-0.571013
-0.571834
-0.572649
-0.573459
-0.574262
-0.575061
-0.575853
-0.576640
-0.577421
-0.578196
-0.578966
-0.579730
-0.580488
-0.581241
-0.581988
-0.582729
-0.583464
-0.584194
-0.584917
-0.585635
-0.586348
-0.587054
-0.587755
-0.588449
-0.589139
-0.589822
-0.590499
-0.591171
-0.591836
-0.592496
-0.593150
-0.593799
-0.594441
-0.595077
-0.595708
-0.596333
-0.596951
-0.597564
-0.598171
-0.598773
-0.599368
-0.599957
-0.600541
-0.601118
-0.601690
-0.602255
-0.602815
-0.603368
-0.603916
-0.604458
-0.604994
-0.605524
-0.606048
-0.606565
-0.607077
-0.607583
-0.608083
-0.608577
-0.609065
-0.609547
-0.610023
-0.610493
-0.610956
-0.611414
-0.611866
-0.612312
-0.612751
-0.613185
-0.613613
-0.614034
-0.614450
-0.614859
-0.615262
-0.615660
-0.616051
-0.616436
-0.616815
-0.617188
-0.617555
-0.617915
-0.618270
-0.618619
-0.618961
-0.619297
-0.619628
-0.619952
-0.620270
-0.620582
-0.620887
-0.621187
-0.621480
-0.621768
-0.622049
-0.622324
-0.622593
-0.622856
-0.623112
-0.623363
-0.623607
-0.623845
-0.624077
-0.624303
-0.624523
-0.624737
-0.624944
-0.625145
-0.625340
-0.625529
-0.625712
-0.625888
-0.626059
-0.626223
-0.626381
-0.626533
-0.626678
-0.626818
-0.626951
-0.627078
-0.627199
-0.627313
-0.627422
-0.627524
-0.627620
-0.627710
-0.627794
-0.627871
-0.627943
-0.628008
-0.628067
-0.628119
-0.628166
-0.628206
-0.628240
-0.628268
-0.628290
-0.628306
-0.628315
-0.628318
-0.628315
-0.628306
-0.628290
-0.628268
-0.628241
-0.628206
-0.628166
-0.628120
-0.628067
-0.628008
-0.627943
-0.627872
-0.627794
-0.627711
-0.627621
-0.627525
-0.627422
-0.627314
-0.627199
-0.627078
-0.626951
-0.626818
-0.626679
-0.626533
-0.626382
-0.626224
-0.626059
-0.625889
-0.625713
-0.625530
-0.625341
-0.625146
-0.624945
-0.624738
-0.624524
-0.624304
-0.624079
-0.623847
-0.623608
-0.623364
-0.623114
-0.622857
-0.622594
-0.622325
-0.622050
-0.621769
-0.621482
-0.621188
-0.620889
-0.620583
-0.620271
-0.619953
-0.619629
-0.619299
-0.618963
-0.618620
-0.618272
-0.617917
-0.617557
-0.617190
-0.616817
-0.616438
-0.616053
-0.615662
-0.615264
-0.614861
-0.614452
-0.614036
-0.613615
-0.613187
-0.612754
-0.612314
-0.611868
-0.611416
-0.610959
-0.610495
-0.610025
-0.609549
-0.609067
-0.608580
-0.608086
-0.607586
-0.607080
-0.606568
-0.606050
-0.605526
-0.604996
-0.604461
-0.603919
-0.603371
-0.602818
-0.602258
-0.601692
-0.601121
-0.600543
-0.599960
-0.599371
-0.598776
-0.598175
-0.597568
-0.596955
-0.596336
-0.595711
-0.595081
-0.594444
-0.593802
-0.593154
-0.592500
-0.591840
-0.591174
-0.590503
-0.589825
-0.589142
-0.588453
-0.587758
-0.587058
-0.586351
-0.585639
-0.584921
-0.584197
-0.583468
-0.582732
-0.581991
-0.581245
-0.580492
-0.579734
-0.578970
-0.578200
-0.577425
-0.576644
-0.575857
-0.575065
-0.574266
-0.573463
-0.572653
-0.571838
-0.571017
-0.570191
-0.569359
-0.568521
-0.567678
-0.566829
-0.565975
-0.565115
-0.564249
-0.563378
-0.562501
-0.561619
-0.560731
-0.559838
-0.558939
-0.558035
-0.557125
-0.556209
-0.555288
-0.554362
-0.553430
-0.552493
-0.551550
-0.550602
-0.549648
-0.548689
-0.547725
-0.546755
-0.545779
-0.544799
-0.543813
-0.542821
-0.541825
-0.540822
-0.539815
-0.538802
-0.537784
-0.536761
-0.535732
-0.534698
-0.533659
-0.532614
-0.531564
-0.530509
-0.529449
-0.528383
-0.527313
-0.526237
-0.525156
-0.524069
-0.522978
-0.521881
-0.520780
-0.519673
-0.518561
-0.517443
-0.516321
-0.515194
-0.514061
-0.512924
-0.511781
-0.510633
-0.509481
-0.508323
-0.507160
-0.505993
-0.504820
-0.503642
-0.502459
-0.501272
-0.500079
-0.498882
-0.497679
-0.496472
-0.495260
-0.494042
-0.492820
-0.491594
-0.490362
-0.489125
-0.487884
-0.486638
-0.485387
-0.484131
-0.482870
-0.481605
-0.480335
-0.479060
-0.477780
-0.476496
-0.475207
-0.473913
-0.472615
-0.471312
-0.470004
-0.468692
-0.467375
-0.466053
-0.464727
-0.463396
-0.462061
-0.460721
-0.459377
-0.458028
-0.456674
-0.455316
-0.453954
-0.452587
-0.451215
-0.449840
-0.448459
-0.447074
-0.445685
-0.444292
-0.442894
-0.441491
-0.440085
-0.438674
-0.437258
-0.435839
-0.434415
-0.432987
-0.431554
-0.430117
-0.428676
-0.427231
-0.425781
-0.424328
-0.422870
-0.421408
-0.419942
-0.418471
-0.416997
-0.415518
-0.414036
-0.412549
-0.411058
-0.409563
-0.408064
-0.406561
-0.405054
-0.403543
-0.402028
-0.400509
-0.398986
-0.397459
-0.395929
-0.394394
-0.392855
-0.391313
-0.389767
-0.388217
-0.386663
-0.385105
-0.383543
-0.381978
-0.380409
-0.378836
-0.377259
-0.375679
-0.374095
-0.372507
-0.370916
-0.369321
-0.367722
-0.366119
-0.364513
-0.362904
-0.361291
-0.359674
-0.358054
-0.356430
-0.354803
-0.353172
-0.351537
-0.349900
-0.348258
-0.346614
-0.344966
-0.343314
-0.341659
-0.340001
-0.338339
-0.336674
-0.335006
-0.333334
-0.331660
-0.329981
-0.328300
-0.326615
-0.324927
-0.323236
-0.321542
-0.319845
-0.318144
-0.316440
-0.314733
-0.313023
-0.311310
-0.309594
-0.307875
-0.306153
-0.304428
-0.302699
-0.300968
-0.299234
-0.297497
-0.295757
-0.294014
-0.292268
-0.290519
-0.288767
-0.287013
-0.285255
-0.283495
-0.281732
-0.279966
-0.278198
-0.276427
-0.274653
-0.272876
-0.271097
-0.269315
-0.267530
-0.265742
-0.263953
-0.262160
-0.260365
-0.258567
-0.256767
-0.254964
-0.253159
-0.251351
-0.249540
-0.247728
-0.245912
-0.244095
-0.242275
-0.240452
-0.238627
-0.236800
-0.234971
-0.233139
-0.231305
-0.229468
-0.227629
-0.225788
-0.223945
-0.222100
-0.220252
-0.218403
-0.216551
-0.214697
-0.212840
-0.210982
-0.209122
-0.207259
-0.205395
-0.203528
-0.201660
-0.199790
-0.197917
-0.196043
-0.194166
-0.192288
-0.190408
-0.188526
-0.186642
-0.184756
-0.182869
-0.180979
-0.179088
-0.177195
-0.175301
-0.173404
-0.171506
-0.169606
-0.167705
-0.165802
-0.163897
-0.161991
-0.160083
-0.158173
-0.156262
-0.154349
-0.152435
-0.150519
-0.148602
-0.146683
-0.144763
-0.142842
-0.140919
-0.138995
-0.137069
-0.135142
-0.133213
-0.131284
-0.129353
-0.127421
-0.125487
-0.123552
-0.121616
-0.119679
-0.117741
-0.115801
-0.113860
-0.111919
-0.109976
-0.108032
-0.106087
-0.104141
-0.102194
-0.100245
-0.098296
-0.096346
-0.094395
-0.092443
-0.090490
-0.088536
-0.086582
-0.084626
-0.082670
-0.080713
-0.078755
-0.076796
-0.074837
-0.072876
-0.070915
-0.068954
-0.066991
-0.065028
-0.063065
-0.061101
-0.059136
-0.057170
-0.055204
-0.053238
-0.051271
-0.049303
-0.047335
-0.045366
-0.043397
-0.041428
-0.039458
-0.037488
-0.035517
-0.033546
-0.031575
-0.029604
-0.027632
-0.025660
-0.023687
-0.021715
-0.019742
-0.017769
-0.015796
-0.013822
-0.011849
-0.009875
-0.007901
-0.005928
-0.003954
-0.001980
-0.000006
0.001968
0.003942
0.005916
0.007890
0.009863
0.011837
0.013810
0.015784
0.017757
0.019730
0.021703
0.023676
0.025648
0.027620
0.029592
0.031564
0.033535
0.035506
0.037476
0.039447
0.041416
0.043386
0.045355
0.047323
0.049291
0.051259
0.053226
0.055193
0.057159
0.059124
0.061089
0.063053
0.065017
0.066980
0.068942
0.070904
0.072865
0.074825
0.076785
0.078743
0.080701
0.082658
0.084615
0.086570
0.088525
0.090479
0.092432
0.094384
0.096335
0.098285
0.100234
0.102182
0.104129
0.106075
0.108020
0.109964
0.111907
0.113849
0.115790
0.117729
0.119668
0.121605
0.123541
0.125476
0.127409
0.129341
0.131272
0.133202
0.135130
0.137058
0.138983
0.140908
0.142830
0.144752
0.146672
0.148591
0.150508
0.152424
0.154338
0.156251
0.158162
0.160071
0.161979
0.163886
0.165790
0.167694
0.169595
0.171495
0.173393
0.175289
0.177184
0.179077
0.180968
0.182858
0.184745
0.186631
0.188515
0.190397
0.192277
0.194155
0.196032
0.197906
0.199778
0.201649
0.203517
0.205384
0.207248
0.209111
0.210971
0.212829
0.214686
0.216540
0.218392
0.220241
0.222089
0.223934
0.225778
0.227619
0.229457
0.231294
0.233128
0.234960
0.236789
0.238616
0.240441
0.242264
0.244084
0.245902
0.247717
0.249530
0.251340
0.253148
0.254953
0.256756
0.258556
0.260354
0.262149
0.263942
0.265732
0.267519
0.269304
0.271086
0.272866
0.274642
0.276416
0.278188
0.279956
0.281722
0.283485
0.285245
0.287002
0.288757
0.290509
0.292257
0.294003
0.295746
0.297486
0.299224
0.300958
0.302689
0.304417
0.306143
0.307865
0.309584
0.311300
0.313013
0.314723
0.316430
0.318134
0.319835
0.321532
0.323226
0.324917
0.326605
0.328290
0.329971
0.331650
0.333325
0.334996
0.336664
0.338329
0.339991
0.341649
0.343304
0.344956
0.346604
0.348249
0.349890
0.351528
0.353162
0.354793
0.356420
0.358044
0.359664
0.361281
0.362894
0.364504
0.366110
0.367712
0.369311
0.370906
0.372498
0.374085
0.375670
0.377250
0.378827
0.380399
0.381969
0.383534
0.385096
0.386653
0.388207
0.389758
0.391304
0.392846
0.394385
0.395920
0.397450
0.398977
0.400500
0.402019
0.403534
0.405045
0.406552
0.408055
0.409554
0.411049
0.412540
0.414027
0.415509
0.416988
0.418463
0.419933
0.421399
0.422861
0.424319
0.425773
0.427222
0.428668
0.430109
0.431546
0.432978
0.434406
0.435830
0.437250
0.438665
0.440076
0.441483
0.442886
0.444283
0.445677
0.447066
0.448451
0.449831
0.451207
0.452579
0.453946
0.455308
0.456666
0.458020
0.459369
0.460713
0.462053
0.463389
0.464719
0.466045
0.467367
0.468684
0.469996
0.471304
0.472607
0.473906
0.475199
0.476488
0.477773
0.479052
0.480327
0.481597
0.482863
0.484123
0.485379
0.486630
0.487876
0.489118
0.490355
0.491586
0.492813
0.494035
0.495252
0.496465
0.497672
0.498875
0.500072
0.501265
0.502452
0.503635
0.504813
0.505986
0.507153
0.508316
0.509474
0.510627
0.511774
0.512917
0.514055
0.515187
0.516314
0.517437
0.518554
0.519666
0.520773
0.521875
0.522971
0.524063
0.525149
0.526230
0.527306
0.528377
0.529443
0.530503
0.531558
0.532608
0.533652
0.534692
0.535726
0.536755
0.537778
0.538796
0.539809
0.540816
0.541819
0.542815
0.543807
0.544793
0.545774
0.546749
0.547719
0.548683
0.549643
0.550596
0.551544
0.552487
0.553425
0.554356
0.555283
0.556204
0.557119
0.558029
0.558934
0.559833
0.560726
0.561614
0.562496
0.563373
0.564244
0.565110
0.565970
0.566824
0.567673
0.568516
0.569354
0.570186
0.571013
0.571833
0.572648
0.573458
0.574262
0.575060
0.575852
0.576639
0.577420
0.578196
0.578965
0.579729
0.580488
0.581240
0.581987
0.582728
0.583463
0.584193
0.584917
0.585635
0.586347
0.587053
0.587754
0.588449
0.589138
0.589821
0.590499
0.591170
0.591836
0.592496
0.593150
0.593798
0.594440
0.595077
0.595707
0.596332
0.596951
0.597564
0.598171
0.598772
0.599367
0.599957
0.600540
0.601118
0.601689
0.602255
0.602814
0.603368
0.603916
0.604458
0.604993
0.605523
0.606047
0.606565
0.607077
0.607583
0.608083
0.608577
0.609065
0.609546
0.610022
0.610492
0.610956
0.611414
0.611866
0.612311
0.612751
0.613185
0.613612
0.614034
0.614449
0.614859
0.615262
0.615659
0.616050
0.616436
0.616815
0.617188
0.617554
0.617915
0.618270
0.618618
0.618961
0.619297
0.619627
0.619951
0.620269
0.620581
0.620887
0.621187
0.621480
0.621768
0.622049
0.622324
0.622593
0.622856
0.623112
0.623363
0.623607
0.623845
0.624077
0.624303
0.624523
0.624736
0.624944
0.625145
0.625340
0.625529
0.625712
0.625888
0.626058
0.626223
0.626381
0.626532
0.626678
0.626817
0.626951
0.627078
0.627199
0.627313
0.627422
0.627524
0.627620
0.627710
0.627794
0.627871
0.627943
0.628008
0.628067
0.628119
0.628166
0.628206
0.628240
0.628268
0.628290
0.628306
0.628315
0.628318
0.628315
0.628306
0.628290
0.628268
0.628241
0.628207
0.628166
0.628120
0.628067
0.628008
0.627943
0.627872
0.627794
0.627711
0.627621
0.627525
0.627422
0.627314
0.627199
0.627079
0.626952
0.626818
0.626679
0.626533
0.626382
0.626224
0.626060
0.625889
0.625713
0.625530
0.625341
0.625146
0.624945
0.624738
0.624524
0.624305
0.624079
0.623847
0.623609
0.623364
0.623114
0.622857
0.622595
0.622326
0.622051
0.621769
0.621482
0.621189
0.620889
0.620583
0.620272
0.619954
0.619630
0.619299
0.618963
0.618621
0.618272
0.617918
0.617557
0.617190
0.616817
0.616438
0.616053
0.615662
0.615265
0.614861
0.614452
0.614037
0.613615
0.613188
0.612754
0.612314
0.611869
0.611417
0.610959
0.610495
0.610025
0.609550
0.609068
0.608580
0.608086
0.607586
0.607080
0.606568
0.606051
0.605527
0.604997
0.604461
0.603919
0.603372
0.602818
0.602258
0.601693
0.601121
0.600544
0.599961
0.599371
0.598776
0.598175
0.597568
0.596955
0.596336
0.595712
0.595081
0.594445
0.593802
0.593154
0.592500
0.591840
0.591175
0.590503
0.589826
0.589143
0.588454
0.587759
0.587058
0.586352
0.585640
0.584922
0.584198
0.583468
0.582733
0.581992
0.581245
0.580493
0.579735
0.578971
0.578201
0.577426
0.576644
0.575858
0.575065
0.574267
0.573463
0.572654
0.571839
0.571018
0.570192
0.569360
0.568522
0.567679
0.566830
0.565976
0.565116
0.564250
0.563379
0.562502
0.561620
0.560732
0.559839
0.558940
0.558035
0.557125
0.556210
0.555289
0.554363
0.553431
0.552494
0.551551
0.550603
0.549649
0.548690
0.547725
0.546756
0.545780
0.544800
0.543814
0.542822
0.541825
0.540823
0.539816
0.538803
0.537785
0.536762
0.535733
0.534699
0.533660
0.532615
0.531565
0.530510
0.529450
0.528384
0.527314
0.526238
0.525157
0.524070
0.522979
0.521882
0.520780
0.519674
0.518561
0.517444
0.516322
0.515195
0.514062
0.512925
0.511782
0.510634
0.509482
0.508324
0.507161
0.505994
0.504821
0.503643
0.502460
0.501273
0.500080
0.498883
0.497680
0.496473
0.495261
0.494044
0.492821
0.491595
0.490363
0.489126
0.487885
0.486639
0.485388
0.484132
0.482871
0.481606
0.480336
0.479061
0.477781
0.476497
0.475208
0.473914
0.472616
0.471313
0.470005
0.468693
0.467376
0.466054
0.464728
0.463398
0.462062
0.460722
0.459378
0.458029
0.456675
0.455317
0.453955
0.452588
0.451217
0.449841
0.448460
0.447076
0.445686
0.444293
0.442895
0.441493
0.440086
0.438675
0.437260
0.435840
0.434416
0.432988
0.431555
0.430118
0.428677
0.427232
0.425783
0.424329
0.422871
0.421409
0.419943
0.418473
0.416998
0.415519
0.414037
0.412550
0.411059
0.409564
0.408065
0.406562
0.405055
0.403544
0.402029
0.400510
0.398988
0.397461
0.395930
0.394395
0.392857
0.391314
0.389768
0.388218
0.386664
0.385106
0.383545
0.381979
0.380410
0.378837
0.377261
0.375680
0.374096
0.372508
0.370917
0.369322
0.367723
0.366121
0.364515
0.362905
0.361292
0.359675
0.358055
0.356431
0.354804
0.353173
0.351539
0.349901
0.348260
0.346615
0.344967
0.343315
0.341661
0.340002
0.338341
0.336676
0.335007
0.333336
0.331661
0.329983
0.328301
0.326617
0.324929
0.323238
0.321544
0.319846
0.318146
0.316442
0.314735
0.313025
0.311312
0.309596
0.307877
0.306154
0.304429
0.302701
0.300970
0.299235
0.297498
0.295758
0.294015
0.292269
0.290520
0.288769
0.287014
0.285257
0.283497
0.281734
0.279968
0.278199
0.276428
0.274654
0.272878
0.271098
0.269316
0.267531
0.265744
0.263954
0.262161
0.260366
0.258569
0.256768
0.254965
0.253160
0.251352
0.249542
0.247729
0.245914
0.244096
0.242276
0.240454
0.238629
0.236802
0.234972
0.233140
0.231306
0.229470
0.227631
0.225790
0.223947
0.222101
0.220254
0.218404
0.216552
0.214698
0.212842
0.210984
0.209123
0.207261
0.205397
0.203530
0.201662
0.199791
0.197919
0.196044
0.194168
0.192290
0.190410
0.188527
0.186644
0.184758
0.182870
0.180981
0.179090
0.177197
0.175302
0.173406
0.171508
0.169608
0.167706
0.165803
0.163899
0.161992
0.160084
0.158175
0.156263
0.154351
0.152437
0.150521
0.148604
0.146685
0.144765
0.142843
0.140921
0.138996
0.137071
0.135143
0.133215
0.131285
0.129354
0.127422
0.125489
0.123554
0.121618
0.119681
0.117742
0.115803
0.113862
0.111920
0.109977
0.108033
0.106088
0.104142
0.102195
0.100247
0.098298
0.096348
0.094397
0.092445
0.090492
0.088538
0.086583
0.084628
0.082672
0.080714
0.078757
0.076798
0.074838
0.072878
0.070917
0.068955
0.066993
0.065030
0.063066
0.061102
0.059137
0.057172
0.055206
0.053239
0.051272
0.049305
0.047337
0.045368
0.043399
0.041430
0.039460
0.037490
0.035519
0.033548
0.031577
0.029605
0.027633
0.025661
0.023689
0.021716
0.019743
0.017770
0.015797
0.013824
0.011850
0.009877
0.007903
0.005929
0.003955
0.001981
0.000008
-0.001966
-0.003940
-0.005914
-0.007888
-0.009862
-0.011835
-0.013809
-0.015782
-0.017755
-0.019728
-0.021701
-0.023674
-0.025646
-0.027618
-0.029590
-0.031562
-0.033533
-0.035504
-0.037475
-0.039445
-0.041415
-0.043384
-0.045353
-0.047322
-0.049290
-0.051257
-0.053224
-0.055191
-0.057157
-0.059122
-0.061087
-0.063052
-0.065015
-0.066978
-0.068941
-0.070902
-0.072863
-0.074823
-0.076783
-0.078742
-0.080700
-0.082657
-0.084613
-0.086569
-0.088523
-0.090477
-0.092430
-0.094382
-0.096333
-0.098283
-0.100232
-0.102180
-0.104128
-0.106074
-0.108019
-0.109963
-0.111906
-0.113847
-0.115788
-0.117728
-0.119666
-0.121603
-0.123539
-0.125474
-0.127407
-0.129340
-0.131271
-0.133200
-0.135129
-0.137056
-0.138982
-0.140906
-0.142829
-0.144750
-0.146671
-0.148589
-0.150506
-0.152422
-0.154336
-0.156249
-0.158160
-0.160070
-0.161978
-0.163884
-0.165789
-0.167692
-0.169593
-0.171493
-0.173391
-0.175288
-0.177182
-0.179075
-0.180967
-0.182856
-0.184744
-0.186629
-0.188513
-0.190395
-0.192275
-0.194154
-0.196030
-0.197904
-0.199777
-0.201647
-0.203516
-0.205382
-0.207247
-0.209109
-0.210970
-0.212828
-0.214684
-0.216538
-0.218390
-0.220240
-0.222087
-0.223933
-0.225776
-0.227617
-0.229456
-0.231292
-0.233126
-0.234958
-0.236788
-0.238615
-0.240440
-0.242262
-0.244082
-0.245900
-0.247715
-0.249528
-0.251338
-0.253146
-0.254952
-0.256755
-0.258555
-0.260353
-0.262148
-0.263940
-0.265730
-0.267518
-0.269303
-0.271085
-0.272864
-0.274641
-0.276415
-0.278186
-0.279955
-0.281720
-0.283483
-0.285243
-0.287001
-0.288755
-0.290507
-0.292256
-0.294002
-0.295745
-0.297485
-0.299222
-0.300956
-0.302688
-0.304416
-0.306141
-0.307863
-0.309583
-0.311299
-0.313012
-0.314722
-0.316429
-0.318133
-0.319833
-0.321531
-0.323225
-0.324916
-0.326604
-0.328289
-0.329970
-0.331648
-0.333323
-0.334995
-0.336663
-0.338328
-0.339990
-0.341648
-0.343303
-0.344954
-0.346603
-0.348247
-0.349888
-0.351526
-0.353161
-0.354791
-0.356419
-0.358043
-0.359663
-0.361280
-0.362893
-0.364503
-0.366109
-0.367711
-0.369310
-0.370905
-0.372496
-0.374084
-0.375668
-0.377249
-0.378825
-0.380398
-0.381967
-0.383533
-0.385094
-0.386652
-0.388206
-0.389756
-0.391303
-0.392845
-0.394384
-0.395918
-0.397449
-0.398976
-0.400499
-0.402018
-0.403533
-0.405044
-0.406551
-0.408054
-0.409553
-0.411048
-0.412539
-0.414026
-0.415508
-0.416987
-0.418461
-0.419932
-0.421398
-0.422860
-0.424318
-0.425772
-0.427221
-0.428666
-0.430108
-0.431544
-0.432977
-0.434405
-0.435829
-0.437249
-0.438664
-0.440075
-0.441482
-0.442884
-0.444282
-0.445676
-0.447065
-0.448450
-0.449830
-0.451206
-0.452578
-0.453945
-0.455307
-0.456665
-0.458019
-0.459368
-0.460712
-0.462052
-0.463387
-0.464718
-0.466044
-0.467366
-0.468683
-0.469995
-0.471303
-0.472606
-0.473904
-0.475198
-0.476487
-0.477772
-0.479051
-0.480326
-0.481596
-0.482862
-0.484122
-0.485378
-0.486629
-0.487875
-0.489117
-0.490353
-0.491585
-0.492812
-0.494034
-0.495251
-0.496464
-0.497671
-0.498874
-0.500071
-0.501264
-0.502451
-0.503634
-0.504812
-0.505985
-0.507152
-0.508315
-0.509473
-0.510626
-0.511773
-0.512916
-0.514054
-0.515186
-0.516313
-0.517436
-0.518553
-0.519665
-0.520772
-0.521874
-0.522971
-0.524062
-0.525148
-0.526230
-0.527306
-0.528376
-0.529442
-0.530502
-0.531557
-0.532607
-0.533652
-0.534691
-0.535725
-0.536754
-0.537777
-0.538795
-0.539808
-0.540816
-0.541818
-0.542815
-0.543806
-0.544792
-0.545773
-0.546748
-0.547718
-0.548683
-0.549642
-0.550595
-0.551544
-0.552486
-0.553424
-0.554356
-0.555282
-0.556203
-0.557118
-0.558028
-0.558933
-0.559832
-0.560725
-0.561613
-0.562495
-0.563372
-0.564243
-0.565109
-0.565969
-0.566824
-0.567672
-0.568516
-0.569353
-0.570185
-0.571012
-0.571833
-0.572648
-0.573457
-0.574261
-0.575059
-0.575852
-0.576639
-0.577420
-0.578195
-0.578965
-0.579729
-0.580487
-0.581240
-0.581986
-0.582727
-0.583463
-0.584192
-0.584916
-0.585634
-0.586346
-0.587053
-0.587753
-0.588448
-0.589137
-0.589821
-0.590498
-0.591170
-0.591835
-0.592495
-0.593149
-0.593797
-0.594440
-0.595076
-0.595707
-0.596332
-0.596950
-0.597563
-0.598170
-0.598772
-0.599367
-0.599956
-0.600540
-0.601117
-0.601689
-0.602254
-0.602814
-0.603368
-0.603915
-0.604457
-0.604993
-0.605523
-0.606047
-0.606565
-0.607076
-0.607582
-0.608082
-0.608576
-0.609064
-0.609546
-0.610022
-0.610492
-0.610956
-0.611413
-0.611865
-0.612311
-0.612751
-0.613184
-0.613612
-0.614033
-0.614449
-0.614858
-0.615262
-0.615659
-0.616050
-0.616435
-0.616814
-0.617187
-0.617554
-0.617915
-0.618269
-0.618618
-0.618961
-0.619297
-0.619627
-0.619951
-0.620269
-0.620581
-0.620887
-0.621186
-0.621480
-0.621767
-0.622049
-0.622324
-0.622593
-0.622855
-0.623112
-0.623362
-0.623607
-0.623845
-0.624077
-0.624303
-0.624523
-0.624736
-0.624944
-0.625145
-0.625340
-0.625529
-0.625711
-0.625888
-0.626058
-0.626222
-0.626380
-0.626532
-0.626678
-0.626817
-0.626951
-0.627078
-0.627199
-0.627313
-0.627422
-0.627524
-0.627620
-0.627710
-0.627794
-0.627871
-0.627943
-0.628008
-0.628067
-0.628119
-0.628166
-0.628206
-0.628240
-0.628268
-0.628290
-0.628306
-0.628315
-0.628318
-0.628315
-0.628306
-0.628290
-0.628268
-0.628241
-0.628207
-0.628166
-0.628120
-0.628067
-0.628008
-0.627943
-0.627872
-0.627794
-0.627711
-0.627621
-0.627525
-0.627423
-0.627314
-0.627200
-0.627079
-0.626952
-0.626818
-0.626679
-0.626534
-0.626382
-0.626224
-0.626060
-0.625889
-0.625713
-0.625530
-0.625341
-0.625146
-0.624945
-0.624738
-0.624524
-0.624305
-0.624079
-0.623847
-0.623609
-0.623365
-0.623114
-0.622858
-0.622595
-0.622326
-0.622051
-0.621770
-0.621482
-0.621189
-0.620889
-0.620584
-0.620272
-0.619954
-0.619630
-0.619300
-0.618963
-0.618621
-0.618272
-0.617918
-0.617557
-0.617190
-0.616817
-0.616438
-0.616053
-0.615662
-0.615265
-0.614862
-0.614452
-0.614037
-0.613615
-0.613188
-0.612754
-0.612315
-0.611869
-0.611417
-0.610959
-0.610496
-0.610026
-0.609550
-0.609068
-0.608580
-0.608086
-0.607587
-0.607081
-0.606569
-0.606051
-0.605527
-0.604997
-0.604462
-0.603920
-0.603372
-0.602819
-0.602259
-0.601693
-0.601122
-0.600544
-0.599961
-0.599372
-0.598777
-0.598176
-0.597569
-0.596956
-0.596337
-0.595712
-0.595082
-0.594445
-0.593803
-0.593155
-0.592501
-0.591841
-0.591175
-0.590504
-0.589826
-0.589143
-0.588454
-0.587759
-0.587059
-0.586352
-0.585640
-0.584922
-0.584198
-0.583469
-0.582734
-0.581993
-0.581246
-0.580493
-0.579735
-0.578971
-0.578202
-0.577426
-0.576645
-0.575858
-0.575066
-0.574268
-0.573464
-0.572655
-0.571840
-0.571019
-0.570192
-0.569360
-0.568523
-0.567680
-0.566831
-0.565976
-0.565116
-0.564251
-0.563380
-0.562503
-0.561621
-0.560733
-0.559839
-0.558940
-0.558036
-0.557126
-0.556211
-0.555290
-0.554364
-0.553432
-0.552494
-0.551552
-0.550603
-0.549650
-0.548691
-0.547726
-0.546756
-0.545781
-0.544800
-0.543814
-0.542823
-0.541826
-0.540824
-0.539817
-0.538804
-0.537786
-0.536762
-0.535734
-0.534700
-0.533660
-0.532616
-0.531566
-0.530511
-0.529451
-0.528385
-0.527315
-0.526239
-0.525158
-0.524071
-0.522980
-0.521883
-0.520781
-0.519674
-0.518562
-0.517445
-0.516323
-0.515196
-0.514063
-0.512926
-0.511783
-0.510635
-0.509483
-0.508325
-0.507162
-0.505995
-0.504822
-0.503644
-0.502461
-0.501274
-0.500081
-0.498884
-0.497681
-0.496474
-0.495262
-0.494045
-0.492823
-0.491596
-0.490364
-0.489127
-0.487886
-0.486640
-0.485389
-0.484133
-0.482872
-0.481607
-0.480337
-0.479062
-0.477782
-0.476498
-0.475209
-0.473915
-0.472617
-0.471314
-0.470006
-0.468694
-0.467377
-0.466056
-0.464729
-0.463399
-0.462063
-0.460723
-0.459379
-0.458030
-0.456677
-0.455319
-0.453956
-0.452589
-0.451218
-0.449842
-0.448462
-0.447077
-0.445688
-0.444294
-0.442896
-0.441494
-0.440087
-0.438676
-0.437261
-0.435841
-0.434417
-0.432989
-0.431556
-0.430120
-0.428679
-0.427233
-0.425784
-0.424330
-0.422872
-0.421410
-0.419944
-0.418474
-0.416999
-0.415521
-0.414038
-0.412551
-0.411060
-0.409566
-0.408067
-0.406564
-0.405057
-0.403546
-0.402031
-0.400512
-0.398989
-0.397462
-0.395931
-0.394397
-0.392858
-0.391316
-0.389769
-0.388219
-0.386665
-0.385108
-0.383546
-0.381981
-0.380411
-0.378839
-0.377262
-0.375682
-0.374097
-0.372510
-0.370918
-0.369323
-0.367724
-0.366122
-0.364516
-0.362907
-0.361293
-0.359677
-0.358056
-0.356433
-0.354805
-0.353174
-0.351540
-0.349902
-0.348261
-0.346616
-0.344968
-0.343317
-0.341662
-0.340004
-0.338342
-0.336677
-0.335009
-0.333337
-0.331662
-0.329984
-0.328303
-0.326618
-0.324930
-0.323239
-0.321545
-0.319848
-0.318147
-0.316443
-0.314736
-0.313026
-0.311313
-0.309597
-0.307878
-0.306156
-0.304431
-0.302702
-0.300971
-0.299237
-0.297500
-0.295760
-0.294017
-0.292271
-0.290522
-0.288770
-0.287016
-0.285258
-0.283498
-0.281735
-0.279969
-0.278201
-0.276430
-0.274656
-0.272879
-0.271100
-0.269318
-0.267533
-0.265746
-0.263956
-0.262163
-0.260368
-0.258570
-0.256770
-0.254967
-0.253162
-0.251354
-0.249543
-0.247731
-0.245915
-0.244098
-0.242278
-0.240455
-0.238630
-0.236803
-0.234974
-0.233142
-0.231308
-0.229471
-0.227632
-0.225792
-0.223948
-0.222103
-0.220255
-0.218406
-0.216554
-0.214700
-0.212844
-0.210985
-0.209125
-0.207263
-0.205398
-0.203532
-0.201663
-0.199793
-0.197920
-0.196046
-0.194170
-0.192291
-0.190411
-0.188529
-0.186645
-0.184759
-0.182872
-0.180983
-0.179091
-0.177198
-0.175304
-0.173407
-0.171509
-0.169609
-0.167708
-0.165805
-0.163900
-0.161994
-0.160086
-0.158176
-0.156265
-0.154352
-0.152438
-0.150523
-0.148605
-0.146687
-0.144767
-0.142845
-0.140922
-0.138998
-0.137072
-0.135145
-0.133217
-0.131287
-0.129356
-0.127424
-0.125490
-0.123555
-0.121620
-0.119682
-0.117744
-0.115804
-0.113864
-0.111922
-0.109979
-0.108035
-0.106090
-0.104144
-0.102197
-0.100249
-0.098300
-0.096349
-0.094398
-0.092446
-0.090494
-0.088540
-0.086585
-0.084630
-0.082673
-0.080716
-0.078758
-0.076799
-0.074840
-0.072880
-0.070919
-0.068957
-0.066995
-0.065032
-0.063068
-0.061104
-0.059139
-0.057174
-0.055208
-0.053241
-0.051274
-0.049306
-0.047338
-0.045370
-0.043401
-0.041431
-0.039462
-0.037491
-0.035521
-0.033550
-0.031579
-0.029607
-0.027635
-0.025663
-0.023691
-0.021718
-0.019745
-0.017772
-0.015799
-0.013825
-0.011852
-0.009878
-0.007905
-0.005931
-0.003957
-0.001983
-0.000009
0.001965
0.003939
0.005912
0.007886
0.009860
0.011834
0.013807
0.015781
0.017754
0.019727
0.021700
0.023672
0.025645
0.027617
0.029589
0.031560
0.033531
0.035502
0.037473
0.039443
0.041413
0.043382
0.045351
0.047320
0.049288
0.051256
0.053223
0.055189
0.057155
0.059121
0.061086
0.063050
0.065014
0.066977
0.068939
0.070901
0.072861
0.074822
0.076781
0.078740
0.080698
0.082655
0.084611
0.086567
0.088522
0.090475
0.092428
0.094380
0.096331
0.098281
0.100231
0.102179
0.104126
0.106072
0.108017
0.109961
0.111904
0.113846
0.115786
0.117726
0.119664
0.121602
0.123538
0.125472
0.127406
0.129338
0.131269
0.133199
0.135127
0.137054
0.138980
0.140904
0.142827
0.144749
0.146669
0.148588
0.150505
0.152420
0.154335
0.156247
0.158158
0.160068
0.161976
0.163882
0.165787
0.167690
0.169592
0.171492
0.173390
0.175286
0.177181
0.179074
0.180965
0.182854
0.184742
0.186628
0.188512
0.190394
0.192274
0.194152
0.196028
0.197903
0.199775
0.201646
0.203514
0.205381
0.207245
0.209108
0.210968
0.212826
0.214683
0.216537
0.218388
0.220238
0.222086
0.223931
0.225774
0.227615
0.229454
0.231291
0.233125
0.234957
0.236786
0.238613
0.240438
0.242261
0.244081
0.245898
0.247714
0.249527
0.251337
0.253145
0.254950
0.256753
0.258553
0.260351
0.262146
0.263939
0.265729
0.267516
0.269301
0.271083
0.272863
0.274639
0.276413
0.278185
0.279953
0.281719
0.283482
0.285242
0.286999
0.288754
0.290506
0.292254
0.294000
0.295743
0.297484
0.299221
0.300955
0.302686
0.304415
0.306140
0.307862
0.309581
0.311297
0.313010
0.314720
0.316427
0.318131
0.319832
0.321529
0.323224
0.324915
0.326603
0.328287
0.329969
0.331647
0.333322
0.334993
0.336662
0.338327
0.339988
0.341647
0.343301
0.344953
0.346601
0.348246
0.349887
0.351525
0.353159
0.354790
0.356417
0.358041
0.359662
0.361278
0.362892
0.364501
0.366107
0.367710
0.369308
0.370903
0.372495
0.374083
0.375667
0.377247
0.378824
0.380397
0.381966
0.383531
0.385093
0.386651
0.388205
0.389755
0.391301
0.392844
0.394382
0.395917
0.397448
0.398975
0.400498
0.402017
0.403532
0.405043
0.406550
0.408053
0.409552
0.411047
0.412537
0.414024
0.415507
0.416986
0.418460
0.419930
0.421397
0.422859
0.424317
0.425770
0.427220
0.428665
0.430106
0.431543
0.432976
0.434404
0.435828
0.437248
0.438663
0.440074
0.441481
0.442883
0.444281
0.445675
0.447064
0.448449
0.449829
0.451205
0.452576
0.453943
0.455306
0.456664
0.458018
0.459367
0.460711
0.462051
0.463386
0.464717
0.466043
0.467365
0.468682
0.469994
0.471302
0.472605
0.473903
0.475197
0.476486
0.477771
0.479050
0.480325
0.481595
0.482861
0.484121
0.485377
0.486628
0.487874
0.489116
0.490352
0.491584
0.492811
0.494033
0.495250
0.496463
0.497670
0.498873
0.500070
0.501263
0.502450
0.503633
0.504811
0.505984
0.507151
0.508314
0.509472
0.510625
0.511772
0.512915
0.514053
0.515185
0.516313
0.517435
0.518552
0.519664
0.520771
0.521873
0.522970
0.524061
0.525147
0.526229
0.527305
0.528375
0.529441
0.530501
0.531556
0.532606
0.533651
0.534690
0.535724
0.536753
0.537776
0.538794
0.539807
0.540815
0.541817
0.542814
0.543805
0.544791
0.545772
0.546747
0.547717
0.548682
0.549641
0.550595
0.551543
0.552486
0.553423
0.554355
0.555281
0.556202
0.557118
0.558028
0.558932
0.559831
0.560724
0.561612
0.562495
0.563371
0.564243
0.565108
0.565968
0.566823
0.567672
0.568515
0.569353
0.570185
0.571011
0.571832
0.572647
0.573457
0.574260
0.575059
0.575851
0.576638
0.577419
0.578194
0.578964
0.579728
0.580486
0.581239
0.581986
0.582727
0.583462
0.584192
0.584915
0.585634
0.586346
0.587052
0.587753
0.588448
0.589137
0.589820
0.590497
0.591169
0.591835
0.592495
0.593149
0.593797
0.594439
0.595076
0.595706
0.596331
0.596950
0.597563
0.598170
0.598771
0.599366
0.599956
0.600539
0.601117
0.601688
0.602254
0.602813
0.603367
0.603915
0.604457
0.604992
0.605522
0.606046
0.606564
0.607076
0.607582
0.608082
0.608576
0.609064
0.609546
0.610021
0.610491
0.610955
0.611413
0.611865
0.612311
0.612750
0.613184
0.613612
0.614033
0.614449
0.614858
0.615261
0.615659
0.616050
0.616435
0.616814
0.617187
0.617554
0.617915
0.618269
0.618618
0.618960
0.619297
0.619627
0.619951
0.620269
0.620581
0.620887
0.621186
0.621480
0.621767
0.622048
0.622323
0.622592
0.622855
0.623112
0.623362
0.623607
0.623845
0.624077
0.624303
0.624522
0.624736
0.624943
0.625145
0.625340
0.625529
0.625711
0.625888
0.626058
0.626222
0.626380
0.626532
0.626678
0.626817
0.626950
0.627078
0.627198
0.627313
0.627422
0.627524
0.627620
0.627710
0.627794
0.627871
0.627943
0.628008
0.628067
0.628119
0.628166
0.628206
0.628240
0.628268
0.628290
0.628306
0.628315
0.628318
0.628315
0.628306
0.628290
0.628269
0.628241
0.628207
0.628166
0.628120
0.628067
0.628008
0.627943
0.627872
0.627794
0.627711
0.627621
0.627525
0.627423
0.627314
0.627200
0.627079
0.626952
0.626819
0.626679
0.626534
0.626382
0.626224
0.626060
0.625890
0.625713
0.625530
0.625342
0.625147
0.624945
0.624738
0.624525
0.624305
0.624079
0.623847
0.623609
0.623365
0.623114
0.622858
0.622595
0.622326
0.622051
0.621770
0.621483
0.621189
0.620890
0.620584
0.620272
0.619954
0.619630
0.619300
0.618964
0.618621
0.618273
0.617918
0.617557
0.617191
0.616818
0.616439
0.616054
0.615663
0.615265
0.614862
0.614453
0.614037
0.613616
0.613188
0.612755
0.612315
0.611869
0.611418
0.610960
0.610496
0.610026
0.609550
0.609069
0.608581
0.608087
0.607587
0.607081
0.606569
0.606051
0.605528
0.604998
0.604462
0.603920
0.603373
0.602819
0.602259
0.601694
0.601122
0.600545
0.599962
0.599372
0.598777
0.598176
0.597569
0.596956
0.596337
0.595713
0.595082
0.594446
0.593803
0.593155
0.592501
0.591841
0.591176
0.590504
0.589827
0.589144
0.588455
0.587760
0.587059
0.586353
0.585641
0.584923
0.584199
0.583470
0.582734
0.581993
0.581247
0.580494
0.579736
0.578972
0.578202
0.577427
0.576646
0.575859
0.575067
0.574269
0.573465
0.572655
0.571840
0.571019
0.570193
0.569361
0.568523
0.567680
0.566831
0.565977
0.565117
0.564251
0.563380
0.562504
0.561621
0.560733
0.559840
0.558941
0.558037
0.557127
0.556212
0.555291
0.554364
0.553432
0.552495
0.551552
0.550604
0.549651
0.548692
0.547727
0.546757
0.545782
0.544801
0.543815
0.542824
0.541827
0.540825
0.539818
0.538805
0.537787
0.536763
0.535735
0.534701
0.533661
0.532617
0.531567
0.530512
0.529452
0.528386
0.527315
0.526240
0.525158
0.524072
0.522981
0.521884
0.520782
0.519675
0.518563
0.517446
0.516324
0.515197
0.514064
0.512927
0.511784
0.510636
0.509484
0.508326
0.507163
0.505996
0.504823
0.503645
0.502462
0.501275
0.500082
0.498885
0.497682
0.496475
0.495263
0.494046
0.492824
0.491597
0.490365
0.489128
0.487887
0.486641
0.485390
0.484134
0.482873
0.481608
0.480338
0.479063
0.477783
0.476499
0.475210
0.473917
0.472618
0.471315
0.470007
0.468695
0.467378
0.466057
0.464731
0.463400
0.462064
0.460725
0.459380
0.458031
0.456678
0.455320
0.453957
0.452590
0.451219
0.449843
0.448463
0.447078
0.445689
0.444295
0.442897
0.441495
0.440088
0.438677
0.437262
0.435842
0.434418
0.432990
0.431558
0.430121
0.428680
0.427235
0.425785
0.424331
0.422874
0.421412
0.419945
0.418475
0.417001
0.415522
0.414039
0.412553
0.411062
0.409567
0.408068
0.406565
0.405058
0.403547
0.402032
0.400513
0.398990
0.397463
0.395933
0.394398
0.392859
0.391317
0.389771
0.388221
0.386667
0.385109
0.383547
0.381982
0.380413
0.378840
0.377263
0.375683
0.374099
0.372511
0.370920
0.369325
0.367726
0.366123
0.364517
0.362908
0.361295
0.359678
0.358058
0.356434
0.354807
0.353176
0.351541
0.349904
0.348262
0.346618
0.344970
0.343318
0.341663
0.340005
0.338343
0.336679
0.335010
0.333339
0.331664
0.329986
0.328304
0.326620
0.324932
0.323241
0.321546
0.319849
0.318148
0.316445
0.314738
0.313028
0.311315
0.309599
0.307879
0.306157
0.304432
0.302704
0.300973
0.299238
0.297501
0.295761
0.294018
0.292272
0.290523
0.288772
0.287017
0.285260
0.283500
0.281737
0.279971
0.278202
0.276431
0.274657
0.272881
0.271101
0.269319
0.267534
0.265747
0.263957
0.262164
0.260369
0.258572
0.256771
0.254968
0.253163
0.251355
0.249545
0.247732
0.245917
0.244099
0.242279
0.240457
0.238632
0.236805
0.234975
0.233143
0.231309
0.229473
0.227634
0.225793
0.223950
0.222105
0.220257
0.218407
0.216555
0.214701
0.212845
0.210987
0.209127
0.207264
0.205400
0.203533
0.201665
0.199794
0.197922
0.196047
0.194171
0.192293
0.190413
0.188531
0.186647
0.184761
0.182873
0.180984
0.179093
0.177200
0.175305
0.173409
0.171511
0.169611
0.167710
0.165807
0.163902
0.161995
0.160087
0.158178
0.156267
0.154354
0.152440
0.150524
0.148607
0.146688
0.144768
0.142847
0.140924
0.138999
0.137074
0.135147
0.133218
0.131289
0.129358
0.127425
0.125492
0.123557
0.121621
0.119684
0.117746
0.115806
0.113865
0.111924
0.109981
0.108037
0.106092
0.104146
0.102198
0.100250
0.098301
0.096351
0.094400
0.092448
0.090495
0.088541
0.086587
0.084631
0.082675
0.080718
0.078760
0.076801
0.074842
0.072881
0.070920
0.068959
0.066996
0.065033
0.063070
0.061106
0.059141
0.057175
0.055209
0.053243
0.051276
0.049308
0.047340
0.045371
0.043402
0.041433
0.039463
0.037493
0.035522
0.033551
0.031580
0.029609
0.027637
0.025665
0.023692
0.021720
0.019747
0.017774
0.015801
0.013827
0.011854
0.009880
0.007906
0.005933
0.003959
0.001985
0.000011
-0.001963
-0.003937
-0.005911
-0.007885
-0.009858
-0.011832
-0.013805
-0.015779
-0.017752
-0.019725
-0.021698
-0.023671
-0.025643
-0.027615
-0.029587
-0.031559
-0.033530
-0.035501
-0.037471
-0.039442
-0.041411
-0.043381
-0.045350
-0.047318
-0.049286
-0.051254
-0.053221
-0.055188
-0.057154
-0.059119
-0.061084
-0.063048
-0.065012
-0.066975
-0.068937
-0.070899
-0.072860
-0.074820
-0.076780
-0.078738
-0.080696
-0.082653
-0.084610
-0.086565
-0.088520
-0.090474
-0.092427
-0.094379
-0.096330
-0.098280
-0.100229
-0.102177
-0.104124
-0.106070
-0.108015
-0.109959
-0.111902
-0.113844
-0.115785
-0.117724
-0.119663
-0.121600
-0.123536
-0.125471
-0.127404
-0.129336
-0.131267
-0.133197
-0.135126
-0.137053
-0.138978
-0.140903
-0.142826
-0.144747
-0.146667
-0.148586
-0.150503
-0.152419
-0.154333
-0.156246
-0.158157
-0.160066
-0.161974
-0.163881
-0.165786
-0.167689
-0.169590
-0.171490
-0.173388
-0.175285
-0.177179
-0.179072
-0.180963
-0.182853
-0.184740
-0.186626
-0.188510
-0.190392
-0.192272
-0.194150
-0.196027
-0.197901
-0.199774
-0.201644
-0.203513
-0.205379
-0.207244
-0.209106
-0.210966
-0.212825
-0.214681
-0.216535
-0.218387
-0.220237
-0.222084
-0.223930
-0.225773
-0.227614
-0.229453
-0.231289
-0.233123
-0.234955
-0.236785
-0.238612
-0.240437
-0.242259
-0.244079
-0.245897
-0.247712
-0.249525
-0.251335
-0.253143
-0.254949
-0.256751
-0.258552
-0.260350
-0.262145
-0.263937
-0.265727
-0.267515
-0.269300
-0.271082
-0.272861
-0.274638
-0.276412
-0.278183
-0.279952
-0.281717
-0.283480
-0.285241
-0.286998
-0.288752
-0.290504
-0.292253
-0.293999
-0.295742
-0.297482
-0.299219
-0.300954
-0.302685
-0.304413
-0.306138
-0.307861
-0.309580
-0.311296
-0.313009
-0.314719
-0.316426
-0.318130
-0.319830
-0.321528
-0.323222
-0.324913
-0.326601
-0.328286
-0.329967
-0.331645
-0.333320
-0.334992
-0.336660
-0.338325
-0.339987
-0.341645
-0.343300
-0.344952
-0.346600
-0.348244
-0.349886
-0.351524
-0.353158
-0.354789
-0.356416
-0.358040
-0.359660
-0.361277
-0.362890
-0.364500
-0.366106
-0.367708
-0.369307
-0.370902
-0.372494
-0.374081
-0.375666
-0.377246
-0.378823
-0.380395
-0.381965
-0.383530
-0.385092
-0.386650
-0.388204
-0.389754
-0.391300
-0.392842
-0.394381
-0.395916
-0.397447
-0.398973
-0.400496
-0.402015
-0.403530
-0.405041
-0.406548
-0.408051
-0.409550
-0.411045
-0.412536
-0.414023
-0.415506
-0.416984
-0.418459
-0.419929
-0.421395
-0.422858
-0.424315
-0.425769
-0.427219
-0.428664
-0.430105
-0.431542
-0.432974
-0.434403
-0.435827
-0.437246
-0.438662
-0.440073
-0.441480
-0.442882
-0.444280
-0.445674
-0.447063
-0.448448
-0.449828
-0.451204
-0.452575
-0.453942
-0.455305
-0.456663
-0.458016
-0.459365
-0.460710
-0.462050
-0.463385
-0.464716
-0.466042
-0.467364
-0.468681
-0.469993
-0.471301
-0.472604
-0.473902
-0.475196
-0.476485
-0.477769
-0.479049
-0.480324
-0.481594
-0.482859
-0.484120
-0.485376
-0.486627
-0.487873
-0.489115
-0.490351
-0.491583
-0.492810
-0.494032
-0.495249
-0.496462
-0.497669
-0.498872
-0.500069
-0.501262
-0.502449
-0.503632
-0.504810
-0.505983
-0.507151
-0.508313
-0.509471
-0.510624
-0.511771
-0.512914
-0.514052
-0.515184
-0.516312
-0.517434
-0.518551
-0.519663
-0.520770
-0.521872
-0.522969
-0.524060
-0.525147
-0.526228
-0.527304
-0.528374
-0.529440
-0.530500
-0.531555
-0.532605
-0.533650
-0.534689
-0.535723
-0.536752
-0.537775
-0.538794
-0.539806
-0.540814
-0.541816
-0.542813
-0.543804
-0.544790
-0.545771
-0.546747
-0.547716
-0.548681
-0.549640
-0.550594
-0.551542
-0.552485
-0.553422
-0.554354
-0.555281
-0.556201
-0.557117
-0.558027
-0.558931
-0.559830
-0.560724
-0.561612
-0.562494
-0.563371
-0.564242
-0.565108
-0.565968
-0.566822
-0.567671
-0.568514
-0.569352
-0.570184
-0.571010
-0.571831
-0.572646
-0.573456
-0.574260
-0.575058
-0.575850
-0.576637
-0.577418
-0.578194
-0.578963
-0.579727
-0.580486
-0.581238
-0.581985
-0.582726
-0.583462
-0.584191
-0.584915
-0.585633
-0.586345
-0.587052
-0.587752
-0.588447
-0.589136
-0.589819
-0.590497
-0.591168
-0.591834
-0.592494
-0.593148
-0.593796
-0.594439
-0.595075
-0.595706
-0.596331
-0.596949
-0.597562
-0.598169
-0.598771
-0.599366
-0.599955
-0.600539
-0.601116
-0.601688
-0.602253
-0.602813
-0.603367
-0.603914
-0.604456
-0.604992
-0.605522
-0.606046
-0.606564
-0.607076
-0.607582
-0.608081
-0.608575
-0.609063
-0.609545
-0.610021
-0.610491
-0.610955
-0.611413
-0.611864
-0.612310
-0.612750
-0.613184
-0.613611
-0.614033
-0.614448
-0.614858
-0.615261
-0.615658
-0.616049
-0.616435
-0.616814
-0.617187
-0.617553
-0.617914
-0.618269
-0.618617
-0.618960
-0.619296
-0.619627
-0.619951
-0.620269
-0.620581
-0.620886
-0.621186
-0.621479
-0.621767
-0.622048
-0.622323
-0.622592
-0.622855
-0.623112
-0.623362
-0.623606
-0.623845
-0.624077
-0.624303
-0.624522
-0.624736
-0.624943
-0.625144
-0.625340
-0.625528
-0.625711
-0.625888
-0.626058
-0.626222
-0.626380
-0.626532
-0.626678
-0.626817
-0.626950
-0.627077
-0.627198
-0.627313
-0.627422
-0.627524
-0.627620
-0.627710
-0.627794
-0.627871
-0.627942
-0.628008
-0.628067
-0.628119
-0.628166
-0.628206
-0.628240
-0.628268
-0.628290
-0.628306
-0.628315
-0.628318
-0.628315
-0.628306
-0.628290
-0.628269
-0.628241
-0.628207
-0.628166
-0.628120
-0.628067
-0.628008
-0.627943
-0.627872
-0.627795
-0.627711
-0.627621
-0.627525
-0.627423
-0.627314
-0.627200
-0.627079
-0.626952
-0.626819
-0.626679
-0.626534
-0.626382
-0.626224
-0.626060
-0.625890
-0.625713
-0.625531
-0.625342
-0.625147
-0.624946
-0.624738
-0.624525
-0.624305
-0.624079
-0.623847
-0.623609
-0.623365
-0.623115
-0.622858
-0.622595
-0.622326
-0.622051
-0.621770
-0.621483
-0.621189
-0.620890
-0.620584
-0.620272
-0.619954
-0.619630
-0.619300
-0.618964
-0.618622
-0.618273
-0.617918
-0.617558
-0.617191
-0.616818
-0.616439
-0.616054
-0.615663
-0.615266
-0.614862
-0.614453
-0.614038
-0.613616
-0.613189
-0.612755
-0.612315
-0.611870
-0.611418
-0.610960
-0.610496
-0.610027
-0.609551
-0.609069
-0.608581
-0.608087
-0.607587
-0.607082
-0.606570
-0.606052
-0.605528
-0.604998
-0.604463
-0.603921
-0.603373
-0.602819
-0.602260
-0.601694
-0.601123
-0.600545
-0.599962
-0.599373
-0.598778
-0.598177
-0.597570
-0.596957
-0.596338
-0.595713
-0.595083
-0.594446
-0.593804
-0.593156
-0.592502
-0.591842
-0.591176
-0.590505
-0.589827
-0.589144
-0.588455
-0.587761
-0.587060
-0.586354
-0.585641
-0.584923
-0.584200
-0.583470
-0.582735
-0.581994
-0.581247
-0.580495
-0.579736
-0.578973
-0.578203
-0.577428
-0.576646
-0.575860
-0.575067
-0.574269
-0.573465
-0.572656
-0.571841
-0.571020
-0.570194
-0.569362
-0.568524
-0.567681
-0.566832
-0.565978
-0.565118
-0.564252
-0.563381
-0.562504
-0.561622
-0.560734
-0.559841
-0.558942
-0.558038
-0.557128
-0.556212
-0.555291
-0.554365
-0.553433
-0.552496
-0.551553
-0.550605
-0.549651
-0.548692
-0.547728
-0.546758
-0.545783
-0.544802
-0.543816
-0.542825
-0.541828
-0.540826
-0.539818
-0.538806
-0.537787
-0.536764
-0.535735
-0.534701
-0.533662
-0.532618
-0.531568
-0.530513
-0.529453
-0.528387
-0.527316
-0.526240
-0.525159
-0.524073
-0.522982
-0.521885
-0.520783
-0.519676
-0.518564
-0.517447
-0.516325
-0.515198
-0.514065
-0.512928
-0.511785
-0.510637
-0.509485
-0.508327
-0.507164
-0.505997
-0.504824
-0.503646
-0.502463
-0.501276
-0.500083
-0.498886
-0.497683
-0.496476
-0.495264
-0.494047
-0.492825
-0.491598
-0.490366
-0.489129
-0.487888
-0.486642
-0.485391
-0.484135
-0.482874
-0.481609
-0.480339
-0.479064
-0.477785
-0.476500
-0.475211
-0.473918
-0.472619
-0.471316
-0.470009
-0.468696
-0.467379
-0.466058
-0.464732
-0.463401
-0.462066
-0.460726
-0.459381
-0.458032
-0.456679
-0.455321
-0.453958
-0.452592
-0.451220
-0.449844
-0.448464
-0.447079
-0.445690
-0.444296
-0.442899
-0.441496
-0.440090
-0.438679
-0.437263
-0.435844
-0.434420
-0.432991
-0.431559
-0.430122
-0.428681
-0.427236
-0.425786
-0.424333
-0.422875
-0.421413
-0.419947
-0.418476
-0.417002
-0.415523
-0.414041
-0.412554
-0.411063
-0.409568
-0.408069
-0.406566
-0.405059
-0.403548
-0.402033
-0.400514
-0.398991
-0.397465
-0.395934
-0.394399
-0.392861
-0.391318
-0.389772
-0.388222
-0.386668
-0.385110
-0.383549
-0.381983
-0.380414
-0.378841
-0.377265
-0.375684
-0.374100
-0.372512
-0.370921
-0.369326
-0.367727
-0.366125
-0.364519
-0.362909
-0.361296
-0.359679
-0.358059
-0.356435
-0.354808
-0.353177
-0.351543
-0.349905
-0.348264
-0.346619
-0.344971
-0.343320
-0.341665
-0.340006
-0.338345
-0.336680
-0.335012
-0.333340
-0.331665
-0.329987
-0.328306
-0.326621
-0.324933
-0.323242
-0.321548
-0.319850
-0.318150
-0.316446
-0.314739
-0.313029
-0.311316
-0.309600
-0.307881
-0.306159
-0.304433
-0.302705
-0.300974
-0.299240
-0.297503
-0.295763
-0.294020
-0.292274
-0.290525
-0.288773
-0.287019
-0.285261
-0.283501
-0.281738
-0.279972
-0.278204
-0.276433
-0.274659
-0.272882
-0.271103
-0.269321
-0.267536
-0.265749
-0.263959
-0.262166
-0.260371
-0.258573
-0.256773
-0.254970
-0.253165
-0.251357
-0.249546
-0.247734
-0.245918
-0.244101
-0.242281
-0.240458
-0.238633
-0.236806
-0.234977
-0.233145
-0.231311
-0.229474
-0.227636
-0.225795
-0.223952
-0.222106
-0.220259
-0.218409
-0.216557
-0.214703
-0.212847
-0.210988
-0.209128
-0.207266
-0.205401
-0.203535
-0.201666
-0.199796
-0.197923
-0.196049
-0.194173
-0.192294
-0.190414
-0.188532
-0.186648
-0.184763
-0.182875
-0.180986
-0.179095
-0.177202
-0.175307
-0.173411
-0.171513
-0.169613
-0.167711
-0.165808
-0.163903
-0.161997
-0.160089
-0.158179
-0.156268
-0.154356
-0.152441
-0.150526
-0.148609
-0.146690
-0.144770
-0.142848
-0.140925
-0.139001
-0.137075
-0.135148
-0.133220
-0.131290
-0.129359
-0.127427
-0.125494
-0.123559
-0.121623
-0.119686
-0.117747
-0.115808
-0.113867
-0.111925
-0.109982
-0.108038
-0.106093
-0.104147
-0.102200
-0.100252
-0.098303
-0.096353
-0.094402
-0.092450
-0.090497
-0.088543
-0.086588
-0.084633
-0.082677
-0.080719
-0.078761
-0.076803
-0.074843
-0.072883
-0.070922
-0.068960
-0.066998
-0.065035
-0.063071
-0.061107
-0.059142
-0.057177
-0.055211
-0.053244
-0.051277
-0.049310
-0.047342
-0.045373
-0.043404
-0.041435
-0.039465
-0.037495
-0.035524
-0.033553
-0.031582
-0.029610
-0.027638
-0.025666
-0.023694
-0.021721
-0.019748
-0.017775
-0.015802
-0.013829
-0.011855
-0.009882
-0.007908
-0.005934
-0.003960
-0.001986
-0.000013
0.001961
0.003935
0.005909
0.007883
0.009857
0.011830
0.013804
0.015777
0.017750
0.019723
0.021696
0.023669
0.025641
0.027613
0.029585
0.031557
0.033528
0.035499
0.037470
0.039440
0.041410
0.043379
0.045348
0.047317
0.049285
0.051252
0.053219
0.055186
0.057152
0.059117
0.061082
0.063047
0.065010
0.066973
0.068936
0.070897
0.072858
0.074818
0.076778
0.078737
0.080695
0.082652
0.084608
0.086564
0.088518
0.090472
0.092425
0.094377
0.096328
0.098278
0.100227
0.102175
0.104123
0.106069
0.108014
0.109958
0.111901
0.113842
0.115783
0.117723
0.119661
0.121598
0.123534
0.125469
0.127403
0.129335
0.131266
0.133196
0.135124
0.137051
0.138977
0.140901
0.142824
0.144746
0.146666
0.148584
0.150501
0.152417
0.154331
0.156244
0.158155
0.160065
0.161973
0.163879
0.165784
0.167687
0.169589
0.171488
0.173387
0.175283
0.177178
0.179071
0.180962
0.182851
0.184739
0.186624
0.188508
0.190390
0.192271
0.194149
0.196025
0.197900
0.199772
0.201643
0.203511
0.205378
0.207242
0.209105
0.210965
0.212823
0.214679
0.216533
0.218385
0.220235
0.222083
0.223928
0.225771
0.227612
0.229451
0.231287
0.233122
0.234954
0.236783
0.238610
0.240435
0.242258
0.244078
0.245895
0.247711
0.249523
0.251334
0.253142
0.254947
0.256750
0.258550
0.260348
0.262143
0.263936
0.265726
0.267513
0.269298
0.271080
0.272860
0.274636
0.276410
0.278182
0.279950
0.281716
0.283479
0.285239
0.286996
0.288751
0.290503
0.292251
0.293997
0.295740
0.297481
0.299218
0.300952
0.302683
0.304412
0.306137
0.307859
0.309578
0.311294
0.313008
0.314718
0.316424
0.318128
0.319829
0.321526
0.323221
0.324912
0.326600
0.328284
0.329966
0.331644
0.333319
0.334990
0.336659
0.338324
0.339985
0.341644
0.343299
0.344950
0.346598
0.348243
0.349884
0.351522
0.353156
0.354787
0.356415
0.358039
0.359659
0.361276
0.362889
0.364498
0.366104
0.367707
0.369306
0.370901
0.372492
0.374080
0.375664
0.377245
0.378821
0.380394
0.381963
0.383529
0.385090
0.386648
0.388202
0.389752
0.391299
0.392841
0.394380
0.395914
0.397445
0.398972
0.400495
0.402014
0.403529
0.405040
0.406547
0.408050
0.409549
0.411044
0.412535
0.414022
0.415504
0.416983
0.418458
0.419928
0.421394
0.422856
0.424314
0.425768
0.427217
0.428663
0.430104
0.431541
0.432973
0.434402
0.435826
0.437245
0.438661
0.440072
0.441478
0.442881
0.444279
0.445672
0.447062
0.448446
0.449827
0.451203
0.452574
0.453941
0.455304
0.456662
0.458015
0.459364
0.460709
0.462049
0.463384
0.464715
0.466041
0.467363
0.468680
0.469992
0.471300
0.472603
0.473901
0.475195
0.476484
0.477768
0.479048
0.480323
0.481593
0.482858
0.484119
0.485375
0.486626
0.487872
0.489114
0.490350
0.491582
0.492809
0.494031
0.495248
0.496461
0.497668
0.498871
0.500068
0.501261
0.502448
0.503631
0.504809
0.505982
0.507150
0.508312
0.509470
0.510623
0.511770
0.512913
0.514051
0.515183
0.516311
0.517433
0.518550
0.519662
0.520769
0.521871
0.522968
0.524059
0.525146
0.526227
0.527303
0.528374
0.529439
0.530499
0.531555
0.532604
0.533649
0.534688
0.535722
0.536751
0.537775
0.538793
0.539806
0.540813
0.541815
0.542812
0.543804
0.544790
0.545770
0.546746
0.547716
0.548680
0.549639
0.550593
0.551541
0.552484
0.553421
0.554353
0.555280
0.556201
0.557116
0.558026
0.558931
0.559829
0.560723
0.561611
0.562493
0.563370
0.564241
0.565107
0.565967
0.566821
0.567670
0.568514
0.569351
0.570183
0.571010
0.571831
0.572646
0.573455
0.574259
0.575057
0.575850
0.576637
0.577418
0.578193
0.578963
0.579727
0.580485
0.581238
0.581984
0.582726
0.583461
0.584190
0.584914
0.585632
0.586345
0.587051
0.587752
0.588447
0.589136
0.589819
0.590496
0.591168
0.591834
0.592494
0.593148
0.593796
0.594438
0.595075
0.595705
0.596330
0.596949
0.597562
0.598169
0.598770
0.599365
0.599955
0.600538
0.601116
0.601687
0.602253
0.602812
0.603366
0.603914
0.604456
0.604992
0.605521
0.606045
0.606563
0.607075
0.607581
0.608081
0.608575
0.609063
0.609545
0.610021
0.610491
0.610954
0.611412
0.611864
0.612310
0.612750
0.613183
0.613611
0.614032
0.614448
0.614857
0.615261
0.615658
0.616049
0.616434
0.616813
0.617186
0.617553
0.617914
0.618269
0.618617
0.618960
0.619296
0.619626
0.619950
0.620268
0.620580
0.620886
0.621186
0.621479
0.621767
0.622048
0.622323
0.622592
0.622855
0.623111
0.623362
0.623606
0.623844
0.624076
0.624302
0.624522
0.624736
0.624943
0.625144
0.625339
0.625528
0.625711
0.625888
0.626058
0.626222
0.626380
0.626532
0.626678
0.626817
0.626950
0.627077
0.627198
0.627313
0.627421
0.627524
0.627620
0.627710
0.627794
0.627871
0.627942
0.628008
0.628066
0.628119
0.628166
0.628206
0.628240
0.628268
0.628290
0.628306
0.628315
0.628318
0.628315
0.628306
0.628290
0.628269
0.628241
0.628207
0.628166
0.628120
0.628067
0.628008
0.627943
0.627872
0.627795
0.627711
0.627621
0.627525
0.627423
0.627314
0.627200
0.627079
0.626952
0.626819
0.626679
0.626534
0.626382
0.626224
0.626060
0.625890
0.625713
0.625531
0.625342
0.625147
0.624946
0.624739
0.624525
0.624305
0.624080
0.623848
0.623609
0.623365
0.623115
0.622858
0.622595
0.622327
0.622052
0.621770
0.621483
0.621190
0.620890
0.620584
0.620273
0.619955
0.619631
0.619301
0.618964
0.618622
0.618273
0.617919
0.617558
0.617191
0.616818
0.616439
0.616054
0.615663
0.615266
0.614863
0.614453
0.614038
0.613617
0.613189
0.612755
0.612316
0.611870
0.611418
0.610961
0.610497
0.610027
0.609551
0.609069
0.608582
0.608088
0.607588
0.607082
0.606570
0.606052
0.605529
0.604999
0.604463
0.603921
0.603374
0.602820
0.602260
0.601695
0.601123
0.600546
0.599963
0.599373
0.598778
0.598177
0.597570
0.596957
0.596338
0.595714
0.595083
0.594447
0.593805
0.593156
0.592502
0.591843
0.591177
0.590505
0.589828
0.589145
0.588456
0.587761
0.587061
0.586354
0.585642
0.584924
0.584200
0.583471
0.582736
0.581995
0.581248
0.580495
0.579737
0.578973
0.578204
0.577428
0.576647
0.575860
0.575068
0.574270
0.573466
0.572657
0.571842
0.571021
0.570194
0.569363
0.568525
0.567682
0.566833
0.565978
0.565118
0.564253
0.563382
0.562505
0.561623
0.560735
0.559842
0.558943
0.558038
0.557128
0.556213
0.555292
0.554366
0.553434
0.552497
0.551554
0.550606
0.549652
0.548693
0.547729
0.546759
0.545784
0.544803
0.543817
0.542825
0.541829
0.540827
0.539819
0.538806
0.537788
0.536765
0.535736
0.534702
0.533663
0.532619
0.531569
0.530514
0.529453
0.528388
0.527317
0.526241
0.525160
0.524074
0.522983
0.521886
0.520784
0.519677
0.518565
0.517448
0.516326
0.515198
0.514066
0.512929
0.511786
0.510638
0.509486
0.508328
0.507165
0.505998
0.504825
0.503647
0.502464
0.501277
0.500084
0.498887
0.497684
0.496477
0.495265
0.494048
0.492826
0.491599
0.490367
0.489130
0.487889
0.486643
0.485392
0.484136
0.482875
0.481610
0.480340
0.479065
0.477786
0.476501
0.475212
0.473919
0.472620
0.471317
0.470010
0.468697
0.467380
0.466059
0.464733
0.463402
0.462067
0.460727
0.459382
0.458034
0.456680
0.455322
0.453960
0.452593
0.451221
0.449845
0.448465
0.447080
0.445691
0.444298
0.442900
0.441497
0.440091
0.438680
0.437264
0.435845
0.434421
0.432993
0.431560
0.430123
0.428682
0.427237
0.425788
0.424334
0.422876
0.421414
0.419948
0.418478
0.417003
0.415524
0.414042
0.412555
0.411064
0.409569
0.408070
0.406567
0.405060
0.403549
0.402035
0.400516
0.398993
0.397466
0.395935
0.394401
0.392862
0.391320
0.389773
0.388223
0.386669
0.385111
0.383550
0.381985
0.380415
0.378843
0.377266
0.375686
0.374101
0.372514
0.370922
0.369327
0.367729
0.366126
0.364520
0.362911
0.361297
0.359681
0.358060
0.356437
0.354809
0.353179
0.351544
0.349906
0.348265
0.346621
0.344973
0.343321
0.341666
0.340008
0.338346
0.336681
0.335013
0.333341
0.331667
0.329988
0.328307
0.326622
0.324935
0.323244
0.321549
0.319852
0.318151
0.316448
0.314741
0.313031
0.311318
0.309602
0.307882
0.306160
0.304435
0.302707
0.300975
0.299241
0.297504
0.295764
0.294021
0.292275
0.290526
0.288775
0.287020
0.285263
0.283503
0.281740
0.279974
0.278205
0.276434
0.274660
0.272884
0.271104
0.269322
0.267537
0.265750
0.263960
0.262167
0.260372
0.258575
0.256774
0.254971
0.253166
0.251358
0.249548
0.247735
0.245920
0.244102
0.242282
0.240460
0.238635
0.236808
0.234978
0.233146
0.231312
0.229476
0.227637
0.225796
0.223953
0.222108
0.220260
0.218410
0.216558
0.214704
0.212848
0.210990
0.209130
0.207267
0.205403
0.203536
0.201668
0.199797
0.197925
0.196051
0.194174
0.192296
0.190416
0.188534
0.186650
0.184764
0.182877
0.180987
0.179096
0.177203
0.175309
0.173412
0.171514
0.169614
0.167713
0.165810
0.163905
0.161999
0.160091
0.158181
0.156270
0.154357
0.152443
0.150527
0.148610
0.146692
0.144771
0.142850
0.140927
0.139003
0.137077
0.135150
0.133222
0.131292
0.129361
0.127429
0.125495
0.123560
0.121624
0.119687
0.117749
0.115809
0.113869
0.111927
0.109984
0.108040
0.106095
0.104149
0.102202
0.100254
0.098305
0.096354
0.094403
0.092451
0.090499
0.088545
0.086590
0.084635
0.082678
0.080721
0.078763
0.076804
0.074845
0.072885
0.070924
0.068962
0.067000
0.065037
0.063073
0.061109
0.059144
0.057179
0.055213
0.053246
0.051279
0.049311
0.047343
0.045375
0.043406
0.041436
0.039467
0.037496
0.035526
0.033555
0.031584
0.029612
0.027640
0.025668
0.023696
0.021723
0.019750
0.017777
0.015804
0.013830
0.011857
0.009883
0.007910
0.005936
0.003962
0.001988
0.000014
-0.001960
-0.003934
-0.005907
-0.007881
-0.009855
-0.011829
-0.013802
-0.015776
-0.017749
-0.019722
-0.021695
-0.023667
-0.025640
-0.027612
-0.029584
-0.031555
-0.033526
-0.035497
-0.037468
-0.039438
-0.041408
-0.043377
-0.045346
-0.047315
-0.049283
-0.051251
-0.053218
-0.055184
-0.057150
-0.059116
-0.061081
-0.063045
-0.065009
-0.066972
-0.068934
-0.070896
-0.072857
-0.074817
-0.076776
-0.078735
-0.080693
-0.082650
-0.084606
-0.086562
-0.088517
-0.090470
-0.092423
-0.094375
-0.096326
-0.098277
-0.100226
-0.102174
-0.104121
-0.106067
-0.108012
-0.109956
-0.111899
-0.113841
-0.115781
-0.117721
-0.119659
-0.121597
-0.123533
-0.125467
-0.127401
-0.129333
-0.131264
-0.133194
-0.135122
-0.137049
-0.138975
-0.140899
-0.142822
-0.144744
-0.146664
-0.148583
-0.150500
-0.152416
-0.154330
-0.156242
-0.158154
-0.160063
-0.161971
-0.163878
-0.165782
-0.167686
-0.169587
-0.171487
-0.173385
-0.175281
-0.177176
-0.179069
-0.180960
-0.182850
-0.184737
-0.186623
-0.188507
-0.190389
-0.192269
-0.194147
-0.196024
-0.197898
-0.199771
-0.201641
-0.203510
-0.205376
-0.207241
-0.209103
-0.210963
-0.212822
-0.214678
-0.216532
-0.218384
-0.220234
-0.222081
-0.223927
-0.225770
-0.227611
-0.229449
-0.231286
-0.233120
-0.234952
-0.236782
-0.238609
-0.240434
-0.242256
-0.244076
-0.245894
-0.247709
-0.249522
-0.251332
-0.253140
-0.254946
-0.256748
-0.258549
-0.260347
-0.262142
-0.263934
-0.265724
-0.267512
-0.269297
-0.271079
-0.272858
-0.274635
-0.276409
-0.278180
-0.279949
-0.281714
-0.283477
-0.285238
-0.286995
-0.288749
-0.290501
-0.292250
-0.293996
-0.295739
-0.297479
-0.299216
-0.300951
-0.302682
-0.304410
-0.306135
-0.307858
-0.309577
-0.311293
-0.313006
-0.314716
-0.316423
-0.318127
-0.319827
-0.321525
-0.323219
-0.324910
-0.326598
-0.328283
-0.329964
-0.331643
-0.333317
-0.334989
-0.336657
-0.338322
-0.339984
-0.341642
-0.343297
-0.344949
-0.346597
-0.348242
-0.349883
-0.351521
-0.353155
-0.354786
-0.356413
-0.358037
-0.359658
-0.361274
-0.362887
-0.364497
-0.366103
-0.367706
-0.369304
-0.370899
-0.372491
-0.374079
-0.375663
-0.377243
-0.378820
-0.380393
-0.381962
-0.383527
-0.385089
-0.386647
-0.388201
-0.389751
-0.391297
-0.392840
-0.394378
-0.395913
-0.397444
-0.398971
-0.400494
-0.402013
-0.403528
-0.405039
-0.406546
-0.408049
-0.409548
-0.411043
-0.412534
-0.414020
-0.415503
-0.416982
-0.418456
-0.419927
-0.421393
-0.422855
-0.424313
-0.425767
-0.427216
-0.428662
-0.430103
-0.431539
-0.432972
-0.434400
-0.435824
-0.437244
-0.438659
-0.440071
-0.441477
-0.442880
-0.444278
-0.445671
-0.447060
-0.448445
-0.449826
-0.451202
-0.452573
-0.453940
-0.455303
-0.456661
-0.458014
-0.459363
-0.460708
-0.462048
-0.463383
-0.464714
-0.466040
-0.467362
-0.468679
-0.469991
-0.471299
-0.472602
-0.473900
-0.475194
-0.476483
-0.477767
-0.479047
-0.480322
-0.481592
-0.482857
-0.484118
-0.485374
-0.486625
-0.487871
-0.489113
-0.490349
-0.491581
-0.492808
-0.494030
-0.495247
-0.496460
-0.497667
-0.498870
-0.500067
-0.501260
-0.502447
-0.503630
-0.504808
-0.505981
-0.507149
-0.508311
-0.509469
-0.510622
-0.511770
-0.512912
-0.514050
-0.515182
-0.516310
-0.517432
-0.518549
-0.519661
-0.520768
-0.521870
-0.522967
-0.524058
-0.525145
-0.526226
-0.527302
-0.528373
-0.529438
-0.530499
-0.531554
-0.532604
-0.533648
-0.534687
-0.535721
-0.536750
-0.537774
-0.538792
-0.539805
-0.540812
-0.541814
-0.542811
-0.543803
-0.544789
-0.545770
-0.546745
-0.547715
-0.548679
-0.549638
-0.550592
-0.551540
-0.552483
-0.553421
-0.554353
-0.555279
-0.556200
-0.557115
-0.558025
-0.558930
-0.559829
-0.560722
-0.561610
-0.562492
-0.563369
-0.564240
-0.565106
-0.565966
-0.566821
-0.567670
-0.568513
-0.569351
-0.570183
-0.571009
-0.571830
-0.572645
-0.573455
-0.574258
-0.575057
-0.575849
-0.576636
-0.577417
-0.578192
-0.578962
-0.579726
-0.580484
-0.581237
-0.581984
-0.582725
-0.583460
-0.584190
-0.584914
-0.585632
-0.586344
-0.587050
-0.587751
-0.588446
-0.589135
-0.589818
-0.590496
-0.591167
-0.591833
-0.592493
-0.593147
-0.593795
-0.594438
-0.595074
-0.595705
-0.596330
-0.596948
-0.597561
-0.598168
-0.598770
-0.599365
-0.599954
-0.600538
-0.601115
-0.601687
-0.602252
-0.602812
-0.603366
-0.603913
-0.604455
-0.604991
-0.605521
-0.606045
-0.606563
-0.607075
-0.607581
-0.608081
-0.608575
-0.609062
-0.609544
-0.610020
-0.610490
-0.610954
-0.611412
-0.611864
-0.612309
-0.612749
-0.613183
-0.613610
-0.614032
-0.614447
-0.614857
-0.615260
-0.615658
-0.616049
-0.616434
-0.616813
-0.617186
-0.617553
-0.617914
-0.618268
-0.618617
-0.618959
-0.619296
-0.619626
-0.619950
-0.620268
-0.620580
-0.620886
-0.621185
-0.621479
-0.621766
-0.622048
-0.622323
-0.622592
-0.622854
-0.623111
-0.623362
-0.623606
-0.623844
-0.624076
-0.624302
-0.624522
-0.624735
-0.624943
-0.625144
-0.625339
-0.625528
-0.625711
-0.625887
-0.626058
-0.626222
-0.626380
-0.626532
-0.626677
-0.626817
-0.626950
-0.627077
-0.627198
-0.627313
-0.627421
-0.627524
-0.627620
-0.627710
-0.627793
-0.627871
-0.627942
-0.628007
-0.628066
-0.628119
-0.628166
-0.628206
-0.628240
-0.628268
-0.628290
-0.628306
-0.628315
-0.628318
-0.628315
-0.628306
-0.628290
-0.628269
-0.628241
-0.628207
-0.628166
-0.628120
-0.628067
-0.628008
-0.627943
-0.627872
-0.627795
-0.627711
-0.627621
-0.627525
-0.627423
-0.627315
-0.627200
-0.627079
-0.626952
-0.626819
-0.626680
-0.626534
-0.626382
-0.626224
-0.626060
-0.625890
-0.625714
-0.625531
-0.625342
-0.625147
-0.624946
-0.624739
-0.624525
-0.624306
-0.624080
-0.623848
-0.623610
-0.623365
-0.623115
-0.622858
-0.622596
-0.622327
-0.622052
-0.621771
-0.621483
-0.621190
-0.620890
-0.620585
-0.620273
-0.619955
-0.619631
-0.619301
-0.618965
-0.618622
-0.618274
-0.617919
-0.617558
-0.617192
-0.616819
-0.616440
-0.616055
-0.615664
-0.615266
-0.614863
-0.614454
-0.614038
-0.613617
-0.613189
-0.612756
-0.612316
-0.611871
-0.611419
-0.610961
-0.610497
-0.610027
-0.609552
-0.609070
-0.608582
-0.608088
-0.607588
-0.607082
-0.606571
-0.606053
-0.605529
-0.604999
-0.604463
-0.603922
-0.603374
-0.602820
-0.602261
-0.601695
-0.601124
-0.600546
-0.599963
-0.599374
-0.598779
-0.598178
-0.597571
-0.596958
-0.596339
-0.595714
-0.595084
-0.594447
-0.593805
-0.593157
-0.592503
-0.591843
-0.591177
-0.590506
-0.589829
-0.589145
-0.588456
-0.587762
-0.587061
-0.586355
-0.585643
-0.584925
-0.584201
-0.583471
-0.582736
-0.581995
-0.581248
-0.580496
-0.579738
-0.578974
-0.578204
-0.577429
-0.576648
-0.575861
-0.575069
-0.574271
-0.573467
-0.572657
-0.571842
-0.571022
-0.570195
-0.569363
-0.568526
-0.567682
-0.566834
-0.565979
-0.565119
-0.564254
-0.563382
-0.562506
-0.561623
-0.560736
-0.559842
-0.558944
-0.558039
-0.557129
-0.556214
-0.555293
-0.554367
-0.553435
-0.552498
-0.551555
-0.550607
-0.549653
-0.548694
-0.547730
-0.546760
-0.545784
-0.544804
-0.543818
-0.542826
-0.541830
-0.540827
-0.539820
-0.538807
-0.537789
-0.536766
-0.535737
-0.534703
-0.533664
-0.532619
-0.531570
-0.530515
-0.529454
-0.528389
-0.527318
-0.526242
-0.525161
-0.524075
-0.522983
-0.521887
-0.520785
-0.519678
-0.518566
-0.517449
-0.516327
-0.515199
-0.514067
-0.512930
-0.511787
-0.510639
-0.509487
-0.508329
-0.507166
-0.505999
-0.504826
-0.503648
-0.502465
-0.501278
-0.500085
-0.498888
-0.497685
-0.496478
-0.495266
-0.494049
-0.492827
-0.491600
-0.490368
-0.489132
-0.487890
-0.486644
-0.485393
-0.484137
-0.482877
-0.481611
-0.480341
-0.479066
-0.477787
-0.476502
-0.475213
-0.473920
-0.472621
-0.471318
-0.470011
-0.468699
-0.467382
-0.466060
-0.464734
-0.463403
-0.462068
-0.460728
-0.459384
-0.458035
-0.456681
-0.455323
-0.453961
-0.452594
-0.451222
-0.449847
-0.448466
-0.447082
-0.445692
-0.444299
-0.442901
-0.441499
-0.440092
-0.438681
-0.437266
-0.435846
-0.434422
-0.432994
-0.431561
-0.430125
-0.428684
-0.427238
-0.425789
-0.424335
-0.422877
-0.421415
-0.419949
-0.418479
-0.417004
-0.415526
-0.414043
-0.412556
-0.411065
-0.409571
-0.408072
-0.406569
-0.405062
-0.403551
-0.402036
-0.400517
-0.398994
-0.397467
-0.395936
-0.394402
-0.392863
-0.391321
-0.389775
-0.388224
-0.386671
-0.385113
-0.383551
-0.381986
-0.380417
-0.378844
-0.377267
-0.375687
-0.374103
-0.372515
-0.370924
-0.369329
-0.367730
-0.366128
-0.364522
-0.362912
-0.361299
-0.359682
-0.358062
-0.356438
-0.354811
-0.353180
-0.351546
-0.349908
-0.348267
-0.346622
-0.344974
-0.343322
-0.341668
-0.340009
-0.338348
-0.336683
-0.335014
-0.333343
-0.331668
-0.329990
-0.328309
-0.326624
-0.324936
-0.323245
-0.321551
-0.319853
-0.318153
-0.316449
-0.314742
-0.313032
-0.311319
-0.309603
-0.307884
-0.306162
-0.304436
-0.302708
-0.300977
-0.299243
-0.297506
-0.295765
-0.294022
-0.292277
-0.290528
-0.288776
-0.287022
-0.285264
-0.283504
-0.281741
-0.279975
-0.278207
-0.276436
-0.274662
-0.272885
-0.271106
-0.269324
-0.267539
-0.265752
-0.263962
-0.262169
-0.260374
-0.258576
-0.256776
-0.254973
-0.253168
-0.251360
-0.249550
-0.247737
-0.245921
-0.244104
-0.242284
-0.240461
-0.238637
-0.236809
-0.234980
-0.233148
-0.231314
-0.229477
-0.227639
-0.225798
-0.223955
-0.222109
-0.220262
-0.218412
-0.216560
-0.214706
-0.212850
-0.210992
-0.209131
-0.207269
-0.205404
-0.203538
-0.201669
-0.199799
-0.197927
-0.196052
-0.194176
-0.192298
-0.190417
-0.188535
-0.186652
-0.184766
-0.182878
-0.180989
-0.179098
-0.177205
-0.175310
-0.173414
-0.171516
-0.169616
-0.167714
-0.165811
-0.163907
-0.162000
-0.160092
-0.158183
-0.156272
-0.154359
-0.152445
-0.150529
-0.148612
-0.146693
-0.144773
-0.142852
-0.140929
-0.139004
-0.137079
-0.135152
-0.133223
-0.131294
-0.129363
-0.127430
-0.125497
-0.123562
-0.121626
-0.119689
-0.117751
-0.115811
-0.113870
-0.111929
-0.109986
-0.108042
-0.106097
-0.104151
-0.102203
-0.100255
-0.098306
-0.096356
-0.094405
-0.092453
-0.090500
-0.088546
-0.086592
-0.084636
-0.082680
-0.080723
-0.078765
-0.076806
-0.074847
-0.072886
-0.070925
-0.068964
-0.067001
-0.065038
-0.063075
-0.061111
-0.059146
-0.057180
-0.055214
-0.053248
-0.051281
-0.049313
-0.047345
-0.045376
-0.043407
-0.041438
-0.039468
-0.037498
-0.035527
-0.033556
-0.031585
-0.029614
-0.027642
-0.025670
-0.023697
-0.021725
-0.019752
-0.017779
-0.015806
-0.013832
-0.011859
-0.009885
-0.007911
-0.005938
-0.003964
-0.001990
-0.000016
0.001958
0.003932
0.005906
0.007880
0.009853
0.011827
0.013800
0.015774
0.017747
0.019720
0.021693
0.023666
0.025638
0.027610
0.029582
0.031554
0.033525
0.035496
0.037466
0.039437
0.041406
0.043376
0.045345
0.047313
0.049281
0.051249
0.053216
0.055183
0.057149
0.059114
0.061079
0.063043
0.065007
0.066970
0.068932
0.070894
0.072855
0.074815
0.076775
0.078733
0.080691
0.082648
0.084605
0.086560
0.088515
0.090469
0.092422
0.094374
0.096325
0.098275
0.100224
0.102172
0.104119
0.106065
0.108010
0.109954
0.111897
0.113839
0.115780
0.117719
0.119658
0.121595
0.123531
0.125466
0.127399
0.129332
0.131263
0.133192
0.135121
0.137048
0.138973
0.140898
0.142821
0.144742
0.146662
0.148581
0.150498
0.152414
0.154328
0.156241
0.158152
0.160062
0.161970
0.163876
0.165781
0.167684
0.169585
0.171485
0.173383
0.175280
0.177174
0.179067
0.180959
0.182848
0.184736
0.186621
0.188505
0.190387
0.192267
0.194146
0.196022
0.197897
0.199769
0.201639
0.203508
0.205374
0.207239
0.209101
0.210962
0.212820
0.214676
0.216530
0.218382
0.220232
0.222080
0.223925
0.225768
0.227609
0.229448
0.231284
0.233119
0.234950
0.236780
0.238607
0.240432
0.242255
0.244075
0.245892
0.247708
0.249520
0.251331
0.253139
0.254944
0.256747
0.258547
0.260345
0.262140
0.263933
0.265723
0.267510
0.269295
0.271077
0.272857
0.274633
0.276407
0.278179
0.279947
0.281713
0.283476
0.285236
0.286993
0.288748
0.290500
0.292249
0.293994
0.295738
0.297478
0.299215
0.300949
0.302680
0.304409
0.306134
0.307856
0.309575
0.311292
0.313005
0.314715
0.316422
0.318125
0.319826
0.321523
0.323218
0.324909
0.326597
0.328281
0.329963
0.331641
0.333316
0.334988
0.336656
0.338321
0.339983
0.341641
0.343296
0.344947
0.346596
0.348240
0.349882
0.351519
0.353154
0.354785
0.356412
0.358036
0.359656
0.361273
0.362886
0.364496
0.366102
0.367704
0.369303
0.370898
0.372490
0.374077
0.375661
0.377242
0.378819
0.380392
0.381961
0.383526
0.385088
0.386646
0.388200
0.389750
0.391296
0.392839
0.394377
0.395912
0.397443
0.398970
0.400492
0.402011
0.403526
0.405038
0.406545
0.408048
0.409547
0.411042
0.412532
0.414019
0.415502
0.416981
0.418455
0.419926
0.421392
0.422854
0.424312
0.425766
0.427215
0.428660
0.430101
0.431538
0.432971
0.434399
0.435823
0.437243
0.438658
0.440069
0.441476
0.442878
0.444276
0.445670
0.447059
0.448444
0.449824
0.451200
0.452572
0.453939
0.455301
0.456659
0.458013
0.459362
0.460706
0.462046
0.463382
0.464713
0.466039
0.467360
0.468677
0.469990
0.471298
0.472601
0.473899
0.475193
0.476482
0.477766
0.479046
0.480321
0.481591
0.482856
0.484117
0.485373
0.486624
0.487870
0.489112
0.490348
0.491580
0.492807
0.494029
0.495246
0.496459
0.497666
0.498869
0.500066
0.501259
0.502446
0.503629
0.504807
0.505980
0.507148
0.508310
0.509468
0.510621
0.511769
0.512911
0.514049
0.515181
0.516309
0.517431
0.518548
0.519660
0.520767
0.521869
0.522966
0.524057
0.525144
0.526225
0.527301
0.528372
0.529437
0.530498
0.531553
0.532603
0.533647
0.534687
0.535721
0.536749
0.537773
0.538791
0.539804
0.540811
0.541814
0.542810
0.543802
0.544788
0.545769
0.546744
0.547714
0.548679
0.549638
0.550591
0.551540
0.552482
0.553420
0.554352
0.555278
0.556199
0.557115
0.558025
0.558929
0.559828
0.560721
0.561609
0.562492
0.563368
0.564240
0.565105
0.565965
0.566820
0.567669
0.568512
0.569350
0.570182
0.571008
0.571829
0.572644
0.573454
0.574258
0.575056
0.575848
0.576635
0.577416
0.578192
0.578962
0.579726
0.580484
0.581236
0.581983
0.582724
0.583460
0.584189
0.584913
0.585631
0.586343
0.587050
0.587750
0.588445
0.589134
0.589818
0.590495
0.591167
0.591833
0.592492
0.593147
0.593795
0.594437
0.595074
0.595704
0.596329
0.596948
0.597561
0.598168
0.598769
0.599364
0.599954
0.600537
0.601115
0.601686
0.602252
0.602811
0.603365
0.603913
0.604455
0.604991
0.605521
0.606044
0.606562
0.607074
0.607580
0.608080
0.608574
0.609062
0.609544
0.610020
0.610490
0.610954
0.611411
0.611863
0.612309
0.612749
0.613182
0.613610
0.614032
0.614447
0.614857
0.615260
0.615657
0.616048
0.616434
0.616813
0.617186
0.617553
0.617913
0.618268
0.618617
0.618959
0.619295
0.619626
0.619950
0.620268
0.620580
0.620886
0.621185
0.621479
0.621766
0.622047
0.622322
0.622591
0.622854
0.623111
0.623361
0.623606
0.623844
0.624076
0.624302
0.624522
0.624735
0.624943
0.625144
0.625339
0.625528
0.625711
0.625887
0.626058
0.626222
0.626380
0.626532
0.626677
0.626817
0.626950
0.627077
0.627198
0.627313
0.627421
0.627524
0.627620
0.627710
0.627793
0.627871
0.627942
0.628007
0.628066
0.628119
0.628166
0.628206
0.628240
0.628268
0.628290
0.628305
0.628315
