0.200000
0.199850
0.199558
0.199131
0.198577
0.197903
0.197116
0.196223
0.195229
0.194141
0.192966
0.191708
0.190373
0.188966
0.187494
0.185959
0.184368
0.182725
0.181034
0.179299
0.177524
0.175714
0.173872
0.172001
0.170105
0.168186
0.166249
0.164296
0.162330
0.160353
0.158367
0.156376
0.154381
0.152384
0.150387
0.148393
0.146403
0.144418
0.142439
0.140470
0.138510
0.136561
0.134624
0.132700
0.130790
0.128895
0.127016
0.125154
0.123309
0.121482
0.119674
0.117887
0.116121
0.114376
0.112652
0.110949
0.109269
0.107610
0.105974
0.104360
0.102769
0.101201
0.099655
0.098132
0.096631
0.095154
0.093699
0.092267
0.090857
0.089470
0.088106
0.086763
0.085443
0.084145
0.082870
0.081615
0.080383
0.079172
0.077982
0.076813
0.075665
0.074538
0.073431
0.072345
0.071278
0.070230
0.069201
0.068190
0.067196
0.066221
0.065264
0.064324
0.063401
0.062495
0.061606
0.060734
0.059879
0.059040
0.058217
0.057409
0.056618
0.055841
0.055080
0.054334
0.053603
0.052886
0.052184
0.051495
0.050821
0.050160
0.049513
0.048879
0.048258
0.047649
0.047054
0.046470
0.045899
0.045340
0.044792
0.044256
0.043731
0.043218
0.042715
0.042223
0.041742
0.041271
0.040810
0.040359
0.039917
0.039486
0.039063
0.038650
0.038246
0.037851
0.037464
0.037086
0.036716
0.036354
0.036000
0.035655
0.035316
0.034986
0.034662
0.034346
0.034037
0.033734
0.033439
0.033150
0.032868
0.032592
0.032322
0.032058
0.031800
0.031548
0.031301
0.031060
0.030825
0.030595
0.030370
0.030150
0.029935
0.029724
0.029519
0.029318
0.029122
0.028930
0.028743
0.028559
0.028380
0.028205
0.028034
0.027867
0.027703
0.027543
0.027387
0.027234
0.027085
0.026939
0.026796
0.026656
0.026520
0.026386
0.026256
0.026128
0.026004
0.025882
0.025763
0.025646
0.025532
0.025420
0.025311
0.025205
0.025100
0.024998
0.024898
0.024801
0.024705
0.024611
0.024520
0.024430
0.024343
0.024257
0.024173
0.024091
0.024011
0.023932
0.023855
0.023780
0.023706
0.023634
0.023563
0.023494
0.023426
0.023359
0.023294
0.023230
0.023168
0.023107
0.023047
0.022988
0.022930
0.022874
0.022818
0.022764
0.022711
0.022659
0.022608
0.022558
0.022508
0.022460
0.022413
0.022366
0.022321
0.022276
0.022232
0.022189
0.022147
0.022105
0.022064
0.022024
0.021985
0.021946
0.021908
0.021871
0.021835
0.021798
0.021763
0.021728
0.021694
0.021660
0.021627
0.021595
0.021562
0.021531
0.021500
0.021469
0.021439
0.021410
0.021380
0.021352
0.021323
0.021295
0.021268
0.021241
0.021214
0.021187
0.021161
0.021136
0.021110
0.021085
0.021061
0.021036
0.021012
0.020989
0.020965
0.020942
0.020919
0.020896
0.020874
0.020852
0.020830
0.020808
0.020787
0.020765
0.020744
0.020723
0.020703
0.020682
0.020662
0.020642
0.020622
0.020602
0.020583
0.020563
0.020544
0.020525
0.020506
0.020487
0.020469
0.020450
0.020432
0.020413
0.020395
0.020377
0.020359
0.020341
0.020323
0.020305
0.020288
0.020270
0.020252
0.020235
0.020218
0.020200
0.020183
0.020166
0.020149
0.020132
0.020115
0.020097
0.020080
0.020064
0.020047
0.020030
0.020013
0.019996
0.019979
0.019962
0.019946
0.019929
0.019912
0.019895
0.019879
0.019862
0.019845
0.019828
0.019811
0.019795
0.019778
0.019761
0.019744
0.019727
0.019710
0.019693
0.019677
0.019660
0.019643
0.019626
0.019608
0.019591
0.019574
0.019557
0.019540
0.019523
0.019505
0.019488
0.019470
0.019453
0.019436
0.019418
0.019400
0.019383
0.019365
0.019347
0.019329
0.019311
0.019293
0.019275
0.019257
0.019239
0.019221
0.019203
0.019184
0.019166
0.019147
0.019129
0.019110
0.019091
0.019073
0.019054
0.019035
0.019016
0.018997
0.018977
0.018958
0.018939
0.018919
0.018900
0.018880
0.018860
0.018841
0.018821
0.018801
0.018781
0.018761
0.018741
0.018720
0.018700
0.018679
0.018659
0.018638
0.018618
0.018597
0.018576
0.018555
0.018534
0.018513
0.018491
0.018470
0.018449
0.018427
0.018405
0.018384
0.018362
0.018340
0.018318
0.018296
0.018274
0.018252
0.018229
0.018207
0.018184
0.018162
0.018139
0.018116
0.018093
0.018070
0.018047
0.018024
0.018001
0.017977
0.017954
0.017930
0.017907
0.017883
0.017859
0.017835
0.017811
0.017787
0.017763
0.017739
0.017715
0.017690
0.017666
0.017641
0.017616
0.017592
0.017567
0.017542
0.017517
0.017492
0.017466
0.017441
0.017416
0.017390
0.017365
0.017339
0.017314
0.017288
0.017262
0.017236
0.017210
0.017184
0.017158
0.017132
0.017105
0.017079
0.017052
0.017026
0.016999
0.016972
0.016946
0.016919
0.016892
0.016865
0.016838
0.016811
0.016783
0.016756
0.016729
0.016701
0.016674
0.016646
0.016618
0.016591
0.016563
0.016535
0.016507
0.016479
0.016451
0.016423
0.016395
0.016367
0.016338
0.016310
0.016281
0.016253
0.016224
0.016196
0.016167
0.016138
0.016109
0.016081
0.016052
0.016023
0.015994
0.015965
0.015935
0.015906
0.015877
0.015848
0.015818
0.015789
0.015759
0.015730
0.015700
0.015671
0.015641
0.015611
0.015581
0.015552
0.015522
0.015492
0.015462
0.015432
0.015402
0.015372
0.015342
0.015311
0.015281
0.015251
0.015220
0.015190
0.015160
0.015129
0.015099
0.015068
0.015038
0.015007
0.014976
0.014946
0.014915
0.014884
0.014853
0.014822
0.014792
0.014761
0.014730
0.014699
0.014668
0.014637
0.014606
0.014574
0.014543
0.014512
0.014481
0.014450
0.014418
0.014387
0.014356
0.014324
0.014293
0.014262
0.014230
0.014199
0.014167
0.014136
0.014104
0.014073
0.014041
0.014009
0.013978
0.013946
0.013914
0.013883
0.013851
0.013819
0.013787
0.013756
0.013724
0.013692
0.013660
0.013628
0.013596
0.013564
0.013532
0.013500
0.013468
0.013436
0.013404
0.013372
0.013340
0.013308
0.013276
0.013244
0.013212
0.013180
0.013148
0.013116
0.013084
0.013051
0.013019
0.012987
0.012955
0.012923
0.012890
0.012858
0.012826
0.012794
0.012761
0.012729
0.012697
0.012664
0.012632
0.012600
0.012568
0.012535
0.012503
0.012471
0.012438
0.012406
0.012373
0.012341
0.012309
0.012276
0.012244
0.012212
0.012179
0.012147
0.012114
0.012082
0.012050
0.012017
0.011985
0.011952
0.011920
0.011888
0.011855
0.011823
0.011790
0.011758
0.011726
0.011693
0.011661
0.011628
0.011596
0.011563
0.011531
0.011499
0.011466
0.011434
0.011401
0.011369
0.011337
0.011304
0.011272
0.011240
0.011207
0.011175
0.011142
0.011110
0.011078
0.011045
0.011013
0.010981
0.010948
0.010916
0.010884
0.010851
0.010819
0.010787
0.010754
0.010722
0.010690
0.010658
0.010625
0.010593
0.010561
0.010529
0.010496
0.010464
0.010432
0.010400
0.010368
0.010336
0.010303
0.010271
0.010239
0.010207
0.010175
0.010143
0.010111
0.010079
0.010047
0.010015
0.009983
0.009951
0.009919
0.009887
0.009855
0.009823
0.009791
0.009759
0.009727
0.009695
0.009663
0.009631
0.009599
0.009568
0.009536
0.009504
0.009472
0.009440
0.009409
0.009377
0.009345
0.009314
0.009282
0.009250
0.009219
0.009187
0.009155
0.009124
0.009092
0.009061
0.009029
0.008998
0.008966
0.008935
0.008904
0.008872
0.008841
0.008809
0.008778
0.008747
0.008715
0.008684
0.008653
0.008622
0.008591
0.008559
0.008528
0.008497
0.008466
0.008435
0.008404
0.008373
0.008342
0.008311
0.008280
0.008249
0.008218
0.008187
0.008157
0.008126
0.008095
0.008064
0.008034
0.008003
0.007972
0.007942
0.007911
0.007880
0.007850
0.007819
0.007789
0.007759
0.007728
0.007698
0.007667
0.007637
0.007607
0.007577
0.007546
0.007516
0.007486
0.007456
0.007426
0.007396
0.007366
0.007336
0.007306
0.007276
0.007246
0.007216
0.007186
0.007156
0.007127
0.007097
0.007067
0.007038
0.007008
0.006979
0.006949
0.006920
0.006890
0.006861
0.006831
0.006802
0.006773
0.006743
0.006714
0.006685
0.006656
0.006627
0.006598
0.006569
0.006540
0.006511
0.006482
0.006453
0.006424
0.006396
0.006367
0.006338
0.006309
0.006281
0.006252
0.006224
0.006195
0.006167
0.006139
0.006110
0.006082
0.006054
0.006026
0.005997
0.005969
0.005941
0.005913
0.005885
0.005857
0.005830
0.005802
0.005774
0.005746
0.005719
0.005691
0.005663
0.005636
0.005608
0.005581
0.005554
0.005526
0.005499
0.005472
0.005445
0.005417
0.005390
0.005363
0.005336
0.005309
0.005283
0.005256
0.005229
0.005202
0.005176
0.005149
0.005123
0.005096
0.005070
0.005043
0.005017
0.004991
0.004964
0.004938
0.004912
0.004886
0.004860
0.004834
0.004808
0.004783
0.004757
0.004731
0.004706
0.004680
0.004654
0.004629
0.004604
0.004578
0.004553
0.004528
0.004503
0.004478
0.004453
0.004428
0.004403
0.004378
0.004353
0.004328
0.004304
0.004279
0.004255
0.004230
0.004206
0.004181
0.004157
0.004133
0.004109
0.004085
0.004061
0.004037
0.004013
0.003989
0.003965
0.003942
0.003918
0.003895
0.003871
0.003848
0.003824
0.003801
0.003778
0.003755
0.003732
0.003709
0.003686
0.003663
0.003640
0.003618
0.003595
0.003573
0.003550
0.003528
0.003505
0.003483
0.003461
0.003439
0.003417
0.003395
0.003373
0.003351
0.003329
0.003308
0.003286
0.003265
0.003243
0.003222
0.003201
0.003179
0.003158
0.003137
0.003116
0.003095
0.003075
0.003054
0.003033
0.003013
0.002992
0.002972
0.002951
0.002931
0.002911
0.002891
0.002871
0.002851
0.002831
0.002812
0.002792
0.002772
0.002753
0.002733
0.002714
0.002695
0.002676
0.002657
0.002638
0.002619
0.002600
0.002581
0.002563
0.002544
0.002526
0.002507
0.002489
0.002471
0.002453
0.002435
0.002417
0.002399
0.002381
0.002364
0.002346
0.002329
0.002311
0.002294
0.002277
0.002260
0.002243
0.002226
0.002209
0.002192
0.002176
0.002159
0.002143
0.002126
0.002110
0.002094
0.002078
0.002062
0.002046
0.002030
0.002015
0.001999
0.001984
0.001968
0.001953
0.001938
0.001923
0.001908
0.001893
0.001878
0.001863
0.001849
0.001834
0.001820
0.001806
0.001792
0.001778
0.001764
0.001750
0.001736
0.001722
0.001709
0.001696
0.001682
0.001669
0.001656
0.001643
0.001630
0.001617
0.001605
0.001592
0.001580
0.001567
0.001555
0.001543
0.001531
0.001519
0.001507
0.001495
0.001484
0.001472
0.001461
0.001450
0.001439
0.001428
0.001417
0.001406
0.001395
0.001385
0.001374
0.001364
0.001354
0.001344
0.001334
0.001324
0.001314
0.001304
0.001295
0.001285
0.001276
0.001267
0.001258
0.001249
0.001240
0.001231
0.001223
0.001214
0.001206
0.001198
0.001190
0.001182
0.001174
0.001166
0.001159
0.001151
0.001144
0.001137
0.001129
0.001123
0.001116
0.001109
0.001102
0.001096
0.001089
0.001083
0.001077
0.001071
0.001065
0.001060
0.001054
0.001049
0.001043
0.001038
0.001033
0.001028
0.001023
0.001019
0.001014
0.001010
0.001005
0.001001
0.000997
0.000993
0.000989
0.000986
0.000982
0.000979
0.000976
0.000973
0.000970
0.000967
0.000964
0.000962
0.000959
0.000957
0.000955
0.000953
0.000951
0.000949
0.000947
0.000946
0.000945
0.000944
0.000942
0.000942
0.000941
0.000940
0.000940
0.000939
0.000939
0.000939
0.000939
0.000939
0.000940
0.000940
0.000941
0.000942
0.000943
0.000944
0.000945
0.000946
0.000948
0.000949
0.000951
0.000953
0.000955
0.000957
0.000960
0.000962
0.000965
0.000968
0.000971
0.000974
0.000977
0.000980
0.000984
0.000987
0.000991
0.000995
0.000999
0.001004
0.001008
0.001013
0.001017
0.001022
0.001027
0.001032
0.001038
0.001043
0.001049
0.001055
0.001060
0.001067
0.001073
0.001079
0.001086
0.001092
0.001099
0.001106
0.001113
0.001120
0.001128
0.001135
0.001143
0.001151
0.001159
0.001167
0.001176
0.001184
0.001193
0.001202
0.001210
0.001220
0.001229
0.001238
0.001248
0.001257
0.001267
0.001277
0.001288
0.001298
0.001308
0.001319
0.001330
0.001341
0.001352
0.001363
0.001375
0.001386
0.001398
0.001410
0.001422
0.001434
0.001446
0.001459
0.001471
0.001484
0.001497
0.001510
0.001524
0.001537
0.001551
0.001564
0.001578
0.001592
0.001606
0.001621
0.001635
0.001650
0.001665
0.001680
0.001695
0.001710
0.001726
0.001741
0.001757
0.001773
0.001789
0.001805
0.001821
0.001838
0.001855
0.001871
0.001888
0.001905
0.001923
0.001940
0.001958
0.001976
0.001993
0.002011
0.002030
0.002048
0.002067
0.002085
0.002104
0.002123
0.002142
0.002161
0.002181
0.002200
0.002220
0.002240
0.002260
0.002280
0.002300
0.002321
0.002342
0.002362
0.002383
0.002404
0.002426
0.002447
0.002468
0.002490
0.002512
0.002534
0.002556
0.002578
0.002601
0.002623
0.002646
0.002669
0.002692
0.002715
0.002738
0.002762
0.002785
0.002809
0.002833
0.002857
0.002881
0.002905
0.002930
0.002954
0.002979
0.003004
0.003029
0.003054
0.003079
0.003105
0.003130
0.003156
0.003182
0.003208
0.003234
0.003260
0.003286
0.003313
0.003340
0.003366
0.003393
0.003420
0.003447
0.003475
0.003502
0.003530
0.003558
0.003585
0.003613
0.003642
0.003670
0.003698
0.003727
0.003755
0.003784
0.003813
0.003842
0.003871
0.003900
0.003930
0.003959
0.003989
0.004019
0.004049
0.004079
0.004109
0.004139
0.004170
0.004200
0.004231
0.004262
0.004292
0.004323
0.004355
0.004386
0.004417
0.004449
0.004480
0.004512
0.004544
0.004576
0.004608
0.004640
0.004672
0.004704
0.004737
0.004769
0.004802
0.004835
0.004868
0.004901
0.004934
0.004967
0.005001
0.005034
0.005068
0.005101
0.005135
0.005169
0.005203
0.005237
0.005271
0.005305
0.005340
0.005374
0.005409
0.005443
0.005478
0.005513
0.005548
0.005583
0.005618
0.005653
0.005689
0.005724
0.005759
0.005795
0.005831
0.005866
0.005902
0.005938
0.005974
0.006010
0.006046
0.006083
0.006119
0.006156
0.006192
0.006229
0.006265
0.006302
0.006339
0.006376
0.006413
0.006450
0.006487
0.006524
0.006561
0.006599
0.006636
0.006674
0.006711
0.006749
0.006787
0.006824
0.006862
0.006900
0.006938
0.006976
0.007014
0.007052
0.007090
0.007129
0.007167
0.007206
0.007244
0.007282
0.007321
0.007360
0.007398
0.007437
0.007476
0.007515
0.007554
0.007593
0.007632
0.007671
0.007710
0.007749
0.007788
0.007827
0.007867
0.007906
0.007945
0.007985
0.008024
0.008064
0.008103
0.008143
0.008183
0.008222
0.008262
0.008302
0.008341
0.008381
0.008421
0.008461
0.008501
0.008541
0.008581
0.008621
0.008661
0.008701
0.008741
0.008781
0.008821
0.008861
0.008902
0.008942
0.008982
0.009022
0.009063
0.009103
0.009143
0.009184
0.009224
0.009264
0.009305
0.009345
0.009386
0.009426
0.009467
0.009507
0.009548
0.009588
0.009629
0.009669
0.009710
0.009750
0.009791
0.009831
0.009872
0.009913
0.009953
0.009994
0.010034
0.010075
0.010116
0.010156
0.010197
0.010237
0.010278
0.010319
0.010359
0.010400
0.010440
0.010481
0.010521
0.010562
0.010603
0.010643
0.010684
0.010724
0.010765
0.010805
0.010846
0.010886
0.010927
0.010967
0.011008
0.011048
0.011089
0.011129
0.011169
0.011210
0.011250
0.011290
0.011331
0.011371
0.011411
0.011452
0.011492
0.011532
0.011572
0.011612
0.011653
0.011693
0.011733
0.011773
0.011813
0.011853
0.011893
0.011933
0.011973
0.012013
0.012053
0.012092
0.012132
0.012172
0.012212
0.012252
0.012291
0.012331
0.012370
0.012410
0.012450
0.012489
0.012529
0.012568
0.012607
0.012647
0.012686
0.012725
0.012765
0.012804
0.012843
0.012882
0.012921
0.012960
0.012999
0.013038
0.013077
0.013116
0.013154
0.013193
0.013232
0.013271
0.013309
0.013348
0.013386
0.013425
0.013463
0.013502
0.013540
0.013578
0.013616
0.013654
0.013693
0.013731
0.013769
0.013807
0.013844
0.013882
0.013920
0.013958
0.013995
0.014033
0.014071
0.014108
0.014146
0.014183
0.014220
0.014258
0.014295
0.014332
0.014369
0.014406
0.014443
0.014480
0.014517
0.014554
0.014590
0.014627
0.014663
0.014700
0.014737
0.014773
0.014809
0.014846
0.014882
0.014918
0.014954
0.014990
0.015026
0.015062
0.015098
0.015133
0.015169
0.015205
0.015240
0.015276
0.015311
0.015346
0.015382
0.015417
0.015452
0.015487
0.015522
0.015557
0.015592
0.015627
0.015661
0.015696
0.015730
0.015765
0.015799
0.015834
0.015868
0.015902
0.015936
0.015970
0.016004
0.016038
0.016072
0.016106
0.016139
0.016173
0.016207
0.016240
0.016273
0.016307
0.016340
0.016373
0.016406
0.016439
0.016472
0.016505
0.016538
0.016570
0.016603
0.016635
0.016668
0.016700
0.016732
0.016765
0.016797
0.016829
0.016861
0.016893
0.016924
0.016956
0.016988
0.017019
0.017051
0.017082
0.017114
0.017145
0.017176
0.017207
0.017238
0.017269
0.017300
0.017331
0.017361
0.017392
0.017422
0.017453
0.017483
0.017513
0.017544
0.017574
0.017604
0.017634
0.017664
0.017693
0.017723
0.017753
0.017782
0.017812
0.017841
0.017870
0.017899
0.017929
0.017958
0.017987
0.018015
0.018044
0.018073
0.018101
0.018130
0.018158
0.018187
0.018215
0.018243
0.018271
0.018299
0.018327
0.018355
0.018383
0.018410
0.018438
0.018466
0.018493
0.018520
0.018548
0.018575
0.018602
0.018629
0.018656
0.018682
0.018709
0.018736
0.018762
0.018789
0.018815
0.018842
0.018868
0.018894
0.018920
0.018946
0.018972
0.018998
0.019023
0.019049
0.019075
0.019100
0.019125
0.019151
0.019176
0.019201
0.019226
0.019251
0.019276
0.019301
0.019325
0.019350
0.019374
0.019399
0.019423
0.019447
0.019471
0.019496
0.019520
0.019543
0.019567
0.019591
0.019615
0.019638
0.019662
0.019685
0.019708
0.019732
0.019755
0.019778
0.019801
0.019824
0.019846
0.019869
0.019892
0.019914
0.019937
0.019959
0.019981
0.020004
0.020026
0.020048
0.020070
0.020091
0.020113
0.020135
0.020156
0.020178
0.020199
0.020221
0.020242
0.020263
0.020284
0.020305
0.020326
0.020347
0.020368
0.020388
0.020409
0.020429
0.020450
0.020470
0.020490
0.020510
0.020531
0.020550
0.020570
0.020590
0.020610
0.020630
0.020649
0.020669
0.020688
0.020707
0.020726
0.020746
0.020765
0.020784
0.020802
0.020821
0.020840
0.020858
0.020877
0.020895
0.020914
0.020932
0.020950
0.020968
0.020986
0.021004
0.021022
0.021040
0.021058
0.021075
0.021093
0.021110
0.021128
0.021145
0.021162
0.021179
0.021196
0.021213
0.021230
0.021247
0.021263
0.021280
0.021297
0.021313
0.021329
0.021346
0.021362
0.021378
0.021394
0.021410
0.021426
0.021442
0.021457
0.021473
0.021488
0.021504
0.021519
0.021534
0.021550
0.021565
0.021580
0.021595
0.021610
0.021624
0.021639
0.021654
0.021668
0.021683
0.021697
0.021711
0.021725
0.021740
0.021754
0.021768
0.021781
0.021795
0.021809
0.021823
0.021836
0.021850
0.021863
0.021876
0.021889
0.021903
0.021916
0.021929
0.021941
0.021954
0.021967
0.021980
0.021992
0.022005
0.022017
0.022029
0.022042
0.022054
0.022066
0.022078
0.022090
0.022102
0.022113
0.022125
0.022137
0.022148
0.022160
0.022171
0.022182
0.022193
0.022205
0.022216
0.022227
0.022237
0.022248
0.022259
0.022269
0.022280
0.022290
0.022301
0.022311
0.022321
0.022332
0.022342
0.022352
0.022361
0.022371
0.022381
0.022391
0.022400
0.022410
0.022419
0.022429
0.022438
0.022447
0.022456
0.022465
0.022474
0.022483
0.022492
0.022500
0.022509
0.022518
0.022526
0.022534
0.022543
0.022551
0.022559
0.022567
0.022575
0.022583
0.022591
0.022599
0.022606
0.022614
0.022621
0.022629
0.022636
0.022643
0.022651
0.022658
0.022665
0.022672
0.022678
0.022685
0.022692
0.022699
0.022705
0.022712
0.022718
0.022724
0.022731
0.022737
0.022743
0.022749
0.022755
0.022761
0.022766
0.022772
0.022778
0.022783
0.022789
0.022794
0.022799
0.022804
0.022810
0.022815
0.022820
0.022825
0.022829
0.022834
0.022839
0.022843
0.022848
0.022852
0.022857
0.022861
0.022865
0.022869
0.022873
0.022877
0.022881
0.022885
0.022888
0.022892
0.022896
0.022899
0.022903
0.022906
0.022909
0.022912
0.022915
0.022918
0.022921
0.022924
0.022927
0.022930
0.022932
0.022935
0.022937
0.022940
0.022942
0.022944
0.022946
0.022948
0.022950
0.022952
0.022954
0.022956
0.022958
0.022959
0.022961
0.022962
0.022963
0.022965
0.022966
0.022967
0.022968
0.022969
0.022970
0.022971
0.022971
0.022972
0.022973
0.022973
0.022974
0.022974
0.022974
0.022974
0.022975
0.022975
0.022975
0.022974
0.022974
0.022974
0.022974
0.022973
0.022973
0.022972
0.022971
0.022971
0.022970
0.022969
0.022968
0.022967
0.022966
0.022964
0.022963
0.022962
0.022960
0.022959
0.022957
0.022955
0.022954
0.022952
0.022950
0.022948
0.022946
0.022944
0.022941
0.022939
0.022937
0.022934
0.022932
0.022929
0.022926
0.022924
0.022921
0.022918
0.022915
0.022912
0.022908
0.022905
0.022902
0.022898
0.022895
0.022891
0.022888
0.022884
0.022880
0.022876
0.022872
0.022868
0.022864
0.022860
0.022856
0.022851
0.022847
0.022842
0.022838
0.022833
0.022828
0.022824
0.022819
0.022814
0.022809
0.022804
0.022798
0.022793
0.022788
0.022782
0.022777
0.022771
0.022766
0.022760
0.022754
0.022748
0.022742
0.022736
0.022730
0.022724
0.022717
0.022711
0.022704
0.022698
0.022691
0.022685
0.022678
0.022671
0.022664
0.022657
0.022650
0.022643
0.022636
0.022628
0.022621
0.022613
0.022606
0.022598
0.022591
0.022583
0.022575
0.022567
0.022559
0.022551
0.022543
0.022535
0.022526
0.022518
0.022509
0.022501
0.022492
0.022483
0.022475
0.022466
0.022457
0.022448
0.022439
0.022430
0.022420
0.022411
0.022402
0.022392
0.022383
0.022373
0.022363
0.022353
0.022344
0.022334
0.022324
0.022314
0.022303
0.022293
0.022283
0.022272
0.022262
0.022251
0.022241
0.022230
0.022219
0.022208
0.022197
0.022186
0.022175
0.022164
0.022153
0.022142
0.022130
0.022119
0.022107
0.022095
0.022084
0.022072
0.022060
0.022048
0.022036
0.022024
0.022012
0.022000
0.021987
0.021975
0.021962
0.021950
0.021937
0.021925
0.021912
0.021899
0.021886
0.021873
0.021860
0.021847
0.021834
0.021820
0.021807
0.021793
0.021780
0.021766
0.021753
0.021739
0.021725
0.021711
0.021697
0.021683
0.021669
0.021655
0.021640
0.021626
0.021612
0.021597
0.021583
0.021568
0.021553
0.021538
0.021524
0.021509
0.021494
0.021478
0.021463
0.021448
0.021433
0.021417
0.021402
0.021386
0.021371
0.021355
0.021339
0.021323
0.021307
0.021292
0.021275
0.021259
0.021243
0.021227
0.021210
0.021194
0.021178
0.021161
0.021144
0.021128
0.021111
0.021094
0.021077
0.021060
0.021043
0.021026
0.021009
0.020991
0.020974
0.020957
0.020939
0.020921
0.020904
0.020886
0.020868
0.020850
0.020832
0.020814
0.020796
0.020778
0.020760
0.020742
0.020723
0.020705
0.020686
0.020668
0.020649
0.020630
0.020612
0.020593
0.020574
0.020555
0.020536
0.020517
0.020498
0.020478
0.020459
0.020440
0.020420
0.020400
0.020381
0.020361
0.020341
0.020322
0.020302
0.020282
0.020262
0.020242
0.020221
0.020201
0.020181
0.020161
0.020140
0.020120
0.020099
0.020078
0.020058
0.020037
0.020016
0.019995
0.019974
0.019953
0.019932
0.019911
0.019890
0.019868
0.019847
0.019826
0.019804
0.019783
0.019761
0.019739
0.019718
0.019696
0.019674
0.019652
0.019630
0.019608
0.019586
0.019563
0.019541
0.019519
0.019496
0.019474
0.019451
0.019429
0.019406
0.019383
0.019361
0.019338
0.019315
0.019292
0.019269
0.019246
0.019223
0.019200
0.019176
0.019153
0.019130
0.019106
0.019083
0.019059
0.019035
0.019012
0.018988
0.018964
0.018940
0.018916
0.018892
0.018868
0.018844
0.018820
0.018796
0.018771
0.018747
0.018723
0.018698
0.018674
0.018649
0.018624
0.018600
0.018575
0.018550
0.018525
0.018500
0.018475
0.018450
0.018425
0.018400
0.018375
0.018350
0.018324
0.018299
0.018273
0.018248
0.018222
0.018197
0.018171
0.018145
0.018120
0.018094
0.018068
0.018042
0.018016
0.017990
0.017964
0.017938
0.017912
0.017885
0.017859
0.017833
0.017806
0.017780
0.017753
0.017727
0.017700
0.017674
0.017647
0.017620
0.017593
0.017567
0.017540
0.017513
0.017486
0.017459
0.017432
0.017404
0.017377
0.017350
0.017323
0.017295
0.017268
0.017240
0.017213
0.017185
0.017158
0.017130
0.017103
0.017075
0.017047
0.017019
0.016991
0.016963
0.016935
0.016907
0.016879
0.016851
0.016823
0.016795
0.016767
0.016739
0.016710
0.016682
0.016653
0.016625
0.016597
0.016568
0.016539
0.016511
0.016482
0.016454
0.016425
0.016396
0.016367
0.016338
0.016309
0.016281
0.016252
0.016223
0.016193
0.016164
0.016135
0.016106
0.016077
0.016048
0.016018
0.015989
0.015960
0.015930
0.015901
0.015871
0.015842
0.015812
0.015783
0.015753
0.015723
0.015694
0.015664
0.015634
0.015604
0.015575
0.015545
0.015515
0.015485
0.015455
0.015425
0.015395
0.015365
0.015335
0.015304
0.015274
0.015244
0.015214
0.015184
0.015153
0.015123
0.015093
0.015062
0.015032
0.015001
0.014971
0.014940
0.014910
0.014879
0.014849
0.014818
0.014787
0.014757
0.014726
0.014695
0.014664
0.014634
0.014603
0.014572
0.014541
0.014510
0.014479
0.014448
0.014417
0.014386
0.014355
0.014324
0.014293
0.014262
0.014231
0.014200
0.014169
0.014137
0.014106
0.014075
0.014044
0.014012
0.013981
0.013950
0.013919
0.013887
0.013856
0.013824
0.013793
0.013761
0.013730
0.013698
0.013667
0.013635
0.013604
0.013572
0.013541
0.013509
0.013478
0.013446
0.013414
0.013383
0.013351
0.013319
0.013287
0.013256
0.013224
0.013192
0.013160
0.013129
0.013097
0.013065
0.013033
0.013001
0.012969
0.012938
0.012906
0.012874
0.012842
0.012810
0.012778
0.012746
0.012714
0.012682
0.012650
0.012618
0.012586
0.012554
0.012522
0.012490
0.012458
0.012426
0.012394
0.012362
0.012330
0.012298
0.012266
0.012233
0.012201
0.012169
0.012137
0.012105
0.012073
0.012041
0.012009
0.011976
0.011944
0.011912
0.011880
0.011848
0.011816
0.011783
0.011751
0.011719
0.011687
0.011655
0.011622
0.011590
0.011558
0.011526
0.011494
0.011461
0.011429
0.011397
0.011365
0.011333
0.011300
0.011268
0.011236
0.011204
0.011172
0.011139
0.011107
0.011075
0.011043
0.011011
0.010979
0.010946
0.010914
0.010882
0.010850
0.010818
0.010786
0.010753
0.010721
0.010689
0.010657
0.010625
0.010593
0.010561
0.010528
0.010496
0.010464
0.010432
0.010400
0.010368
0.010336
0.010304
0.010272
0.010240
0.010208
0.010176
0.010144
0.010112
0.010080
0.010048
0.010016
0.009984
0.009952
0.009920
0.009888
0.009856
0.009824
0.009792
0.009761
0.009729
0.009697
0.009665
0.009633
0.009601
0.009570
0.009538
0.009506
0.009474
0.009443
0.009411
0.009379
0.009348
0.009316
0.009284
0.009253
0.009221
0.009190
0.009158
0.009126
0.009095
0.009063
0.009032
0.009000
0.008969
0.008938
0.008906
0.008875
0.008843
0.008812
0.008781
0.008749
0.008718
0.008687
0.008656
0.008624
0.008593
0.008562
0.008531
0.008500
0.008469
0.008438
0.008407
0.008376
0.008345
0.008314
0.008283
0.008252
0.008221
0.008190
0.008159
0.008128
0.008098
0.008067
0.008036
0.008005
0.007975
0.007944
0.007914
0.007883
0.007852
0.007822
0.007791
0.007761
0.007730
0.007700
0.007670
0.007639
0.007609
0.007579
0.007549
0.007518
0.007488
0.007458
0.007428
0.007398
0.007368
0.007338
0.007308
0.007278
0.007248
0.007218
0.007188
0.007158
0.007129
0.007099
0.007069
0.007040
0.007010
0.006980
0.006951
0.006921
0.006892
0.006862
0.006833
0.006804
0.006774
0.006745
0.006716
0.006687
0.006657
0.006628
0.006599
0.006570
0.006541
0.006512
0.006483
0.006454
0.006426
0.006397
0.006368
0.006339
0.006311
0.006282
0.006253
0.006225
0.006196
0.006168
0.006140
0.006111
0.006083
0.006055
0.006026
0.005998
0.005970
0.005942
0.005914
0.005886
0.005858
0.005830
0.005802
0.005775
0.005747
0.005719
0.005692
0.005664
0.005636
0.005609
0.005582
0.005554
0.005527
0.005499
0.005472
0.005445
0.005418
0.005391
0.005364
0.005337
0.005310
0.005283
0.005256
0.005229
0.005203
0.005176
0.005149
0.005123
0.005096
0.005070
0.005044
0.005017
0.004991
0.004965
0.004939
0.004912
0.004886
0.004860
0.004834
0.004809
0.004783
0.004757
0.004731
0.004706
0.004680
0.004655
0.004629
0.004604
0.004578
0.004553
0.004528
0.004503
0.004478
0.004453
0.004428
0.004403
0.004378
0.004353
0.004328
0.004304
0.004279
0.004255
0.004230
0.004206
0.004181
0.004157
0.004133
0.004109
0.004085
0.004061
0.004037
0.004013
0.003989
0.003965
0.003942
0.003918
0.003895
0.003871
0.003848
0.003824
0.003801
0.003778
0.003755
0.003732
0.003709
0.003686
0.003663
0.003640
0.003618
0.003595
0.003572
0.003550
0.003527
0.003505
0.003483
0.003461
0.003439
0.003417
0.003395
0.003373
0.003351
0.003329
0.003308
0.003286
0.003264
0.003243
0.003222
0.003200
0.003179
0.003158
0.003137
0.003116
0.003095
0.003074
0.003054
0.003033
0.003013
0.002992
0.002972
0.002951
0.002931
0.002911
0.002891
0.002871
0.002851
0.002831
0.002811
0.002792
0.002772
0.002753
0.002733
0.002714
0.002695
0.002676
0.002657
0.002638
0.002619
0.002600
0.002581
0.002563
0.002544
0.002526
0.002507
0.002489
0.002471
0.002453
0.002435
0.002417
0.002399
0.002381
0.002364
0.002346
0.002328
0.002311
0.002294
0.002277
0.002260
0.002243
0.002226
0.002209
0.002192
0.002176
0.002159
0.002143
0.002126
0.002110
0.002094
0.002078
0.002062
0.002046
0.002030
0.002015
0.001999
0.001984
0.001968
0.001953
0.001938
0.001923
0.001908
0.001893
0.001878
0.001863
0.001849
0.001834
0.001820
0.001806
0.001792
0.001778
0.001764
0.001750
0.001736
0.001722
0.001709
0.001696
0.001682
0.001669
0.001656
0.001643
0.001630
0.001617
0.001605
0.001592
0.001580
0.001567
0.001555
0.001543
0.001531
0.001519
0.001507
0.001495
0.001484
0.001472
0.001461
0.001450
0.001439
0.001428
0.001417
0.001406
0.001395
0.001385
0.001374
0.001364
0.001354
0.001344
0.001334
0.001324
0.001314
0.001304
0.001295
0.001285
0.001276
0.001267
0.001258
0.001249
0.001240
0.001231
0.001223
0.001214
0.001206
0.001198
0.001190
0.001182
0.001174
0.001166
0.001159
0.001151
0.001144
0.001137
0.001130
0.001123
0.001116
0.001109
0.001102
0.001096
0.001090
0.001083
0.001077
0.001071
0.001065
0.001060
0.001054
0.001049
0.001043
0.001038
0.001033
0.001028
0.001023
0.001019
0.001014
0.001010
0.001005
0.001001
0.000997
0.000993
0.000989
0.000986
0.000982
0.000979
0.000976
0.000973
0.000970
0.000967
0.000964
0.000962
0.000959
0.000957
0.000955
0.000953
0.000951
0.000949
0.000948
0.000946
0.000945
0.000944
0.000943
0.000942
0.000941
0.000940
0.000940
0.000939
0.000939
0.000939
0.000939
0.000939
0.000940
0.000940
0.000941
0.000942
0.000943
0.000944
0.000945
0.000946
0.000948
0.000949
0.000951
0.000953
0.000955
0.000957
0.000960
0.000962
0.000965
0.000968
0.000971
0.000974
0.000977
0.000980
0.000984
0.000988
0.000991
0.000995
0.000999
0.001004
0.001008
0.001013
0.001017
0.001022
0.001027
0.001032
0.001038
0.001043
0.001049
0.001055
0.001060
0.001067
0.001073
0.001079
0.001086
0.001092
0.001099
0.001106
0.001113
0.001120
0.001128
0.001135
0.001143
0.001151
0.001159
0.001167
0.001176
0.001184
0.001193
0.001202
0.001210
0.001220
0.001229
0.001238
0.001248
0.001257
0.001267
0.001277
0.001288
0.001298
0.001308
0.001319
0.001330
0.001341
0.001352
0.001363
0.001375
0.001386
0.001398
0.001410
0.001422
0.001434
0.001446
0.001459
0.001471
0.001484
0.001497
0.001510
0.001524
0.001537
0.001551
0.001564
0.001578
0.001592
0.001606
0.001621
0.001635
0.001650
0.001665
0.001680
0.001695
0.001710
0.001726
0.001741
0.001757
0.001773
0.001789
0.001805
0.001821
0.001838
0.001855
0.001871
0.001888
0.001905
0.001923
0.001940
0.001958
0.001976
0.001993
0.002011
0.002030
0.002048
0.002067
0.002085
0.002104
0.002123
0.002142
0.002161
0.002181
0.002200
0.002220
0.002240
0.002260
0.002280
0.002300
0.002321
0.002342
0.002362
0.002383
0.002404
0.002426
0.002447
0.002468
0.002490
0.002512
0.002534
0.002556
0.002578
0.002601
0.002623
0.002646
0.002669
0.002692
0.002715
0.002738
0.002762
0.002785
0.002809
0.002833
0.002857
0.002881
0.002905
0.002930
0.002954
0.002979
0.003004
0.003029
0.003054
0.003079
0.003104
0.003130
0.003156
0.003182
0.003208
0.003234
0.003260
0.003286
0.003313
0.003339
0.003366
0.003393
0.003420
0.003447
0.003475
0.003502
0.003530
0.003558
0.003585
0.003613
0.003642
0.003670
0.003698
0.003727
0.003755
0.003784
0.003813
0.003842
0.003871
0.003900
0.003930
0.003959
0.003989
0.004019
0.004049
0.004079
0.004109
0.004139
0.004170
0.004200
0.004231
0.004261
0.004292
0.004323
0.004354
0.004386
0.004417
0.004448
0.004480
0.004512
0.004544
0.004575
0.004608
0.004640
0.004672
0.004704
0.004737
0.004769
0.004802
0.004835
0.004868
0.004901
0.004934
0.004967
0.005001
0.005034
0.005068
0.005101
0.005135
0.005169
0.005203
0.005237
0.005271
0.005305
0.005340
0.005374
0.005409
0.005443
0.005478
0.005513
0.005548
0.005583
0.005618
0.005653
0.005688
0.005724
0.005759
0.005795
0.005831
0.005866
0.005902
0.005938
0.005974
0.006010
0.006046
0.006083
0.006119
0.006155
0.006192
0.006229
0.006265
0.006302
0.006339
0.006376
0.006413
0.006450
0.006487
0.006524
0.006561
0.006599
0.006636
0.006674
0.006711
0.006749
0.006786
0.006824
0.006862
0.006900
0.006938
0.006976
0.007014
0.007052
0.007090
0.007129
0.007167
0.007205
0.007244
0.007282
0.007321
0.007360
0.007398
0.007437
0.007476
0.007515
0.007554
0.007593
0.007632
0.007671
0.007710
0.007749
0.007788
0.007827
0.007867
0.007906
0.007945
0.007985
0.008024
0.008064
0.008103
0.008143
0.008182
0.008222
0.008262
0.008302
0.008341
0.008381
0.008421
0.008461
0.008501
0.008541
0.008581
0.008621
0.008661
0.008701
0.008741
0.008781
0.008821
0.008861
0.008902
0.008942
0.008982
0.009022
0.009063
0.009103
0.009143
0.009184
0.009224
0.009264
0.009305
0.009345
0.009386
0.009426
0.009467
0.009507
0.009548
0.009588
0.009629
0.009669
0.009710
0.009750
0.009791
0.009831
0.009872
0.009913
0.009953
0.009994
0.010034
0.010075
0.010115
0.010156
0.010197
0.010237
0.010278
0.010318
0.010359
0.010400
0.010440
0.010481
0.010521
0.010562
0.010603
0.010643
0.010684
0.010724
0.010765
0.010805
0.010846
0.010886
0.010927
0.010967
0.011008
0.011048
0.011088
0.011129
0.011169
0.011210
0.011250
0.011290
0.011331
0.011371
0.011411
0.011452
0.011492
0.011532
0.011572
0.011612
0.011653
0.011693
0.011733
0.011773
0.011813
0.011853
0.011893
0.011933
0.011973
0.012013
0.012053
0.012092
0.012132
0.012172
0.012212
0.012251
0.012291
0.012331
0.012370
0.012410
0.012450
0.012489
0.012528
0.012568
0.012607
0.012647
0.012686
0.012725
0.012764
0.012804
0.012843
0.012882
0.012921
0.012960
0.012999
0.013038
0.013077
0.013116
0.013154
0.013193
0.013232
0.013271
0.013309
0.013348
0.013386
0.013425
0.013463
0.013501
0.013540
0.013578
0.013616
0.013654
0.013692
0.013731
0.013769
0.013806
0.013844
0.013882
0.013920
0.013958
0.013995
0.014033
0.014071
0.014108
0.014146
0.014183
0.014220
0.014257
0.014295
0.014332
0.014369
0.014406
0.014443
0.014480
0.014517
0.014553
0.014590
0.014627
0.014663
0.014700
0.014736
0.014773
0.014809
0.014845
0.014882
0.014918
0.014954
0.014990
0.015026
0.015062
0.015098
0.015133
0.015169
0.015205
0.015240
0.015276
0.015311
0.015346
0.015382
0.015417
0.015452
0.015487
0.015522
0.015557
0.015592
0.015627
0.015661
0.015696
0.015730
0.015765
0.015799
0.015834
0.015868
0.015902
0.015936
0.015970
0.016004
0.016038
0.016072
0.016106
0.016139
0.016173
0.016206
0.016240
0.016273
0.016307
0.016340
0.016373
0.016406
0.016439
0.016472
0.016505
0.016537
0.016570
0.016603
0.016635
0.016668
0.016700
0.016732
0.016765
0.016797
0.016829
0.016861
0.016893
0.016924
0.016956
0.016988
0.017019
0.017051
0.017082
0.017114
0.017145
0.017176
0.017207
0.017238
0.017269
0.017300
0.017331
0.017361
0.017392
0.017422
0.017453
0.017483
0.017513
0.017544
0.017574
0.017604
0.017634
0.017664
0.017693
0.017723
0.017753
0.017782
0.017812
0.017841
0.017870
0.017899
0.017928
0.017958
0.017986
0.018015
0.018044
0.018073
0.018101
0.018130
0.018158
0.018187
0.018215
0.018243
0.018271
0.018299
0.018327
0.018355
0.018383
0.018410
0.018438
0.018466
0.018493
0.018520
0.018547
0.018575
0.018602
0.018629
0.018656
0.018682
0.018709
0.018736
0.018762
0.018789
0.018815
0.018842
0.018868
0.018894
0.018920
0.018946
0.018972
0.018998
0.019023
0.019049
0.019075
0.019100
0.019125
0.019151
0.019176
0.019201
0.019226
0.019251
0.019276
0.019300
0.019325
0.019350
0.019374
0.019399
0.019423
0.019447
0.019471
0.019496
0.019519
0.019543
0.019567
0.019591
0.019615
0.019638
0.019662
0.019685
0.019708
0.019732
0.019755
0.019778
0.019801
0.019824
0.019846
0.019869
0.019892
0.019914
0.019937
0.019959
0.019981
0.020003
0.020026
0.020048
0.020070
0.020091
0.020113
0.020135
0.020156
0.020178
0.020199
0.020221
0.020242
0.020263
0.020284
0.020305
0.020326
0.020347
0.020368
0.020388
0.020409
0.020429
0.020450
0.020470
0.020490
0.020510
0.020530
0.020550
0.020570
0.020590
0.020610
0.020629
0.020649
0.020668
0.020688
0.020707
0.020726
0.020745
0.020765
0.020783
0.020802
0.020821
0.020840
0.020858
0.020877
0.020895
0.020914
0.020932
0.020950
0.020968
0.020986
0.021004
0.021022
0.021040
0.021058
0.021075
0.021093
0.021110
0.021128
0.021145
0.021162
0.021179
0.021196
0.021213
0.021230
0.021247
0.021263
0.021280
0.021297
0.021313
0.021329
0.021346
0.021362
0.021378
0.021394
0.021410
0.021426
0.021441
0.021457
0.021473
0.021488
0.021504
0.021519
0.021534
0.021550
0.021565
0.021580
0.021595
0.021609
0.021624
0.021639
0.021654
0.021668
0.021683
0.021697
0.021711
0.021725
0.021740
0.021754
0.021768
0.021781
0.021795
0.021809
0.021823
0.021836
0.021850
0.021863
0.021876
0.021889
0.021903
0.021916
0.021929
0.021941
0.021954
0.021967
0.021980
0.021992
0.022005
0.022017
0.022029
0.022042
0.022054
0.022066
0.022078
0.022090
0.022102
0.022113
0.022125
0.022137
0.022148
0.022160
0.022171
0.022182
0.022193
0.022205
0.022216
0.022226
0.022237
0.022248
0.022259
0.022269
0.022280
0.022290
0.022301
0.022311
0.022321
0.022332
0.022342
0.022352
0.022361
0.022371
0.022381
0.022391
0.022400
0.022410
0.022419
0.022429
0.022438
0.022447
0.022456
0.022465
0.022474
0.022483
0.022492
0.022500
0.022509
0.022517
0.022526
0.022534
0.022543
0.022551
0.022559
0.022567
0.022575
0.022583
0.022591
0.022599
0.022606
0.022614
0.022621
0.022629
0.022636
0.022643
0.022650
0.022658
0.022665
0.022672
0.022678
0.022685
0.022692
0.022699
0.022705
0.022712
0.022718
0.022724
0.022731
0.022737
0.022743
0.022749
0.022755
0.022761
0.022766
0.022772
0.022778
0.022783
0.022789
0.022794
0.022800
0.022806
0.022811
0.022817
0.022823
0.022828
0.022833
0.022837
0.022841
0.022844
0.022846
0.022848
0.022849
0.022849
0.022849
0.022848
0.022846
0.022843
0.022839
0.022834
0.022829
0.022823
0.022816
0.022809
0.022800
0.022791
0.022781
0.022771
0.022759
0.022748
0.022735
0.022722
0.022708
0.022693
0.022678
0.022663
0.022646
0.022630
0.022612
0.022595
0.022576
0.022558
0.022539
0.022519
0.022499
0.022479
0.022458
0.022438
0.022416
0.022395
0.022373
0.022351
0.022328
0.022306
0.022283
0.022260
0.022237
0.022213
0.022190
0.022166
0.022142
0.022118
0.022094
0.022070
0.022045
0.022021
0.021997
0.021972
0.021948
0.021923
0.021899
0.021875
0.021850
0.021826
0.021801
0.021777
0.021752
0.021728
0.021704
0.021680
0.021656
0.021632
0.021608
0.021584
0.021560
0.021536
0.021513
0.021490
0.021466
0.021443
0.021420
0.021397
0.021375
0.021352
0.021330
0.021307
0.021285
0.021263
0.021242
0.021220
0.021199
0.021177
0.021156
0.021135
0.021115
0.021094
0.021074
0.021054
0.021034
0.021014
0.020995
0.020975
0.020956
0.020937
0.020918
0.020899
0.020881
0.020863
0.020845
0.020827
0.020809
0.020792
0.020775
0.020758
0.020741
0.020724
0.020707
0.020691
0.020675
0.020659
0.020643
0.020628
0.020612
0.020597
0.020582
0.020567
0.020552
0.020538
0.020524
0.020509
0.020495
0.020482
0.020468
0.020454
0.020441
0.020428
0.020415
0.020402
0.020389
0.020376
0.020364
0.020352
0.020339
0.020327
0.020316
0.020304
0.020292
0.020281
0.020269
0.020258
0.020247
0.020236
0.020225
0.020214
0.020203
0.020193
0.020182
0.020172
0.020161
0.020151
0.020141
0.020131
0.020121
0.020111
0.020101
0.020092
0.020082
0.020073
0.020063
0.020054
0.020044
0.020035
0.020026
0.020017
0.020007
0.019998
0.019989
0.019980
0.019971
0.019962
0.019954
0.019945
0.019936
0.019927
0.019918
0.019910
0.019901
0.019892
0.019884
0.019875
0.019866
0.019858
0.019849
0.019840
0.019832
0.019823
0.019815
0.019806
0.019797
0.019789
0.019780
0.019771
0.019763
0.019754
0.019745
0.019737
0.019728
0.019719
0.019710
0.019702
0.019693
0.019684
0.019675
0.019666
0.019657
0.019648
0.019639
0.019630
0.019621
0.019612
0.019602
0.019593
0.019584
0.019574
0.019565
0.019555
0.019546
0.019536
0.019527
0.019517
0.019507
0.019497
0.019487
0.019477
0.019467
0.019457
0.019447
0.019437
0.019427
0.019416
0.019406
0.019395
0.019385
0.019374
0.019363
0.019353
0.019342
0.019331
0.019320
0.019309
0.019298
0.019286
0.019275
0.019264
0.019252
0.019240
0.019229
0.019217
0.019205
0.019193
0.019181
0.019169
0.019157
0.019145
0.019132
0.019120
0.019107
0.019095
0.019082
0.019069
0.019056
0.019043
0.019030
0.019017
0.019004
0.018990
0.018977
0.018963
0.018950
0.018936
0.018922
0.018908
0.018894
0.018880
0.018866
0.018852
0.018838
0.018823
0.018809
0.018794
0.018779
0.018764
0.018749
0.018734
0.018719
0.018704
0.018689
0.018674
0.018658
0.018643
0.018627
0.018611
0.018595
0.018579
0.018563
0.018547
0.018531
0.018515
0.018498
0.018482
0.018465
0.018449
0.018432
0.018415
0.018398
0.018381
0.018364
0.018347
0.018330
0.018312
0.018295
0.018277
0.018259
0.018242
0.018224
0.018206
0.018188
0.018170
0.018152
0.018134
0.018115
0.018097
0.018078
0.018060
0.018041
0.018022
0.018003
0.017985
0.017966
0.017946
0.017927
0.017908
0.017889
0.017869
0.017850
0.017830
0.017811
0.017791
0.017771
0.017751
0.017731
0.017711
0.017691
0.017671
0.017650
0.017630
0.017610
0.017589
0.017569
0.017548
0.017527
0.017506
0.017485
0.017464
0.017443
0.017422
0.017401
0.017380
0.017358
0.017337
0.017316
0.017294
0.017272
0.017251
0.017229
0.017207
0.017185
0.017163
0.017141
0.017119
0.017097
0.017075
0.017052
0.017030
0.017008
0.016985
0.016962
0.016940
0.016917
0.016894
0.016872
0.016849
0.016826
0.016803
0.016780
0.016756
0.016733
0.016710
0.016687
0.016663
0.016640
0.016616
0.016593
0.016569
0.016545
0.016521
0.016498
0.016474
0.016450
0.016426
0.016402
0.016378
0.016353
0.016329
0.016305
0.016281
0.016256
0.016232
0.016207
0.016183
0.016158
0.016133
0.016109
0.016084
0.016059
0.016034
0.016009
0.015984
0.015959
0.015934
0.015909
0.015884
0.015858
0.015833
0.015808
0.015782
0.015757
0.015731
0.015706
0.015680
0.015655
0.015629
0.015603
0.015577
0.015551
0.015525
0.015500
0.015474
0.015447
0.015421
0.015395
0.015369
0.015343
0.015317
0.015290
0.015264
0.015237
0.015211
0.015185
0.015158
0.015131
0.015105
0.015078
0.015051
0.015025
0.014998
0.014971
0.014944
0.014917
0.014890
0.014863
0.014836
0.014809
0.014782
0.014755
0.014727
0.014700
0.014673
0.014646
0.014618
0.014591
0.014563
0.014536
0.014508
0.014481
0.014453
0.014425
0.014398
0.014370
0.014342
0.014314
0.014287
0.014259
0.014231
0.014203
0.014175
0.014147
0.014119
0.014091
0.014063
0.014035
0.014006
0.013978
0.013950
0.013922
0.013893
0.013865
0.013837
0.013808
0.013780
0.013751
0.013723
0.013694
0.013665
0.013637
0.013608
0.013580
0.013551
0.013522
0.013493
0.013465
0.013436
0.013407
0.013378
0.013349
0.013320
0.013291
0.013262
0.013233
0.013204
0.013175
0.013146
0.013117
0.013087
0.013058
0.013029
0.013000
0.012970
0.012941
0.012912
0.012882
0.012853
0.012824
0.012794
0.012765
0.012735
0.012706
0.012676
0.012647
0.012617
0.012587
0.012558
0.012528
0.012498
0.012469
0.012439
0.012409
0.012380
0.012350
0.012320
0.012290
0.012260
0.012230
0.012200
0.012171
0.012141
0.012111
0.012081
0.012051
0.012021
0.011991
0.011961
0.011930
0.011900
0.011870
0.011840
0.011810
0.011780
0.011750
0.011719
0.011689
0.011659
0.011629
0.011599
0.011568
0.011538
0.011508
0.011477
0.011447
0.011417
0.011386
0.011356
0.011325
0.011295
0.011265
0.011234
0.011204
0.011173
0.011143
0.011112
0.011082
0.011051
0.011021
0.010990
0.010960
0.010929
0.010899
0.010868
0.010837
0.010807
0.010776
0.010746
0.010715
0.010684
0.010654
0.010623
0.010592
0.010562
0.010531
0.010500
0.010470
0.010439
0.010408
0.010377
0.010347
0.010316
0.010285
0.010255
0.010224
0.010193
0.010162
0.010132
0.010101
0.010070
0.010039
0.010008
0.009978
0.009947
0.009916
0.009885
0.009854
0.009824
0.009793
0.009762
0.009731
0.009701
0.009670
0.009639
0.009608
0.009577
0.009547
0.009516
0.009485
0.009454
0.009423
0.009393
0.009362
0.009331
0.009300
0.009269
0.009239
0.009208
0.009177
0.009146
0.009115
0.009085
0.009054
0.009023
0.008992
0.008962
0.008931
0.008900
0.008869
0.008839
0.008808
0.008777
0.008747
0.008716
0.008685
0.008655
0.008624
0.008593
0.008563
0.008532
0.008501
0.008471
0.008440
0.008409
0.008379
0.008348
0.008318
0.008287
0.008256
0.008226
0.008195
0.008165
0.008134
0.008104
0.008073
0.008043
0.008012
0.007982
0.007951
0.007921
0.007891
0.007860
0.007830
0.007799
0.007769
0.007739
0.007708
0.007678
0.007648
0.007618
0.007587
0.007557
0.007527
0.007497
0.007466
0.007436
0.007406
0.007376
0.007346
0.007316
0.007286
0.007256
0.007225
0.007195
0.007165
0.007135
0.007106
0.007076
0.007046
0.007016
0.006986
0.006956
0.006926
0.006896
0.006867
0.006837
0.006807
0.006777
0.006748
0.006718
0.006688
0.006659
0.006629
0.006600
0.006570
0.006541
0.006511
0.006482
0.006452
0.006423
0.006393
0.006364
0.006335
0.006305
0.006276
0.006247
0.006218
0.006188
0.006159
0.006130
0.006101
0.006072
0.006043
0.006014
0.005985
0.005956
0.005927
0.005898
0.005869
0.005841
0.005812
0.005783
0.005754
0.005726
0.005697
0.005668
0.005640
0.005611
0.005583
0.005554
0.005526
0.005497
0.005469
0.005441
0.005412
0.005384
0.005356
0.005328
0.005299
0.005271
0.005243
0.005215
0.005187
0.005159
0.005131
0.005103
0.005076
0.005048
0.005020
0.004992
0.004965
0.004937
0.004909
0.004882
0.004854
0.004827
0.004799
0.004772
0.004744
0.004717
0.004690
0.004663
0.004635
0.004608
0.004581
0.004554
0.004527
0.004500
0.004473
0.004446
0.004420
0.004393
0.004366
0.004339
0.004313
0.004286
0.004260
0.004233
0.004207
0.004180
0.004154
0.004128
0.004101
0.004075
0.004049
0.004023
0.003997
0.003971
0.003945
0.003919
0.003893
0.003867
0.003841
0.003816
0.003790
0.003765
0.003739
0.003714
0.003688
0.003663
0.003637
0.003612
0.003587
0.003562
0.003537
0.003512
0.003487
0.003462
0.003437
0.003412
0.003387
0.003362
0.003338
0.003313
0.003289
0.003264
0.003240
0.003215
0.003191
0.003167
0.003143
0.003119
0.003094
0.003070
0.003047
0.003023
0.002999
0.002975
0.002951
0.002928
0.002904
0.002881
0.002857
0.002834
0.002810
0.002787
0.002764
0.002741
0.002718
0.002695
0.002672
0.002649
0.002626
0.002604
0.002581
0.002558
0.002536
0.002513
0.002491
0.002469
0.002446
0.002424
0.002402
0.002380
0.002358
0.002336
0.002314
0.002292
0.002271
0.002249
0.002228
0.002206
0.002185
0.002163
0.002142
0.002121
0.002100
0.002079
0.002058
0.002037
0.002016
0.001995
0.001975
0.001954
0.001934
0.001913
0.001893
0.001872
0.001852
0.001832
0.001812
0.001792
0.001772
0.001752
0.001733
0.001713
0.001693
0.001674
0.001654
0.001635
0.001616
0.001597
0.001578
0.001558
0.001540
0.001521
0.001502
0.001483
0.001465
0.001446
0.001428
0.001409
0.001391
0.001373
0.001355
0.001337
0.001319
0.001301
0.001283
0.001266
0.001248
0.001230
0.001213
0.001196
0.001179
0.001161
0.001144
0.001127
0.001110
0.001094
0.001077
0.001060
0.001044
0.001027
0.001014
0.001000
0.000986
0.000972
0.000958
0.000944
0.000929
0.000914
0.000900
0.000888
0.000876
0.000863
0.000850
0.000837
0.000824
0.000810
0.000800
0.000788
0.000777
0.000765
0.000753
0.000740
0.000730
0.000720
0.000709
0.000698
0.000686
0.000677
0.000667
0.000657
0.000647
0.000636
0.000627
0.000618
0.000608
0.000598
0.000590
0.000582
0.000573
0.000563
0.000556
0.000548
0.000540
0.000531
0.000524
0.000516
0.000508
0.000499
0.000493
0.000485
0.000477
0.000469
0.000463
0.000456
0.000448
0.000442
0.000436
0.000429
0.000421
0.000416
0.000409
0.000402
0.000398
0.000392
0.000385
0.000378
0.000373
0.000367
0.000361
0.000356
0.000351
0.000345
0.000338
0.000334
0.000328
0.000322
0.000318
0.000314
0.000308
0.000304
0.000300
0.000295
0.000289
0.000285
0.000281
0.000275
0.000272
0.000268
0.000263
0.000258
0.000255
0.000250
0.000245
0.000243
0.000239
0.000235
0.000230
0.000227
0.000223
0.000219
0.000217
0.000214
0.000210
0.000206
0.000203
0.000200
0.000197
0.000192
0.000190
0.000187
0.000184
0.000180
0.000178
0.000175
0.000172
0.000168
0.000167
0.000165
0.000162
0.000158
0.000157
0.000155
0.000153
0.000150
0.000146
0.000145
0.000144
0.000141
0.000139
0.000135
0.000135
0.000133
0.000131
0.000129
0.000126
0.000123
0.000123
0.000122
0.000120
0.000119
0.000116
0.000114
0.000111
0.000111
0.000111
0.000110
0.000108
0.000107
0.000105
0.000103
0.000101
0.000099
0.000097
0.000095
0.000093
0.000090
0.000088
0.000086
0.000084
0.000082
0.000081
0.000079
0.000078
0.000076
0.000075
0.000074
0.000073
0.000072
0.000072
0.000071
0.000071
0.000071
0.000071
0.000072
0.000072
0.000073
0.000074
0.000075
0.000077
0.000078
0.000080
0.000082
0.000084
0.000086
0.000089
0.000092
0.000095
0.000098
0.000101
0.000105
0.000108
0.000112
0.000116
0.000121
0.000125
0.000130
0.000135
0.000140
0.000145
0.000151
0.000156
0.000162
0.000168
0.000175
0.000181
0.000188
0.000195
0.000202
0.000209
0.000216
0.000224
0.000231
0.000239
0.000248
0.000256
0.000264
0.000273
0.000282
0.000291
0.000300
0.000310
0.000319
0.000329
0.000339
0.000349
0.000359
0.000370
0.000380
0.000391
0.000402
0.000413
0.000425
0.000436
0.000448
0.000460
0.000472
0.000484
0.000496
0.000509
0.000521
0.000534
0.000547
0.000561
0.000574
0.000587
0.000601
0.000615
0.000629
0.000643
0.000658
0.000672
0.000687
0.000702
0.000717
0.000732
0.000747
0.000763
0.000779
0.000794
0.000810
0.000827
0.000843
0.000859
0.000876
0.000893
0.000910
0.000927
0.000944
0.000962
0.000979
0.000997
0.001015
0.001033
0.001051
0.001069
0.001088
0.001106
0.001125
0.001144
0.001163
0.001183
0.001202
0.001222
0.001241
0.001261
0.001281
0.001301
0.001322
0.001342
0.001363
0.001384
0.001404
0.001425
0.001447
0.001468
0.001490
0.001511
0.001533
0.001555
0.001577
0.001599
0.001621
0.001644
0.001666
0.001689
0.001712
0.001735
0.001758
0.001782
0.001805
0.001829
0.001852
0.001876
0.001900
0.001924
0.001949
0.001973
0.001998
0.002022
0.002047
0.002072
0.002097
0.002122
0.002148
0.002173
0.002199
0.002224
0.002250
0.002276
0.002302
0.002329
0.002355
0.002381
0.002408
0.002435
0.002462
0.002489
0.002516
0.002543
0.002570
0.002598
0.002625
0.002653
0.002681
0.002709
0.002737
0.002765
0.002793
0.002822
0.002850
0.002879
0.002908
0.002936
0.002965
0.002995
0.003024
0.003053
0.003083
0.003112
0.003142
0.003171
0.003201
0.003231
0.003261
0.003292
0.003322
0.003352
0.003383
0.003413
0.003444
0.003475
0.003506
0.003537
0.003568
0.003599
0.003631
0.003662
0.003694
0.003725
0.003757
0.003789
0.003821
0.003853
0.003885
0.003917
0.003949
0.003982
0.004014
0.004047
0.004079
0.004112
0.004145
0.004178
0.004211
0.004244
0.004277
0.004310
0.004344
0.004377
0.004410
0.004444
0.004478
0.004511
0.004545
0.004579
0.004613
0.004647
0.004681
0.004716
0.004750
0.004784
0.004819
0.004853
0.004888
0.004923
0.004957
0.004992
0.005027
0.005062
0.005097
0.005132
0.005167
0.005202
0.005238
0.005273
0.005308
0.005344
0.005379
0.005415
0.005451
0.005486
0.005522
0.005558
0.005594
0.005630
0.005666
0.005702
0.005738
0.005774
0.005810
0.005847
0.005883
0.005919
0.005956
0.005992
0.006029
0.006065
0.006102
0.006139
0.006175
0.006212
0.006249
0.006286
0.006323
0.006360
0.006397
0.006434
0.006471
0.006508
0.006545
0.006582
0.006620
0.006657
0.006694
0.006731
0.006769
0.006806
0.006844
0.006881
0.006919
0.006956
0.006994
0.007031
0.007069
0.007106
0.007144
0.007182
0.007219
0.007257
0.007295
0.007333
0.007371
0.007408
0.007446
0.007484
0.007522
0.007560
0.007598
0.007636
0.007674
0.007712
0.007750
0.007788
0.007826
0.007864
0.007902
0.007940
0.007978
0.008016
0.008054
0.008092
0.008130
0.008169
0.008207
0.008245
0.008283
0.008321
0.008359
0.008397
0.008436
0.008474
0.008512
0.008550
0.008588
0.008626
0.008665
0.008703
0.008741
0.008779
0.008817
0.008855
0.008893
0.008932
0.008970
0.009008
0.009046
0.009084
0.009122
0.009160
0.009198
0.009236
0.009275
0.009313
0.009351
0.009389
0.009427
0.009465
0.009503
0.009541
0.009579
0.009616
0.009654
0.009692
0.009730
0.009768
0.009806
0.009844
0.009882
0.009919
0.009957
0.009995
0.010032
0.010070
0.010108
0.010145
0.010183
0.010221
0.010258
0.010296
0.010333
0.010371
0.010408
0.010446
0.010483
0.010520
0.010558
0.010595
0.010632
0.010670
0.010707
0.010744
0.010781
0.010818
0.010855
0.010892
0.010929
0.010966
0.011003
0.011040
0.011077
0.011114
0.011151
0.011187
0.011224
0.011261
0.011297
0.011334
0.011370
0.011407
0.011443
0.011480
0.011516
0.011552
0.011589
0.011625
0.011661
0.011697
0.011733
0.011770
0.011806
0.011841
0.011877
0.011913
0.011949
0.011985
0.012021
0.012056
0.012092
0.012127
0.012163
0.012198
0.012234
0.012269
0.012305
0.012340
0.012375
0.012410
0.012445
0.012480
0.012515
0.012550
0.012585
0.012620
0.012655
0.012690
0.012724
0.012759
0.012793
0.012828
0.012862
0.012897
0.012931
0.012965
0.013000
0.013034
0.013068
0.013102
0.013136
0.013170
0.013204
0.013237
0.013271
0.013305
0.013338
0.013372
0.013405
0.013439
0.013472
0.013505
0.013539
0.013572
0.013605
0.013638
0.013671
0.013704
0.013737
0.013769
0.013802
0.013835
0.013867
0.013900
0.013932
0.013965
0.013997
0.014029
0.014061
0.014094
0.014126
0.014158
0.014190
0.014221
0.014253
0.014285
0.014316
0.014348
0.014380
0.014411
0.014442
0.014474
0.014505
0.014536
0.014567
0.014598
0.014629
0.014660
0.014691
0.014721
0.014752
0.014783
0.014813
0.014844
0.014874
0.014904
0.014934
0.014965
0.014995
0.015025
0.015055
0.015084
0.015114
0.015144
0.015174
0.015203
0.015233
0.015262
0.015291
0.015321
0.015350
0.015379
0.015408
0.015437
0.015466
0.015495
0.015523
0.015552
0.015581
0.015609
0.015637
0.015666
0.015694
0.015722
0.015750
0.015779
0.015807
0.015834
0.015862
0.015890
0.015918
0.015945
0.015973
0.016000
0.016028
0.016055
0.016082
0.016109
0.016136
0.016163
0.016190
0.016217
0.016244
0.016270
0.016297
0.016323
0.016350
0.016376
0.016403
0.016429
0.016455
0.016481
0.016507
0.016533
0.016559
0.016584
0.016610
0.016635
0.016661
0.016686
0.016712
0.016737
0.016762
0.016787
0.016812
0.016837
0.016862
0.016887
0.016912
0.016936
0.016961
0.016985
0.017010
0.017034
0.017058
0.017082
0.017106
0.017130
0.017154
0.017178
0.017202
0.017225
0.017249
0.017273
0.017296
0.017319
0.017343
0.017366
0.017389
0.017412
0.017435
0.017458
0.017481
0.017503
0.017526
0.017548
0.017571
0.017593
0.017616
0.017638
0.017660
0.017682
0.017704
0.017726
0.017748
0.017770
0.017791
0.017813
0.017834
0.017856
0.017877
0.017898
0.017920
0.017941
0.017962
0.017983
0.018004
0.018024
0.018045
0.018066
0.018086
0.018107
0.018127
0.018148
0.018168
0.018188
0.018208
0.018228
0.018248
0.018268
0.018288
0.018307
0.018327
0.018346
0.018366
0.018385
0.018405
0.018424
0.018443
0.018462
0.018481
0.018500
0.018519
0.018537
0.018556
0.018574
0.018593
0.018611
0.018630
0.018648
0.018666
0.018684
0.018702
0.018720
0.018738
0.018756
0.018773
0.018791
0.018809
0.018826
0.018843
0.018861
0.018878
0.018895
0.018912
0.018929
0.018946
0.018963
0.018980
0.018996
0.019013
0.019029
0.019046
0.019062
0.019078
0.019095
0.019111
0.019127
0.019143
0.019159
0.019174
0.019190
0.019206
0.019221
0.019237
0.019252
0.019268
0.019283
0.019298
0.019313
0.019328
0.019343
0.019358
0.019373
0.019387
0.019402
0.019417
0.019431
0.019445
0.019460
0.019474
0.019488
0.019502
0.019516
0.019530
0.019544
0.019558
0.019571
0.019585
0.019599
0.019612
0.019625
0.019639
0.019652
0.019665
0.019678
0.019691
0.019704
0.019717
0.019730
0.019742
0.019755
0.019767
0.019780
0.019792
0.019805
0.019817
0.019829
0.019841
0.019853
0.019865
0.019877
0.019888
0.019900
0.019912
0.019923
0.019935
0.019946
0.019957
0.019968
0.019980
0.019991
0.020002
0.020012
0.020023
0.020034
0.020045
0.020055
0.020066
0.020076
0.020087
0.020097
0.020107
0.020117
0.020127
0.020137
0.020147
0.020157
0.020167
0.020176
0.020186
0.020196
0.020205
0.020214
0.020224
0.020233
0.020242
0.020251
0.020260
0.020269
0.020278
0.020286
0.020295
0.020304
0.020312
0.020321
0.020329
0.020337
0.020346
0.020354
0.020362
0.020370
0.020378
0.020386
0.020393
0.020401
0.020409
0.020416
0.020424
0.020431
0.020438
0.020446
0.020453
0.020460
0.020467
0.020474
0.020481
0.020487
0.020494
0.020501
0.020507
0.020514
0.020520
0.020526
0.020533
0.020539
0.020545
0.020551
0.020557
0.020563
0.020568
0.020574
0.020580
0.020585
0.020591
0.020596
0.020602
0.020607
0.020612
0.020617
0.020622
0.020627
0.020632
0.020637
0.020642
0.020646
0.020651
0.020655
0.020660
0.020664
0.020668
0.020673
0.020677
0.020681
0.020685
0.020689
0.020692
0.020696
0.020700
0.020703
0.020707
0.020710
0.020714
0.020717
0.020720
0.020723
0.020727
0.020730
0.020732
0.020735
0.020738
0.020741
0.020743
0.020746
0.020748
0.020751
0.020753
0.020755
0.020758
0.020760
0.020762
0.020764
0.020765
0.020767
0.020769
0.020771
0.020772
0.020774
0.020775
0.020776
0.020778
0.020779
0.020780
0.020781
0.020782
0.020783
0.020784
0.020784
0.020785
0.020786
0.020786
0.020787
0.020787
0.020787
0.020787
0.020788
0.020788
0.020788
0.020788
0.020787
0.020787
0.020787
0.020786
0.020786
0.020785
0.020785
0.020784
0.020783
0.020783
0.020782
0.020781
0.020780
0.020779
0.020777
0.020776
0.020775
0.020773
0.020772
0.020770
0.020768
0.020767
0.020765
0.020763
0.020761
0.020759
0.020757
0.020755
0.020752
0.020750
0.020748
0.020745
0.020743
0.020740
0.020737
0.020735
0.020732
0.020729
0.020726
0.020723
0.020720
0.020716
0.020713
0.020710
0.020706
0.020703
0.020699
0.020695
0.020692
0.020688
0.020684
0.020680
0.020676
0.020672
0.020667
0.020663
0.020659
0.020654
0.020650
0.020645
0.020641
0.020636
0.020631
0.020626
0.020621
0.020616
0.020611
0.020606
0.020601
0.020595
0.020590
0.020585
0.020579
0.020573
0.020568
0.020562
0.020556
0.020550
0.020544
0.020538
0.020532
0.020526
0.020519
0.020513
0.020507
0.020500
0.020494
0.020487
0.020480
0.020473
0.020466
0.020459
0.020452
0.020445
0.020438
0.020431
0.020424
0.020416
0.020409
0.020401
0.020393
0.020386
0.020378
0.020370
0.020362
0.020354
0.020346
0.020338
0.020330
0.020322
0.020313
0.020305
0.020296
0.020288
0.020279
0.020270
0.020261
0.020253
0.020244
0.020235
0.020225
0.020216
0.020207
0.020198
0.020188
0.020179
0.020169
0.020160
0.020150
0.020140
0.020130
0.020120
0.020110
0.020100
0.020090
0.020080
0.020070
0.020059
0.020049
0.020038
0.020028
0.020017
0.020007
0.019996
0.019985
0.019974
0.019963
0.019952
0.019941
0.019930
0.019918
0.019907
0.019895
0.019884
0.019872
0.019861
0.019849
0.019837
0.019825
0.019813
0.019801
0.019789
0.019777
0.019765
0.019752
0.019740
0.019728
0.019715
0.019703
0.019690
0.019677
0.019664
0.019651
0.019638
0.019625
0.019612
0.019599
0.019586
0.019573
0.019559
0.019546
0.019532
0.019519
0.019505
0.019491
0.019477
0.019464
0.019450
0.019436
0.019421
0.019407
0.019393
0.019379
0.019364
0.019350
0.019335
0.019321
0.019306
0.019291
0.019277
0.019262
0.019247
0.019232
0.019217
0.019202
0.019186
0.019171
0.019156
0.019140
0.019125
0.019109
0.019094
0.019078
0.019062
0.019046
0.019030
0.019015
0.018998
0.018982
0.018966
0.018950
0.018934
0.018917
0.018901
0.018884
0.018868
0.018851
0.018834
0.018817
0.018801
0.018784
0.018767
0.018750
0.018732
0.018715
0.018698
0.018681
0.018663
0.018646
0.018628
0.018611
0.018593
0.018575
0.018557
0.018540
0.018522
0.018504
0.018486
0.018467
0.018449
0.018431
0.018413
0.018394
0.018376
0.018357
0.018339
0.018320
0.018301
0.018283
0.018264
0.018245
0.018226
0.018207
0.018188
0.018168
0.018149
0.018130
0.018111
0.018091
0.018072
0.018052
0.018032
0.018013
0.017993
0.017973
0.017953
0.017933
0.017913
0.017893
0.017873
0.017853
0.017833
0.017812
0.017792
0.017772
0.017751
0.017731
0.017710
0.017689
0.017668
0.017648
0.017627
0.017606
0.017585
0.017564
0.017543
0.017521
0.017500
0.017479
0.017458
0.017436
0.017415
0.017393
0.017372
0.017350
0.017328
0.017306
0.017285
0.017263
0.017241
0.017219
0.017197
0.017175
0.017152
0.017130
0.017108
0.017085
0.017063
0.017041
0.017018
0.016995
0.016973
0.016950
0.016927
0.016905
0.016882
0.016859
0.016836
0.016813
0.016790
0.016766
0.016743
0.016720
0.016697
0.016673
0.016650
0.016626
0.016603
0.016579
0.016556
0.016532
0.016508
0.016484
0.016461
0.016437
0.016413
0.016389
0.016365
0.016340
0.016316
0.016292
0.016268
0.016243
0.016219
0.016195
0.016170
0.016146
0.016121
0.016096
0.016072
0.016047
0.016022
0.015997
0.015972
0.015947
0.015922
0.015897
0.015872
0.015847
0.015822
0.015797
0.015771
0.015746
0.015721
0.015695
0.015670
0.015644
0.015618
0.015593
0.015567
0.015541
0.015516
0.015490
0.015464
0.015438
0.015412
0.015386
0.015360
0.015334
0.015308
0.015282
0.015255
0.015229
0.015203
0.015176
0.015150
0.015124
0.015097
0.015070
0.015044
0.015017
0.014991
0.014964
0.014937
0.014910
0.014883
0.014857
0.014830
0.014803
0.014776
0.014749
0.014721
0.014694
0.014667
0.014640
0.014613
0.014585
0.014558
0.014531
0.014503
0.014476
0.014448
0.014421
0.014393
0.014366
0.014338
0.014310
0.014282
0.014255
0.014227
0.014199
0.014171
0.014143
0.014115
0.014087
0.014059
0.014031
0.014003
0.013975
0.013947
0.013919
0.013890
0.013862
0.013834
0.013806
0.013777
0.013749
0.013720
0.013692
0.013663
0.013635
0.013606
0.013578
0.013549
0.013520
0.013492
0.013463
0.013434
0.013405
0.013376
0.013348
0.013319
0.013290
0.013261
0.013232
0.013203
0.013174
0.013145
0.013116
0.013087
0.013057
0.013028
0.012999
0.012970
0.012941
0.012911
0.012882
0.012853
0.012823
0.012794
0.012764
0.012735
0.012705
0.012676
0.012646
0.012617
0.012587
0.012558
0.012528
0.012498
0.012469
0.012439
0.012409
0.012380
0.012350
0.012320
0.012290
0.012260
0.012231
0.012201
0.012171
0.012141
0.012111
0.012081
0.012051
0.012021
0.011991
0.011961
0.011931
0.011901
0.011871
0.011841
0.011811
0.011780
0.011750
0.011720
0.011690
0.011660
0.011629
0.011599
0.011569
0.011539
0.011508
0.011478
0.011448
0.011417
0.011387
0.011357
0.011326
0.011296
0.011265
0.011235
0.011204
0.011174
0.011144
0.011113
0.011083
0.011052
0.011021
0.010991
0.010960
0.010930
0.010899
0.010869
0.010838
0.010807
0.010777
0.010746
0.010716
0.010685
0.010654
0.010624
0.010593
0.010562
0.010532
0.010501
0.010470
0.010440
0.010409
0.010378
0.010347
0.010317
0.010286
0.010255
0.010224
0.010194
0.010163
0.010132
0.010101
0.010071
0.010040
0.010009
0.009978
0.009947
0.009917
0.009886
0.009855
0.009824
0.009794
0.009763
0.009732
0.009701
0.009670
0.009639
0.009609
0.009578
0.009547
0.009516
0.009485
0.009455
0.009424
0.009393
0.009362
0.009331
0.009301
0.009270
0.009239
0.009208
0.009177
0.009147
0.009116
0.009085
0.009054
0.009024
0.008993
0.008962
0.008931
0.008901
0.008870
0.008839
0.008808
0.008778
0.008747
0.008716
0.008686
0.008655
0.008624
0.008594
0.008563
0.008532
0.008502
0.008471
0.008440
0.008410
0.008379
0.008348
0.008318
0.008287
0.008257
0.008226
0.008196
0.008165
0.008135
0.008104
0.008074
0.008043
0.008013
0.007982
0.007952
0.007921
0.007891
0.007860
0.007830
0.007800
0.007769
0.007739
0.007709
0.007678
0.007648
0.007618
0.007587
0.007557
0.007527
0.007497
0.007467
0.007436
0.007406
0.007376
0.007346
0.007316
0.007286
0.007256
0.007226
0.007196
0.007166
0.007136
0.007106
0.007076
0.007046
0.007016
0.006986
0.006956
0.006926
0.006897
0.006867
0.006837
0.006807
0.006778
0.006748
0.006718
0.006689
0.006659
0.006629
0.006600
0.006570
0.006541
0.006511
0.006482
0.006452
0.006423
0.006393
0.006364
0.006335
0.006305
0.006276
0.006247
0.006218
0.006189
0.006159
0.006130
0.006101
0.006072
0.006043
0.006014
0.005985
0.005956
0.005927
0.005898
0.005869
0.005841
0.005812
0.005783
0.005754
0.005726
0.005697
0.005668
0.005640
0.005611
0.005583
0.005554
0.005526
0.005497
0.005469
0.005441
0.005412
0.005384
0.005356
0.005328
0.005299
0.005271
0.005243
0.005215
0.005187
0.005159
0.005131
0.005103
0.005076
0.005048
0.005020
0.004992
0.004965
0.004937
0.004909
0.004882
0.004854
0.004827
0.004799
0.004772
0.004745
0.004717
0.004690
0.004663
0.004635
0.004608
0.004581
0.004554
0.004527
0.004500
0.004473
0.004446
0.004420
0.004393
0.004366
0.004339
0.004313
0.004286
0.004260
0.004233
0.004207
0.004180
0.004154
0.004128
0.004101
0.004075
0.004049
0.004023
0.003997
0.003971
0.003945
0.003919
0.003893
0.003867
0.003842
0.003816
0.003790
0.003765
0.003739
0.003714
0.003688
0.003663
0.003637
0.003612
0.003587
0.003562
0.003537
0.003512
0.003487
0.003462
0.003437
0.003412
0.003387
0.003362
0.003338
0.003313
0.003289
0.003264
0.003240
0.003215
0.003191
0.003167
0.003143
0.003119
0.003094
0.003070
0.003047
0.003023
0.002999
0.002975
0.002951
0.002928
0.002904
0.002881
0.002857
0.002834
0.002811
0.002787
0.002764
0.002741
0.002718
0.002695
0.002672
0.002649
0.002626
0.002604
0.002581
0.002558
0.002536
0.002513
0.002491
0.002469
0.002446
0.002424
0.002402
0.002380
0.002358
0.002336
0.002314
0.002293
0.002271
0.002249
0.002228
0.002206
0.002185
0.002163
0.002142
0.002121
0.002100
0.002079
0.002058
0.002037
0.002016
0.001995
0.001975
0.001954
0.001934
0.001913
0.001893
0.001872
0.001852
0.001832
0.001812
0.001792
0.001772
0.001752
0.001733
0.001713
0.001693
0.001674
0.001654
0.001635
0.001616
0.001597
0.001578
0.001559
0.001540
0.001521
0.001502
0.001483
0.001465
0.001446
0.001428
0.001409
0.001391
0.001373
0.001355
0.001337
0.001319
0.001301
0.001283
0.001266
0.001248
0.001231
0.001213
0.001196
0.001179
0.001161
0.001144
0.001127
0.001111
0.001094
0.001077
0.001060
0.001044
0.001028
0.001014
0.001000
0.000986
0.000972
0.000958
0.000944
0.000929
0.000914
0.000900
0.000888
0.000876
0.000863
0.000850
0.000837
0.000824
0.000810
0.000800
0.000788
0.000777
0.000765
0.000753
0.000740
0.000730
0.000720
0.000709
0.000698
0.000686
0.000677
0.000667
0.000657
0.000647
0.000636
0.000627
0.000618
0.000608
0.000598
0.000591
0.000582
0.000573
0.000563
0.000556
0.000548
0.000540
0.000531
0.000524
0.000516
0.000508
0.000499
0.000493
0.000485
0.000477
0.000469
0.000463
0.000456
0.000448
0.000442
0.000436
0.000429
0.000421
0.000416
0.000409
0.000402
0.000398
0.000392
0.000385
0.000378
0.000373
0.000367
0.000361
0.000356
0.000351
0.000345
0.000338
0.000334
0.000328
0.000322
0.000318
0.000314
0.000308
0.000305
0.000300
0.000295
0.000289
0.000285
0.000281
0.000275
0.000272
0.000268
0.000263
0.000258
0.000255
0.000250
0.000245
0.000243
0.000239
0.000235
0.000230
0.000227
0.000223
0.000219
0.000217
0.000214
0.000210
0.000206
0.000204
0.000200
0.000197
0.000192
0.000190
0.000187
0.000184
0.000180
0.000178
0.000175
0.000172
0.000168
0.000167
0.000165
0.000162
0.000158
0.000157
0.000155
0.000153
0.000150
0.000146
0.000145
0.000144
0.000141
0.000139
0.000135
0.000135
0.000133
0.000131
0.000129
0.000126
0.000123
0.000123
0.000122
0.000120
0.000119
0.000116
0.000114
0.000111
0.000111
0.000111
0.000110
0.000108
0.000107
0.000105
0.000103
0.000101
0.000099
0.000097
0.000095
0.000093
0.000090
0.000088
0.000086
0.000084
0.000082
0.000081
0.000079
0.000078
0.000076
0.000075
0.000074
0.000073
0.000072
0.000072
0.000071
0.000071
0.000071
0.000071
0.000072
0.000072
0.000073
0.000074
0.000075
0.000077
0.000078
0.000080
0.000082
0.000084
0.000086
0.000089
0.000092
0.000095
0.000098
0.000101
0.000105
0.000108
0.000112
0.000116
0.000121
0.000125
0.000130
0.000135
0.000140
0.000145
0.000151
0.000156
0.000162
0.000168
0.000175
0.000181
0.000188
0.000195
0.000202
0.000209
0.000216
0.000224
0.000231
0.000239
0.000248
0.000256
0.000264
0.000273
0.000282
0.000291
0.000300
0.000309
0.000319
0.000329
0.000339
0.000349
0.000359
0.000370
0.000380
0.000391
0.000402
0.000413
0.000425
0.000436
0.000448
0.000460
0.000472
0.000484
0.000496
0.000509
0.000521
0.000534
0.000547
0.000560
0.000574
0.000587
0.000601
0.000615
0.000629
0.000643
0.000658
0.000672
0.000687
0.000702
0.000717
0.000732
0.000747
0.000763
0.000779
0.000794
0.000810
0.000827
0.000843
0.000859
0.000876
0.000893
0.000910
0.000927
0.000944
0.000961
0.000979
0.000997
0.001015
0.001033
0.001051
0.001069
0.001088
0.001106
0.001125
0.001144
0.001163
0.001183
0.001202
0.001222
0.001241
0.001261
0.001281
0.001301
0.001322
0.001342
0.001363
0.001384
0.001404
0.001425
0.001447
0.001468
0.001489
0.001511
0.001533
0.001555
0.001577
0.001599
0.001621
0.001644
0.001666
0.001689
0.001712
0.001735
0.001758
0.001782
0.001805
0.001829
0.001852
0.001876
0.001900
0.001924
0.001949
0.001973
0.001998
0.002022
0.002047
0.002072
0.002097
0.002122
0.002148
0.002173
0.002199
0.002224
0.002250
0.002276
0.002302
0.002329
0.002355
0.002381
0.002408
0.002435
0.002462
0.002488
0.002516
0.002543
0.002570
0.002598
0.002625
0.002653
0.002681
0.002709
0.002737
0.002765
0.002793
0.002822
0.002850
0.002879
0.002908
0.002936
0.002965
0.002995
0.003024
0.003053
0.003082
0.003112
0.003142
0.003171
0.003201
0.003231
0.003261
0.003292
0.003322
0.003352
0.003383
0.003413
0.003444
0.003475
0.003506
0.003537
0.003568
0.003599
0.003631
0.003662
0.003693
0.003725
0.003757
0.003789
0.003821
0.003853
0.003885
0.003917
0.003949
0.003981
0.004014
0.004046
0.004079
0.004112
0.004145
0.004178
0.004211
0.004244
0.004277
0.004310
0.004343
0.004377
0.004410
0.004444
0.004478
0.004511
0.004545
0.004579
0.004613
0.004647
0.004681
0.004716
0.004750
0.004784
0.004819
0.004853
0.004888
0.004922
0.004957
0.004992
0.005027
0.005062
0.005097
0.005132
0.005167
0.005202
0.005238
0.005273
0.005308
0.005344
0.005379
0.005415
0.005451
0.005486
0.005522
0.005558
0.005594
0.005630
0.005666
0.005702
0.005738
0.005774
0.005810
0.005847
0.005883
0.005919
0.005956
0.005992
0.006029
0.006065
0.006102
0.006139
0.006175
0.006212
0.006249
0.006286
0.006323
0.006360
0.006397
0.006434
0.006471
0.006508
0.006545
0.006582
0.006619
0.006657
0.006694
0.006731
0.006769
0.006806
0.006844
0.006881
0.006918
0.006956
0.006994
0.007031
0.007069
0.007106
0.007144
0.007182
0.007219
0.007257
0.007295
0.007333
0.007371
0.007408
0.007446
0.007484
0.007522
0.007560
0.007598
0.007636
0.007674
0.007712
0.007750
0.007788
0.007826
0.007864
0.007902
0.007940
0.007978
0.008016
0.008054
0.008092
0.008130
0.008169
0.008207
0.008245
0.008283
0.008321
0.008359
0.008397
0.008436
0.008474
0.008512
0.008550
0.008588
0.008626
0.008665
0.008703
0.008741
0.008779
0.008817
0.008855
0.008893
0.008932
0.008970
0.009008
0.009046
0.009084
0.009122
0.009160
0.009198
0.009236
0.009274
0.009313
0.009351
0.009389
0.009427
0.009465
0.009503
0.009541
0.009578
0.009616
0.009654
0.009692
0.009730
0.009768
0.009806
0.009844
0.009881
0.009919
0.009957
0.009995
0.010032
0.010070
0.010108
0.010145
0.010183
0.010221
0.010258
0.010296
0.010333
0.010371
0.010408
0.010446
0.010483
0.010520
0.010558
0.010595
0.010632
0.010670
0.010707
0.010744
0.010781
0.010818
0.010855
0.010892
0.010929
0.010966
0.011003
0.011040
0.011077
0.011114
0.011151
0.011187
0.011224
0.011261
0.011297
0.011334
0.011370
0.011407
0.011443
0.011480
0.011516
0.011552
0.011589
0.011625
0.011661
0.011697
0.011733
0.011769
0.011805
0.011841
0.011877
0.011913
0.011949
0.011985
0.012021
0.012056
0.012092
0.012127
0.012163
0.012198
0.012234
0.012269
0.012305
0.012340
0.012375
0.012410
0.012445
0.012480
0.012515
0.012550
0.012585
0.012620
0.012655
0.012690
0.012724
0.012759
0.012793
0.012828
0.012862
0.012897
0.012931
0.012965
0.012999
0.013034
0.013068
0.013102
0.013136
0.013170
0.013203
0.013237
0.013271
0.013305
0.013338
0.013372
0.013405
0.013439
0.013472
0.013505
0.013539
0.013572
0.013605
0.013638
0.013671
0.013704
0.013737
0.013769
0.013802
0.013835
0.013867
0.013900
0.013932
0.013965
0.013997
0.014029
0.014061
0.014094
0.014126
0.014158
0.014189
0.014221
0.014253
0.014285
0.014316
0.014348
0.014379
0.014411
0.014442
0.014474
0.014505
0.014536
0.014567
0.014598
0.014629
0.014660
0.014691
0.014721
0.014752
0.014783
0.014813
0.014843
0.014874
0.014904
0.014934
0.014965
0.014995
0.015025
0.015055
0.015084
0.015114
0.015144
0.015173
0.015203
0.015233
0.015262
0.015291
0.015321
0.015350
0.015379
0.015408
0.015437
0.015466
0.015495
0.015523
0.015552
0.015581
0.015609
0.015637
0.015666
0.015694
0.015722
0.015750
0.015778
0.015806
0.015834
0.015862
0.015890
0.015918
0.015945
0.015973
0.016000
0.016028
0.016055
0.016082
0.016109
0.016136
0.016163
0.016190
0.016217
0.016244
0.016270
0.016297
0.016323
0.016350
0.016376
0.016402
0.016429
0.016455
0.016481
0.016507
0.016533
0.016558
0.016584
0.016610
0.016635
0.016661
0.016686
0.016712
0.016737
0.016762
0.016787
0.016812
0.016837
0.016862
0.016887
0.016911
0.016936
0.016961
0.016985
0.017010
0.017034
0.017058
0.017082
0.017106
0.017130
0.017154
0.017178
0.017202
0.017225
0.017249
0.017273
0.017296
0.017319
0.017343
0.017366
0.017389
0.017412
0.017435
0.017458
0.017481
0.017503
0.017526
0.017548
0.017571
0.017593
0.017616
0.017638
0.017660
0.017682
0.017704
0.017726
0.017748
0.017770
0.017791
0.017813
0.017834
0.017856
0.017877
0.017898
0.017920
0.017941
0.017962
0.017983
0.018004
0.018024
0.018045
0.018066
0.018086
0.018107
0.018127
0.018148
0.018168
0.018188
0.018208
0.018228
0.018248
0.018268
0.018288
0.018307
0.018327
0.018346
0.018366
0.018385
0.018404
0.018424
0.018443
0.018462
0.018481
0.018500
0.018519
0.018537
0.018556
0.018574
0.018593
0.018611
0.018630
0.018648
0.018666
0.018684
0.018702
0.018720
0.018738
0.018756
0.018773
0.018791
0.018809
0.018826
0.018843
0.018861
0.018878
0.018895
0.018912
0.018929
0.018946
0.018963
0.018980
0.018996
0.019013
0.019029
0.019046
0.019062
0.019078
0.019095
0.019111
0.019127
0.019143
0.019159
0.019174
0.019190
0.019206
0.019221
0.019237
0.019252
0.019268
0.019283
0.019298
0.019313
0.019328
0.019343
0.019358
0.019373
0.019387
0.019402
0.019417
0.019431
0.019445
0.019460
0.019474
0.019488
0.019502
0.019516
0.019530
0.019544
0.019558
0.019571
0.019585
0.019599
0.019612
0.019625
0.019639
0.019652
0.019665
0.019678
0.019691
0.019704
0.019717
0.019730
0.019742
0.019755
0.019767
0.019780
0.019792
0.019804
0.019817
0.019829
0.019841
0.019853
0.019865
0.019877
0.019888
0.019900
0.019912
0.019923
0.019935
0.019946
0.019957
0.019968
0.019980
0.019991
0.020002
0.020012
0.020023
0.020034
0.020045
0.020055
0.020066
0.020076
0.020087
0.020097
0.020107
0.020117
0.020127
0.020137
0.020147
0.020157
0.020167
0.020176
0.020186
0.020196
0.020205
0.020214
0.020224
0.020233
0.020242
0.020251
0.020260
0.020269
0.020278
0.020286
0.020295
0.020304
0.020312
0.020321
0.020329
0.020337
0.020346
0.020354
0.020362
0.020370
0.020378
0.020386
0.020393
0.020401
0.020409
0.020416
0.020424
0.020431
0.020438
0.020446
0.020453
0.020460
0.020467
0.020474
0.020481
0.020487
0.020494
0.020501
0.020507
0.020514
0.020520
0.020526
0.020533
0.020539
0.020545
0.020551
0.020557
0.020563
0.020568
0.020574
0.020580
0.020585
0.020591
0.020596
0.020602
0.020607
0.020612
0.020617
0.020622
0.020627
0.020632
0.020637
0.020642
0.020646
0.020651
0.020655
0.020660
0.020664
0.020668
0.020673
0.020677
0.020681
0.020685
0.020689
0.020692
0.020696
0.020700
0.020703
0.020707
0.020710
0.020714
0.020717
0.020720
0.020723
0.020727
0.020730
0.020732
0.020735
0.020738
0.020741
0.020743
0.020746
0.020748
0.020751
0.020753
0.020755
0.020758
0.020760
0.020762
0.020764
0.020765
0.020767
0.020769
0.020771
0.020772
0.020774
0.020775
0.020776
0.020778
0.020779
0.020780
0.020781
0.020782
0.020783
0.020784
0.020784
0.020785
0.020786
0.020786
0.020787
0.020787
0.020787
0.020787
0.020788
0.020788
0.020788
0.020788
0.020787
0.020787
0.020787
0.020786
0.020786
0.020785
0.020785
0.020784
0.020783
0.020783
0.020782
0.020781
0.020780
0.020779
0.020777
0.020776
0.020775
0.020773
0.020772
0.020770
0.020768
0.020767
0.020765
0.020763
0.020761
0.020759
0.020757
0.020755
0.020752
0.020750
0.020748
0.020745
0.020743
0.020740
0.020737
0.020735
0.020732
0.020729
0.020726
0.020723
0.020720
0.020716
0.020713
0.020710
0.020706
0.020703
0.020699
0.020695
0.020692
0.020688
0.020684
0.020680
0.020676
0.020672
0.020667
0.020663
0.020659
0.020654
0.020650
0.020645
0.020641
0.020636
0.020631
0.020626
0.020621
0.020616
0.020611
0.020606
0.020601
0.020595
0.020590
0.020585
0.020579
0.020573
0.020568
0.020562
0.020556
0.020550
0.020544
0.020538
0.020532
0.020526
0.020519
0.020513
0.020507
0.020500
0.020494
0.020487
0.020480
0.020473
0.020466
0.020459
0.020452
0.020445
0.020438
0.020431
0.020424
0.020416
0.020409
0.020401
0.020393
0.020386
0.020378
0.020370
0.020362
0.020354
0.020346
0.020338
0.020330
0.020322
0.020313
0.020305
0.020296
0.020288
0.020279
0.020270
0.020261
0.020253
0.020244
0.020235
0.020225
0.020216
0.020207
0.020198
0.020188
0.020179
0.020169
0.020160
0.020150
0.020140
0.020130
0.020120
0.020110
0.020100
0.020090
0.020080
0.020070
0.020059
0.020049
0.020039
0.020028
0.020017
0.020007
0.019996
0.019985
0.019974
0.019963
0.019952
0.019941
0.019930
0.019918
0.019907
0.019895
0.019884
0.019872
0.019861
0.019849
0.019837
0.019825
0.019813
0.019801
0.019789
0.019777
0.019765
0.019752
0.019740
0.019728
0.019715
0.019703
0.019690
0.019677
0.019664
0.019651
0.019638
0.019625
0.019612
0.019599
0.019586
0.019573
0.019559
0.019546
0.019532
0.019519
0.019505
0.019491
0.019477
0.019464
0.019450
0.019436
0.019422
0.019407
0.019393
0.019379
0.019364
0.019350
0.019335
0.019321
0.019306
0.019292
0.019277
0.019262
0.019247
0.019232
0.019217
0.019202
0.019186
0.019171
0.019156
0.019140
0.019125
0.019109
0.019094
0.019078
0.019062
0.019046
0.019031
0.019015
0.018999
0.018982
0.018966
0.018950
0.018934
0.018917
0.018901
0.018884
0.018868
0.018851
0.018834
0.018818
0.018801
0.018784
0.018767
0.018750
0.018733
0.018715
0.018698
0.018681
0.018663
0.018646
0.018628
0.018611
0.018593
0.018575
0.018558
0.018540
0.018522
0.018504
0.018486
0.018467
0.018449
0.018431
0.018413
0.018394
0.018376
0.018357
0.018339
0.018320
0.018301
0.018283
0.018264
0.018245
0.018226
0.018207
0.018188
0.018168
0.018149
0.018130
0.018111
0.018091
0.018072
0.018052
0.018032
0.018013
0.017993
0.017973
0.017953
0.017933
0.017913
0.017893
0.017873
0.017853
0.017833
0.017812
0.017792
0.017772
0.017751
0.017731
0.017710
0.017689
0.017668
0.017648
0.017627
0.017606
0.017585
0.017564
0.017543
0.017522
0.017500
0.017479
0.017458
0.017436
0.017415
0.017393
0.017372
0.017350
0.017328
0.017306
0.017285
0.017263
0.017241
0.017219
0.017197
0.017175
0.017152
0.017130
0.017108
0.017086
0.017063
0.017041
0.017018
0.016996
0.016973
0.016950
0.016927
0.016905
0.016882
0.016859
0.016836
0.016813
0.016790
0.016767
0.016743
0.016720
0.016697
0.016673
0.016650
0.016626
0.016603
0.016579
0.016556
0.016532
0.016508
0.016484
0.016461
0.016437
0.016413
0.016389
0.016365
0.016340
0.016316
0.016292
0.016268
0.016243
0.016219
0.016195
0.016170
0.016146
0.016121
0.016096
0.016072
0.016047
0.016022
0.015997
0.015972
0.015947
0.015922
0.015897
0.015872
0.015847
0.015822
0.015797
0.015771
0.015746
0.015721
0.015695
0.015670
0.015644
0.015619
0.015593
0.015567
0.015541
0.015516
0.015490
0.015464
0.015438
0.015412
0.015386
0.015360
0.015334
0.015308
0.015282
0.015255
0.015229
0.015203
0.015176
0.015150
0.015124
0.015097
0.015071
0.015044
0.015017
0.014991
0.014964
0.014937
0.014910
0.014883
0.014857
0.014830
0.014803
0.014776
0.014749
0.014722
0.014694
0.014667
0.014640
0.014613
0.014585
0.014558
0.014531
0.014503
0.014476
0.014448
0.014421
0.014393
0.014366
0.014338
0.014310
0.014283
0.014255
0.014227
0.014199
0.014171
0.014143
0.014115
0.014087
0.014059
0.014031
0.014003
0.013975
0.013947
0.013919
0.013890
0.013862
0.013834
0.013806
0.013777
0.013749
0.013720
0.013692
0.013663
0.013635
0.013606
0.013578
0.013549
0.013520
0.013492
0.013463
0.013434
0.013405
0.013377
0.013348
0.013319
0.013290
0.013261
0.013232
0.013203
0.013174
0.013145
0.013116
0.013087
0.013057
0.013028
0.012999
0.012970
0.012941
0.012911
0.012882
0.012853
0.012823
0.012794
0.012764
0.012735
0.012706
0.012676
0.012647
0.012617
0.012587
0.012558
0.012528
0.012499
0.012469
0.012439
0.012409
0.012380
0.012350
0.012320
0.012290
0.012261
0.012231
0.012201
0.012171
0.012141
0.012111
0.012081
0.012051
0.012021
0.011991
0.011961
0.011931
0.011901
0.011871
0.011841
0.011811
0.011780
0.011750
0.011720
0.011690
0.011660
0.011629
0.011599
0.011569
0.011539
0.011508
0.011478
0.011448
0.011417
0.011387
0.011357
0.011326
0.011296
0.011265
0.011235
0.011204
0.011174
0.011144
0.011113
0.011083
0.011052
0.011022
0.010991
0.010960
0.010930
0.010899
0.010869
0.010838
0.010808
0.010777
0.010746
0.010716
0.010685
0.010654
0.010624
0.010593
0.010562
0.010532
0.010501
0.010470
0.010440
0.010409
0.010378
0.010347
0.010317
0.010286
0.010255
0.010224
0.010194
0.010163
0.010132
0.010101
0.010071
0.010040
0.010009
0.009978
0.009948
0.009917
0.009886
0.009855
0.009824
0.009794
0.009763
0.009732
0.009701
0.009670
0.009640
0.009609
0.009578
0.009547
0.009516
0.009486
0.009455
0.009424
0.009393
0.009362
0.009332
0.009301
0.009270
0.009239
0.009208
0.009178
0.009147
0.009116
0.009085
0.009054
0.009024
0.008993
0.008962
0.008931
0.008901
0.008870
0.008839
0.008808
0.008778
0.008747
0.008716
0.008686
0.008655
0.008624
0.008594
0.008563
0.008532
0.008502
0.008471
0.008440
0.008410
0.008379
0.008348
0.008318
0.008287
0.008257
0.008226
0.008196
0.008165
0.008135
0.008104
0.008074
0.008043
0.008013
0.007982
0.007952
0.007921
0.007891
0.007860
0.007830
0.007800
0.007769
0.007739
0.007709
0.007678
0.007648
0.007618
0.007587
0.007557
0.007527
0.007497
0.007467
0.007436
0.007406
0.007376
0.007346
0.007316
0.007286
0.007256
0.007226
0.007196
0.007166
0.007136
0.007106
0.007076
0.007046
0.007016
0.006986
0.006956
0.006926
0.006897
0.006867
0.006837
0.006807
0.006778
0.006748
0.006718
0.006689
0.006659
0.006629
0.006600
0.006570
0.006541
0.006511
0.006482
0.006452
0.006423
0.006394
0.006364
0.006335
0.006306
0.006276
0.006247
0.006218
0.006189
0.006159
0.006130
0.006101
0.006072
0.006043
0.006014
0.005985
0.005956
0.005927
0.005898
0.005870
0.005841
0.005812
0.005783
0.005754
0.005726
0.005697
0.005668
0.005640
0.005611
0.005583
0.005554
0.005526
0.005497
0.005469
0.005441
0.005412
0.005384
0.005356
0.005328
0.005300
0.005271
0.005243
0.005215
0.005187
0.005159
0.005131
0.005103
0.005076
0.005048
0.005020
0.004992
0.004965
0.004937
0.004909
0.004882
0.004854
0.004827
0.004799
0.004772
0.004745
0.004717
0.004690
0.004663
0.004636
0.004608
0.004581
0.004554
0.004527
0.004500
0.004473
0.004446
0.004420
0.004393
0.004366
0.004339
0.004313
0.004286
0.004260
0.004233
0.004207
0.004180
0.004154
0.004128
0.004101
0.004075
0.004049
0.004023
0.003997
0.003971
0.003945
0.003919
0.003893
0.003867
0.003842
0.003816
0.003790
0.003765
0.003739
0.003714
0.003688
0.003663
0.003637
0.003612
0.003587
0.003562
0.003537
0.003512
0.003487
0.003462
0.003437
0.003412
0.003387
0.003363
0.003338
0.003313
0.003289
0.003264
0.003240
0.003215
0.003191
0.003167
0.003143
0.003119
0.003095
0.003071
0.003047
0.003023
0.002999
0.002975
0.002951
0.002928
0.002904
0.002881
0.002857
0.002834
0.002811
0.002787
0.002764
0.002741
0.002718
0.002695
0.002672
0.002649
0.002626
0.002604
0.002581
0.002558
0.002536
0.002513
0.002491
0.002469
0.002446
0.002424
0.002402
0.002380
0.002358
0.002336
0.002314
0.002293
0.002271
0.002249
0.002228
0.002206
0.002185
0.002163
0.002142
0.002121
0.002100
0.002079
0.002058
0.002037
0.002016
0.001995
0.001975
0.001954
0.001934
0.001913
0.001893
0.001873
0.001852
0.001832
0.001812
0.001792
0.001772
0.001752
0.001733
0.001713
0.001693
0.001674
0.001654
0.001635
0.001616
0.001597
0.001578
0.001559
0.001540
0.001521
0.001502
0.001483
0.001465
0.001446
0.001428
0.001409
0.001391
0.001373
0.001355
0.001337
0.001319
0.001301
0.001283
0.001266
0.001248
0.001231
0.001213
0.001196
0.001179
0.001161
0.001144
0.001127
0.001111
0.001094
0.001077
0.001060
0.001044
0.001028
0.001014
0.001000
0.000986
0.000972
0.000958
0.000944
0.000929
0.000914
0.000900
0.000888
0.000876
0.000863
0.000850
0.000837
0.000824
0.000810
0.000800
0.000788
0.000777
0.000765
0.000753
0.000740
0.000730
0.000720
0.000709
0.000698
0.000686
0.000677
0.000667
0.000657
0.000647
0.000636
0.000627
0.000618
0.000608
0.000598
0.000591
0.000582
0.000573
0.000563
0.000556
0.000548
0.000540
0.000531
0.000524
0.000516
0.000508
0.000499
0.000493
0.000485
0.000477
0.000469
0.000463
0.000456
0.000448
0.000442
0.000436
0.000429
0.000421
0.000416
0.000409
0.000402
0.000398
0.000392
0.000385
0.000378
0.000373
0.000367
0.000361
0.000356
0.000351
0.000345
0.000338
0.000334
0.000328
0.000322
0.000318
0.000314
0.000308
0.000305
0.000300
0.000295
0.000289
0.000285
0.000281
0.000275
0.000272
0.000268
0.000263
0.000258
0.000255
0.000250
0.000246
0.000243
0.000239
0.000235
0.000230
0.000227
0.000223
0.000219
0.000217
0.000214
0.000210
0.000206
0.000204
0.000200
0.000197
0.000192
0.000190
0.000187
0.000184
0.000180
0.000178
0.000175
0.000172
0.000168
0.000167
0.000165
0.000162
0.000158
0.000157
0.000155
0.000153
0.000150
0.000146
0.000145
0.000144
0.000141
0.000139
0.000135
0.000135
0.000133
0.000131
0.000129
0.000126
0.000123
0.000123
0.000122
0.000120
0.000119
0.000116
0.000114
0.000111
0.000111
0.000111
0.000110
0.000108
0.000107
0.000105
0.000103
0.000101
0.000099
0.000097
0.000095
0.000093
0.000090
0.000088
0.000086
0.000084
0.000082
0.000081
0.000079
0.000077
0.000076
0.000075
0.000074
0.000073
0.000072
0.000072
0.000071
0.000071
0.000071
0.000071
0.000072
0.000072
0.000073
0.000074
0.000075
0.000077
0.000078
0.000080
0.000082
0.000084
0.000086
0.000089
0.000092
0.000095
0.000098
0.000101
0.000105
0.000108
0.000112
0.000116
0.000121
0.000125
0.000130
0.000135
0.000140
0.000145
0.000151
0.000156
0.000162
0.000168
0.000175
0.000181
0.000188
0.000195
0.000202
0.000209
0.000216
0.000224
0.000231
0.000239
0.000248
0.000256
0.000264
0.000273
0.000282
0.000291
0.000300
0.000309
0.000319
0.000329
0.000339
0.000349
0.000359
0.000370
0.000380
0.000391
0.000402
0.000413
0.000424
0.000436
0.000448
0.000460
0.000472
0.000484
0.000496
0.000509
0.000521
0.000534
0.000547
0.000560
0.000574
0.000587
0.000601
0.000615
0.000629
0.000643
0.000658
0.000672
0.000687
0.000702
0.000717
0.000732
0.000747
0.000763
0.000778
0.000794
0.000810
0.000826
0.000843
0.000859
0.000876
0.000893
0.000910
0.000927
0.000944
0.000961
0.000979
0.000997
0.001015
0.001033
0.001051
0.001069
0.001088
0.001106
0.001125
0.001144
0.001163
0.001183
0.001202
0.001222
0.001241
0.001261
0.001281
0.001301
0.001322
0.001342
0.001363
0.001383
0.001404
0.001425
0.001447
0.001468
0.001489
0.001511
0.001533
0.001555
0.001577
0.001599
0.001621
0.001644
0.001666
0.001689
0.001712
0.001735
0.001758
0.001782
0.001805
0.001829
0.001852
0.001876
0.001900
0.001924
0.001949
0.001973
0.001998
0.002022
0.002047
0.002072
0.002097
0.002122
0.002148
0.002173
0.002199
0.002224
0.002250
0.002276
0.002302
0.002328
0.002355
0.002381
0.002408
0.002435
0.002461
0.002488
0.002516
0.002543
0.002570
0.002598
0.002625
0.002653
0.002681
0.002709
0.002737
0.002765
0.002793
0.002822
0.002850
0.002879
0.002908
0.002936
0.002965
0.002994
0.003024
0.003053
0.003082
0.003112
0.003142
0.003171
0.003201
0.003231
0.003261
0.003292
0.003322
0.003352
0.003383
0.003413
0.003444
0.003475
0.003506
0.003537
0.003568
0.003599
0.003630
0.003662
0.003693
0.003725
0.003757
0.003789
0.003820
0.003852
0.003885
0.003917
0.003949
0.003981
0.004014
0.004046
0.004079
0.004112
0.004145
0.004178
0.004211
0.004244
0.004277
0.004310
0.004343
0.004377
0.004410
0.004444
0.004478
0.004511
0.004545
0.004579
0.004613
0.004647
0.004681
0.004716
0.004750
0.004784
0.004819
0.004853
0.004888
0.004922
0.004957
0.004992
0.005027
0.005062
0.005097
0.005132
0.005167
0.005202
0.005238
0.005273
0.005308
0.005344
0.005379
0.005415
0.005451
0.005486
0.005522
0.005558
0.005594
0.005630
0.005666
0.005702
0.005738
0.005774
0.005810
0.005847
0.005883
0.005919
0.005956
0.005992
0.006029
0.006065
0.006102
0.006139
0.006175
0.006212
0.006249
0.006286
0.006323
0.006360
0.006397
0.006434
0.006471
0.006508
0.006545
0.006582
0.006619
0.006657
0.006694
0.006731
0.006769
0.006806
0.006843
0.006881
0.006918
0.006956
0.006993
0.007031
0.007069
0.007106
0.007144
0.007182
0.007219
0.007257
0.007295
0.007333
0.007370
0.007408
0.007446
0.007484
0.007522
0.007560
0.007598
0.007636
0.007674
0.007712
0.007750
0.007788
0.007826
0.007864
0.007902
0.007940
0.007978
0.008016
0.008054
0.008092
0.008130
0.008168
0.008207
0.008245
0.008283
0.008321
0.008359
0.008397
0.008435
0.008474
0.008512
0.008550
0.008588
0.008626
0.008664
0.008703
0.008741
0.008779
0.008817
0.008855
0.008893
0.008932
0.008970
0.009008
0.009046
0.009084
0.009122
0.009160
0.009198
0.009236
0.009274
0.009312
0.009350
0.009389
0.009427
0.009465
0.009503
0.009540
0.009578
0.009616
0.009654
0.009692
0.009730
0.009768
0.009806
0.009844
0.009881
0.009919
0.009957
0.009995
0.010032
0.010070
0.010108
0.010145
0.010183
0.010221
0.010258
0.010296
0.010333
0.010371
0.010408
0.010446
0.010483
0.010520
0.010558
0.010595
0.010632
0.010669
0.010707
0.010744
0.010781
0.010818
0.010855
0.010892
0.010929
0.010966
0.011003
0.011040
0.011077
0.011114
0.011150
0.011187
0.011224
0.011261
0.011297
0.011334
0.011370
0.011407
0.011443
0.011480
0.011516
0.011552
0.011589
0.011625
0.011661
0.011697
0.011733
0.011769
0.011805
0.011841
0.011877
0.011913
0.011949
0.011985
0.012020
0.012056
0.012092
0.012127
0.012163
0.012198
0.012234
0.012269
0.012304
0.012340
0.012375
0.012410
0.012445
0.012480
0.012515
0.012550
0.012585
0.012620
0.012655
0.012689
0.012724
0.012759
0.012793
0.012828
0.012862
0.012897
0.012931
0.012965
0.012999
0.013034
0.013068
0.013102
0.013136
0.013170
0.013203
0.013237
0.013271
0.013305
0.013338
0.013372
0.013405
0.013439
0.013472
0.013505
0.013539
0.013572
0.013605
0.013638
0.013671
0.013704
0.013737
0.013769
0.013802
0.013835
0.013867
0.013900
0.013932
0.013965
0.013997
0.014029
0.014061
0.014093
0.014126
0.014158
0.014189
0.014221
0.014253
0.014285
0.014316
0.014348
0.014379
0.014411
0.014442
0.014474
0.014505
0.014536
0.014567
0.014598
0.014629
0.014660
0.014691
0.014721
0.014752
0.014783
0.014813
0.014843
0.014874
0.014904
0.014934
0.014964
0.014995
0.015025
0.015054
0.015084
0.015114
0.015144
0.015173
0.015203
0.015232
0.015262
0.015291
0.015320
0.015350
0.015379
0.015408
0.015437
0.015466
0.015494
0.015523
0.015552
0.015580
0.015609
0.015637
0.015666
0.015694
0.015722
0.015750
0.015778
0.015806
0.015834
0.015862
0.015890
0.015918
0.015945
0.015973
0.016000
0.016027
0.016055
0.016082
0.016109
0.016136
0.016163
0.016190
0.016217
0.016244
0.016270
0.016297
0.016323
0.016350
0.016376
0.016402
0.016429
0.016455
0.016481
0.016507
0.016533
0.016558
0.016584
0.016610
0.016635
0.016661
0.016686
0.016712
0.016737
0.016762
0.016787
0.016812
0.016837
0.016862
0.016887
0.016911
0.016936
0.016961
0.016985
0.017009
0.017034
0.017058
0.017082
0.017106
0.017130
0.017154
0.017178
0.017202
0.017225
0.017249
0.017272
0.017296
0.017319
0.017343
0.017366
0.017389
0.017412
0.017435
0.017458
0.017480
0.017503
0.017526
0.017548
0.017571
0.017593
0.017616
0.017638
0.017660
0.017682
0.017704
0.017726
0.017748
0.017770
0.017791
0.017813
0.017834
0.017856
0.017877
0.017898
0.017920
0.017941
0.017962
0.017983
0.018004
0.018024
0.018045
0.018066
0.018086
0.018107
0.018127
0.018148
0.018168
0.018188
0.018208
0.018228
0.018248
0.018268
0.018288
0.018307
0.018327
0.018346
0.018366
0.018385
0.018404
0.018424
0.018443
0.018462
0.018481
0.018500
0.018518
0.018537
0.018556
0.018574
0.018593
0.018611
0.018630
0.018648
0.018666
0.018684
0.018702
0.018720
0.018738
0.018756
0.018773
0.018791
0.018809
0.018826
0.018843
0.018861
0.018878
0.018895
0.018912
0.018929
0.018946
0.018963
0.018980
0.018996
0.019013
0.019029
0.019046
0.019062
0.019078
0.019095
0.019111
0.019127
0.019143
0.019159
0.019174
0.019190
0.019206
0.019221
0.019237
0.019252
0.019268
0.019283
0.019298
0.019313
0.019328
0.019343
0.019358
0.019373
0.019387
0.019402
0.019417
0.019431
0.019445
0.019460
0.019474
0.019488
0.019502
0.019516
0.019530
0.019544
0.019558
0.019571
0.019585
0.019599
0.019612
0.019625
0.019639
0.019652
0.019665
0.019678
0.019691
0.019704
0.019717
0.019730
0.019742
0.019755
0.019767
0.019780
0.019792
0.019804
0.019817
0.019829
0.019841
0.019853
0.019865
0.019877
0.019888
0.019900
0.019912
0.019923
0.019935
0.019946
0.019957
0.019968
0.019980
0.019991
0.020002
0.020012
0.020023
0.020034
0.020045
0.020055
0.020066
0.020076
0.020087
0.020097
0.020107
0.020117
0.020127
0.020137
0.020147
0.020157
0.020167
0.020176
0.020186
0.020195
0.020205
0.020214
0.020224
0.020233
0.020242
0.020251
0.020260
0.020269
0.020278
0.020286
0.020295
0.020304
0.020312
0.020321
0.020329
0.020337
0.020346
0.020354
0.020362
0.020370
0.020378
0.020386
0.020393
0.020401
0.020409
0.020416
0.020424
0.020431
0.020438
0.020445
0.020453
0.020460
0.020467
0.020474
0.020481
0.020487
0.020494
0.020501
0.020507
0.020514
0.020520
0.020526
0.020533
0.020539
0.020545
0.020551
0.020557
0.020563
0.020568
0.020574
0.020580
