0.000000
0.000659
0.001346
0.002060
0.002799
0.003561
0.004345
0.005149
0.005973
0.006813
0.007669
0.008540
0.009425
0.010321
0.011228
0.012145
0.013070
0.014003
0.014941
0.015885
0.016834
0.017785
0.018739
0.019694
0.020650
0.021606
0.022560
0.023513
0.024464
0.025411
0.026354
0.027293
0.028226
0.029155
0.030077
0.030992
0.031900
0.032801
0.033694
0.034578
0.035454
0.036320
0.037178
0.038025
0.038863
0.039690
0.040507
0.041313
0.042109
0.042893
0.043666
0.044428
0.045178
0.045916
0.046642
0.047356
0.048059
0.048749
0.049428
0.050094
0.050748
0.051390
0.052020
0.052638
0.053244
0.053838
0.054420
0.054990
0.055548
0.056095
0.056629
0.057152
0.057663
0.058163
0.058651
0.059128
0.059593
0.060047
0.060491
0.060923
0.061344
0.061755
0.062154
0.062544
0.062922
0.063291
0.063650
0.063999
0.064338
0.064668
0.064988
0.065299
0.065600
0.065892
0.066175
0.066449
0.066715
0.066971
0.067219
0.067459
0.067690
0.067913
0.068129
0.068336
0.068535
0.068727
0.068911
0.069087
0.069257
0.069419
0.069574
0.069722
0.069863
0.069998
0.070126
0.070248
0.070364
0.070473
0.070576
0.070673
0.070765
0.070851
0.070931
0.071006
0.071076
0.071140
0.071199
0.071254
0.071303
0.071348
0.071388
0.071423
0.071455
0.071481
0.071504
0.071523
0.071537
0.071548
0.071555
0.071558
0.071558
0.071554
0.071547
0.071537
0.071523
0.071507
0.071487
0.071465
0.071439
0.071411
0.071380
0.071347
0.071311
0.071273
0.071233
0.071190
0.071145
0.071098
0.071049
0.070999
0.070946
0.070891
0.070835
0.070778
0.070718
0.070657
0.070595
0.070531
0.070466
0.070400
0.070333
0.070264
0.070195
0.070124
0.070053
0.069980
0.069907
0.069833
0.069758
0.069683
0.069607
0.069530
0.069453
0.069375
0.069297
0.069219
0.069140
0.069060
0.068981
0.068901
0.068821
0.068741
0.068661
0.068580
0.068500
0.068419
0.068339
0.068259
0.068178
0.068098
0.068018
0.067938
0.067858
0.067779
0.067699
0.067620
0.067542
0.067463
0.067385
0.067308
0.067230
0.067153
0.067077
0.067001
0.066925
0.066850
0.066776
0.066701
0.066628
0.066555
0.066483
0.066411
0.066339
0.066269
0.066199
0.066129
0.066061
0.065993
0.065925
0.065858
0.065792
0.065727
0.065662
0.065598
0.065535
0.065473
0.065411
0.065350
0.065289
0.065230
0.065171
0.065113
0.065056
0.064999
0.064943
0.064888
0.064834
0.064781
0.064728
0.064676
0.064625
0.064575
0.064525
0.064476
0.064428
0.064381
0.064335
0.064289
0.064244
0.064200
0.064157
0.064115
0.064073
0.064032
0.063992
0.063952
0.063914
0.063876
0.063839
0.063802
0.063767
0.063732
0.063698
0.063664
0.063632
0.063600
0.063569
0.063538
0.063508
0.063479
0.063451
0.063423
0.063396
0.063370
0.063344
0.063320
0.063295
0.063272
0.063249
0.063227
0.063205
0.063184
0.063164
0.063144
0.063125
0.063106
0.063089
0.063071
0.063055
0.063039
0.063023
0.063008
0.062994
0.062980
0.062967
0.062954
0.062942
0.062930
0.062919
0.062909
0.062898
0.062889
0.062880
0.062871
0.062863
0.062855
0.062848
0.062842
0.062835
0.062829
0.062824
0.062819
0.062815
0.062810
0.062807
0.062803
0.062800
0.062798
0.062796
0.062794
0.062793
0.062791
0.062791
0.062790
0.062790
0.062791
0.062791
0.062792
0.062793
0.062795
0.062797
0.062799
0.062801
0.062804
0.062807
0.062810
0.062814
0.062817
0.062821
0.062826
0.062830
0.062835
0.062840
0.062845
0.062850
0.062856
0.062861
0.062867
0.062873
0.062879
0.062886
0.062893
0.062899
0.062906
0.062913
0.062920
0.062928
0.062935
0.062943
0.062951
0.062959
0.062967
0.062975
0.062983
0.062991
0.062999
0.063008
0.063017
0.063025
0.063034
0.063043
0.063052
0.063060
0.063069
0.063079
0.063088
0.063097
0.063106
0.063115
0.063124
0.063134
0.063143
0.063152
0.063162
0.063171
0.063181
0.063190
0.063200
0.063209
0.063218
0.063228
0.063237
0.063247
0.063256
0.063266
0.063275
0.063284
0.063294
0.063303
0.063312
0.063322
0.063331
0.063340
0.063349
0.063358
0.063368
0.063377
0.063386
0.063395
0.063404
0.063412
0.063421
0.063430
0.063439
0.063447
0.063456
0.063465
0.063473
0.063481
0.063490
0.063498
0.063506
0.063514
0.063523
0.063531
0.063539
0.063546
0.063554
0.063562
0.063570
0.063577
0.063585
0.063592
0.063599
0.063607
0.063614
0.063621
0.063628
0.063635
0.063642
0.063648
0.063655
0.063662
0.063668
0.063675
0.063681
0.063687
0.063693
0.063699
0.063705
0.063711
0.063717
0.063723
0.063728
0.063734
0.063739
0.063745
0.063750
0.063755
0.063760
0.063765
0.063770
0.063775
0.063780
0.063784
0.063789
0.063793
0.063798
0.063802
0.063806
0.063811
0.063815
0.063819
0.063823
0.063826
0.063830
0.063834
0.063837
0.063841
0.063844
0.063847
0.063851
0.063854
0.063857
0.063860
0.063863
0.063866
0.063868
0.063871
0.063874
0.063876
0.063879
0.063881
0.063883
0.063886
0.063888
0.063890
0.063892
0.063894
0.063896
0.063898
0.063900
0.063901
0.063903
0.063904
0.063906
0.063907
0.063909
0.063910
0.063911
0.063913
0.063914
0.063915
0.063916
0.063917
0.063918
0.063919
0.063920
0.063920
0.063921
0.063922
0.063922
0.063923
0.063923
0.063924
0.063924
0.063925
0.063925
0.063925
0.063926
0.063926
0.063926
0.063926
0.063926
0.063926
0.063926
0.063926
0.063926
0.063926
0.063926
0.063926
0.063926
0.063925
0.063925
0.063925
0.063925
0.063924
0.063924
0.063924
0.063923
0.063923
0.063922
0.063922
0.063921
0.063921
0.063920
0.063920
0.063919
0.063919
0.063918
0.063917
0.063917
0.063916
0.063915
0.063915
0.063914
0.063913
0.063913
0.063912
0.063911
0.063910
0.063910
0.063909
0.063908
0.063907
0.063906
0.063906
0.063905
0.063904
0.063903
0.063903
0.063902
0.063901
0.063900
0.063899
0.063899
0.063898
0.063897
0.063896
0.063895
0.063895
0.063894
0.063893
0.063892
0.063892
0.063891
0.063890
0.063889
0.063889
0.063888
0.063887
0.063887
0.063886
0.063885
0.063885
0.063884
0.063883
0.063883
0.063882
0.063882
0.063881
0.063881
0.063880
0.063880
0.063879
0.063879
0.063878
0.063878
0.063877
0.063877
0.063876
0.063876
0.063876
0.063875
0.063875
0.063875
0.063875
0.063874
0.063874
0.063874
0.063874
0.063874
0.063874
0.063873
0.063873
0.063873
0.063873
0.063873
0.063873
0.063873
0.063874
0.063874
0.063874
0.063874
0.063874
0.063874
0.063875
0.063875
0.063875
0.063876
0.063876
0.063876
0.063877
0.063877
0.063878
0.063878
0.063879
0.063879
0.063880
0.063881
0.063881
0.063882
0.063883
0.063884
0.063884
0.063885
0.063886
0.063887
0.063888
0.063889
0.063890
0.063891
0.063892
0.063893
0.063894
0.063895
0.063897
0.063898
0.063899
0.063900
0.063902
0.063903
0.063905
0.063906
0.063907
0.063909
0.063911
0.063912
0.063914
0.063915
0.063917
0.063919
0.063921
0.063923
0.063924
0.063926
0.063928
0.063930
0.063932
0.063934
0.063936
0.063938
0.063941
0.063943
0.063945
0.063947
0.063950
0.063952
0.063954
0.063957
0.063959
0.063962
0.063964
0.063967
0.063969
0.063972
0.063975
0.063977
0.063980
0.063983
0.063986
0.063989
0.063992
0.063995
0.063998
0.064001
0.064004
0.064007
0.064010
0.064013
0.064017
0.064020
0.064023
0.064027
0.064030
0.064034
0.064037
0.064041
0.064044
0.064048
0.064052
0.064055
0.064059
0.064063
0.064067
0.064070
0.064074
0.064078
0.064082
0.064086
0.064091
0.064095
0.064099
0.064103
0.064107
0.064112
0.064116
0.064120
0.064125
0.064129
0.064134
0.064138
0.064143
0.064148
0.064152
0.064157
0.064162
0.064167
0.064172
0.064177
0.064182
0.064187
0.064192
0.064197
0.064202
0.064207
0.064212
0.064218
0.064223
0.064228
0.064234
0.064239
0.064245
0.064250
0.064256
0.064262
0.064267
0.064273
0.064279
0.064285
0.064291
0.064297
0.064303
0.064309
0.064315
0.064321
0.064327
0.064333
0.064340
0.064346
0.064352
0.064359
0.064365
0.064372
0.064378
0.064385
0.064392
0.064398
0.064405
0.064412
0.064419
0.064426
0.064433
0.064440
0.064447
0.064454
0.064461
0.064469
0.064476
0.064483
0.064491
0.064498
0.064506
0.064513
0.064521
0.064528
0.064536
0.064544
0.064552
0.064560
0.064567
0.064575
0.064584
0.064592
0.064600
0.064608
0.064616
0.064625
0.064633
0.064641
0.064650
0.064658
0.064667
0.064676
0.064684
0.064693
0.064702
0.064711
0.064720
0.064729
0.064738
0.064747
0.064756
0.064765
0.064775
0.064784
0.064793
0.064803
0.064812
0.064822
0.064832
0.064841
0.064851
0.064861
0.064871
0.064881
0.064891
0.064901
0.064911
0.064921
0.064932
0.064942
0.064952
0.064963
0.064973
0.064984
0.064994
0.065005
0.065016
0.065027
0.065038
0.065049
0.065060
0.065071
0.065082
0.065093
0.065104
0.065116
0.065127
0.065138
0.065150
0.065162
0.065173
0.065185
0.065197
0.065209
0.065221
0.065233
0.065245
0.065257
0.065269
0.065281
0.065294
0.065306
0.065319
0.065331
0.065344
0.065356
0.065369
0.065382
0.065395
0.065408
0.065421
0.065434
0.065447
0.065460
0.065474
0.065487
0.065500
0.065514
0.065528
0.065541
0.065555
0.065569
0.065583
0.065597
0.065611
0.065625
0.065639
0.065653
0.065667
0.065682
0.065696
0.065711
0.065725
0.065740
0.065755
0.065770
0.065785
0.065800
0.065815
0.065830
0.065845
0.065860
0.065876
0.065891
0.065906
0.065922
0.065938
0.065953
0.065969
0.065985
0.066001
0.066017
0.066033
0.066049
0.066066
0.066082
0.066098
0.066115
0.066131
0.066148
0.066165
0.066181
0.066198
0.066215
0.066232
0.066249
0.066267
0.066284
0.066301
0.066319
0.066336
0.066354
0.066371
0.066389
0.066407
0.066425
0.066443
0.066461
0.066479
0.066497
0.066515
0.066533
0.066552
0.066570
0.066589
0.066608
0.066626
0.066645
0.066664
0.066683
0.066702
0.066721
0.066740
0.066760
0.066779
0.066798
0.066818
0.066838
0.066857
0.066877
0.066897
0.066917
0.066937
0.066957
0.066977
0.066997
0.067017
0.067038
0.067058
0.067079
0.067099
0.067120
0.067141
0.067162
0.067183
0.067204
0.067225
0.067246
0.067267
0.067288
0.067310
0.067331
0.067353
0.067375
0.067396
0.067418
0.067440
0.067462
0.067484
0.067506
0.067528
0.067550
0.067573
0.067595
0.067618
0.067640
0.067663
0.067685
0.067708
0.067731
0.067754
0.067777
0.067800
0.067823
0.067846
0.067870
0.067893
0.067917
0.067940
0.067964
0.067987
0.068011
0.068035
0.068059
0.068083
0.068107
0.068131
0.068155
0.068179
0.068204
0.068228
0.068253
0.068277
0.068302
0.068327
0.068351
0.068376
0.068401
0.068426
0.068451
0.068476
0.068501
0.068527
0.068552
0.068577
0.068603
0.068628
0.068654
0.068679
0.068705
0.068731
0.068757
0.068783
0.068809
0.068835
0.068861
0.068887
0.068913
0.068940
0.068966
0.068993
0.069019
0.069046
0.069072
0.069099
0.069126
0.069152
0.069179
0.069206
0.069233
0.069260
0.069287
0.069315
0.069342
0.069369
0.069396
0.069424
0.069451
0.069479
0.069506
0.069534
0.069562
0.069589
0.069617
0.069645
0.069673
0.069701
0.069729
0.069757
0.069785
0.069813
0.069841
0.069870
0.069898
0.069926
0.069955
0.069983
0.070012
0.070040
0.070069
0.070098
0.070126
0.070155
0.070184
0.070213
0.070241
0.070270
0.070299
0.070328
0.070357
0.070386
0.070416
0.070445
0.070474
0.070503
0.070532
0.070562
0.070591
0.070620
0.070650
0.070679
0.070709
0.070738
0.070768
0.070797
0.070827
0.070857
0.070886
0.070916
0.070946
0.070975
0.071005
0.071035
0.071065
0.071095
0.071125
0.071155
0.071184
0.071214
0.071244
0.071274
0.071304
0.071335
0.071365
0.071395
0.071425
0.071455
0.071485
0.071515
0.071545
0.071576
0.071606
0.071636
0.071666
0.071696
0.071727
0.071757
0.071787
0.071817
0.071848
0.071878
0.071908
0.071939
0.071969
0.071999
0.072030
0.072060
0.072090
0.072120
0.072151
0.072181
0.072211
0.072242
0.072272
0.072302
0.072333
0.072363
0.072393
0.072424
0.072454
0.072484
0.072514
0.072545
0.072575
0.072605
0.072635
0.072665
0.072696
0.072726
0.072756
0.072786
0.072816
0.072846
0.072876
0.072906
0.072936
0.072966
0.072996
0.073026
0.073056
0.073086
0.073116
0.073146
0.073176
0.073206
0.073235
0.073265
0.073295
0.073325
0.073354
0.073384
0.073413
0.073443
0.073472
0.073502
0.073531
0.073561
0.073590
0.073619
0.073649
0.073678
0.073707
0.073736
0.073765
0.073794
0.073823
0.073852
0.073881
0.073910
0.073939
0.073968
0.073996
0.074025
0.074053
0.074082
0.074110
0.074139
0.074167
0.074196
0.074224
0.074252
0.074280
0.074308
0.074336
0.074364
0.074392
0.074420
0.074447
0.074475
0.074503
0.074530
0.074558
0.074585
0.074612
0.074639
0.074667
0.074694
0.074721
0.074748
0.074774
0.074801
0.074828
0.074854
0.074881
0.074907
0.074934
0.074960
0.074986
0.075012
0.075038
0.075064
0.075090
0.075116
0.075142
0.075167
0.075193
0.075218
0.075243
0.075269
0.075294
0.075319
0.075344
0.075368
0.075393
0.075418
0.075442
0.075467
0.075491
0.075515
0.075539
0.075563
0.075587
0.075611
0.075635
0.075658
0.075682
0.075705
0.075728
0.075752
0.075775
0.075797
0.075820
0.075843
0.075866
0.075888
0.075910
0.075933
0.075955
0.075977
0.075999
0.076020
0.076042
0.076064
0.076085
0.076106
0.076127
0.076148
0.076169
0.076190
0.076211
0.076231
0.076252
0.076272
0.076292
0.076312
0.076332
0.076352
0.076371
0.076391
0.076410
0.076430
0.076449
0.076468
0.076487
0.076505
0.076524
0.076542
0.076560
0.076579
0.076597
0.076615
0.076632
0.076650
0.076667
0.076685
0.076702
0.076719
0.076736
0.076752
0.076769
0.076786
0.076802
0.076818
0.076834
0.076850
0.076866
0.076881
0.076897
0.076912
0.076927
0.076942
0.076957
0.076972
0.076986
0.077001
0.077015
0.077029
0.077043
0.077057
0.077070
0.077084
0.077097
0.077110
0.077123
0.077136
0.077149
0.077161
0.077174
0.077186
0.077198
0.077210
0.077222
0.077233
0.077245
0.077256
0.077267
0.077278
0.077289
0.077300
0.077310
0.077321
0.077331
0.077341
0.077351
0.077360
0.077370
0.077379
0.077389
0.077398
0.077407
0.077415
0.077424
0.077432
0.077441
0.077449
0.077457
0.077464
0.077472
0.077479
0.077487
0.077494
0.077501
0.077508
0.077514
0.077521
0.077527
0.077533
0.077539
0.077545
0.077551
0.077556
0.077562
0.077567
0.077572
0.077577
0.077581
0.077586
0.077590
0.077594
0.077598
0.077602
0.077606
0.077609
0.077613
0.077616
0.077619
0.077622
0.077625
0.077627
0.077630
0.077632
0.077634
0.077636
0.077638
0.077639
0.077641
0.077642
0.077643
0.077644
0.077645
0.077645
0.077646
0.077646
0.077646
0.077646
0.077646
0.077646
0.077645
0.077644
0.077644
0.077643
0.077641
0.077640
0.077639
0.077637
0.077635
0.077633
0.077631
0.077629
0.077627
0.077624
0.077621
0.077618
0.077615
0.077612
0.077609
0.077605
0.077602
0.077598
0.077594
0.077590
0.077586
0.077581
0.077577
0.077572
0.077567
0.077562
0.077557
0.077551
0.077546
0.077540
0.077534
0.077529
0.077522
0.077516
0.077510
0.077503
0.077497
0.077490
0.077483
0.077476
0.077468
0.077461
0.077453
0.077446
0.077438
0.077430
0.077422
0.077414
0.077405
0.077397
0.077388
0.077379
0.077370
0.077361
0.077352
0.077342
0.077333
0.077323
0.077313
0.077303
0.077293
0.077283
0.077273
0.077262
0.077252
0.077241
0.077230
0.077219
0.077208
0.077197
0.077185
0.077174
0.077162
0.077150
0.077138
0.077126
0.077114
0.077102
0.077089
0.077077
0.077064
0.077051
0.077038
0.077025
0.077012
0.076999
0.076985
0.076972
0.076958
0.076945
0.076931
0.076917
0.076902
0.076888
0.076874
0.076859
0.076845
0.076830
0.076815
0.076800
0.076785
0.076770
0.076755
0.076739
0.076724
0.076708
0.076692
0.076677
0.076661
0.076645
0.076628
0.076612
0.076596
0.076579
0.076563
0.076546
0.076529
0.076512
0.076495
0.076478
0.076461
0.076444
0.076426
0.076409
0.076391
0.076374
0.076356
0.076338
0.076320
0.076302
0.076284
0.076265
0.076247
0.076229
0.076210
0.076191
0.076173
0.076154
0.076135
0.076116
0.076097
0.076078
0.076058
0.076039
0.076020
0.076000
0.075980
0.075961
0.075941
0.075921
0.075901
0.075881
0.075861
0.075841
0.075821
0.075800
0.075780
0.075759
0.075739
0.075718
0.075698
0.075677
0.075656
0.075635
0.075614
0.075593
0.075572
0.075551
0.075529
0.075508
0.075486
0.075465
0.075443
0.075422
0.075400
0.075378
0.075356
0.075335
0.075313
0.075291
0.075268
0.075246
0.075224
0.075202
0.075179
0.075157
0.075135
0.075112
0.075090
0.075067
0.075044
0.075022
0.074999
0.074976
0.074953
0.074930
0.074907
0.074884
0.074861
0.074838
0.074814
0.074791
0.074768
0.074745
0.074721
0.074698
0.074674
0.074651
0.074627
0.074603
0.074580
0.074556
0.074532
0.074508
0.074484
0.074461
0.074437
0.074413
0.074389
0.074365
0.074340
0.074316
0.074292
0.074268
0.074244
0.074219
0.074195
0.074171
0.074146
0.074122
0.074097
0.074073
0.074048
0.074024
0.073999
0.073975
0.073950
0.073925
0.073901
0.073876
0.073851
0.073826
0.073801
0.073777
0.073752
0.073727
0.073702
0.073677
0.073652
0.073627
0.073602
0.073577
0.073552
0.073527
0.073502
0.073477
0.073451
0.073426
0.073401
0.073376
0.073351
0.073325
0.073300
0.073275
0.073250
0.073224
0.073199
0.073174
0.073148
0.073123
0.073098
0.073072
0.073047
0.073022
0.072996
0.072971
0.072945
0.072920
0.072894
0.072869
0.072843
0.072818
0.072792
0.072767
0.072742
0.072716
0.072690
0.072665
0.072639
0.072614
0.072588
0.072563
0.072537
0.072512
0.072486
0.072461
0.072435
0.072410
0.072384
0.072359
0.072333
0.072308
0.072282
0.072257
0.072231
0.072205
0.072180
0.072154
0.072129
0.072103
0.072078
0.072052
0.072027
0.072001
0.071976
0.071950
0.071925
0.071900
0.071874
0.071849
0.071823
0.071798
0.071772
0.071747
0.071722
0.071696
0.071671
0.071645
0.071620
0.071595
0.071569
0.071544
0.071519
0.071493
0.071468
0.071443
0.071418
0.071392
0.071367
0.071342
0.071317
0.071292
0.071267
0.071241
0.071216
0.071191
0.071166
0.071141
0.071116
0.071091
0.071066
0.071041
0.071016
0.070991
0.070966
0.070941
0.070916
0.070891
0.070867
0.070842
0.070817
0.070792
0.070768
0.070743
0.070718
0.070693
0.070669
0.070644
0.070620
0.070595
0.070570
0.070546
0.070521
0.070497
0.070472
0.070448
0.070424
0.070399
0.070375
0.070351
0.070326
0.070302
0.070278
0.070254
0.070229
0.070205
0.070181
0.070157
0.070133
0.070109
0.070085
0.070061
0.070037
0.070013
0.069989
0.069966
0.069942
0.069918
0.069894
0.069871
0.069847
0.069823
0.069800
0.069776
0.069753
0.069729
0.069706
0.069682
0.069659
0.069636
0.069612
0.069589
0.069566
0.069543
0.069519
0.069496
0.069473
0.069450
0.069427
0.069404
0.069381
0.069358
0.069335
0.069313
0.069290
0.069267
0.069244
0.069222
0.069199
0.069176
0.069154
0.069131
0.069109
0.069086
0.069064
0.069042
0.069019
0.068997
0.068975
0.068953
0.068931
0.068909
0.068886
0.068864
0.068843
0.068821
0.068799
0.068777
0.068755
0.068733
0.068712
0.068690
0.068668
0.068647
0.068625
0.068604
0.068582
0.068561
0.068540
0.068518
0.068497
0.068476
0.068455
0.068433
0.068412
0.068391
0.068370
0.068349
0.068329
0.068308
0.068287
0.068266
0.068245
0.068225
0.068204
0.068184
0.068163
0.068143
0.068122
0.068102
0.068081
0.068061
0.068041
0.068021
0.068001
0.067981
0.067961
0.067941
0.067921
0.067901
0.067881
0.067861
0.067841
0.067822
0.067802
0.067782
0.067763
0.067743
0.067724
0.067705
0.067685
0.067666
0.067647
0.067628
0.067608
0.067589
0.067570
0.067551
0.067532
0.067514
0.067495
0.067476
0.067457
0.067439
0.067420
0.067401
0.067383
0.067364
0.067346
0.067328
0.067309
0.067291
0.067273
0.067255
0.067237
0.067218
0.067200
0.067183
0.067165
0.067147
0.067129
0.067111
0.067094
0.067076
0.067058
0.067041
0.067023
0.067006
0.066989
0.066971
0.066954
0.066937
0.066920
0.066903
0.066886
0.066869
0.066852
0.066835
0.066818
0.066801
0.066784
0.066768
0.066751
0.066735
0.066718
0.066702
0.066685
0.066669
0.066653
0.066636
0.066620
0.066604
0.066588
0.066572
0.066556
0.066540
0.066524
0.066508
0.066493
0.066477
0.066461
0.066446
0.066430
0.066415
0.066399
0.066384
0.066369
0.066353
0.066338
0.066323
0.066308
0.066293
0.066278
0.066263
0.066248
0.066233
0.066219
0.066204
0.066189
0.066175
0.066160
0.066146
0.066131
0.066117
0.066102
0.066088
0.066074
0.066060
0.066046
0.066032
0.066018
0.066004
0.065990
0.065976
0.065962
0.065948
0.065935
0.065921
0.065907
0.065894
0.065880
0.065867
0.065854
0.065840
0.065827
0.065814
0.065801
0.065788
0.065775
0.065762
0.065749
0.065736
0.065723
0.065710
0.065697
0.065685
0.065672
0.065660
0.065647
0.065635
0.065622
0.065610
0.065598
0.065585
0.065573
0.065561
0.065549
0.065537
0.065525
0.065513
0.065501
0.065489
0.065478
0.065466
0.065454
0.065443
0.065431
0.065420
0.065408
0.065397
0.065385
0.065374
0.065363
0.065352
0.065340
0.065329
0.065318
0.065307
0.065296
0.065286
0.065275
0.065264
0.065253
0.065243
0.065232
0.065221
0.065211
0.065200
0.065190
0.065179
0.065169
0.065159
0.065149
0.065138
0.065128
0.065118
0.065108
0.065098
0.065088
0.065078
0.065069
0.065059
0.065049
0.065039
0.065030
0.065020
0.065011
0.065001
0.064992
0.064982
0.064973
0.064964
0.064955
0.064945
0.064936
0.064927
0.064918
0.064909
0.064900
0.064891
0.064882
0.064874
0.064865
0.064856
0.064847
0.064839
0.064830
0.064822
0.064813
0.064805
0.064796
0.064788
0.064780
0.064772
0.064763
0.064755
0.064747
0.064739
0.064731
0.064723
0.064715
0.064707
0.064699
0.064692
0.064684
0.064676
0.064668
0.064661
0.064653
0.064646
0.064638
0.064631
0.064623
0.064616
0.064609
0.064601
0.064594
0.064587
0.064580
0.064573
0.064566
0.064559
0.064552
0.064545
0.064538
0.064531
0.064524
0.064518
0.064511
0.064504
0.064498
0.064491
0.064484
0.064478
0.064471
0.064465
0.064459
0.064452
0.064446
0.064440
0.064434
0.064427
0.064421
0.064415
0.064409
0.064403
0.064397
0.064391
0.064385
0.064379
0.064373
0.064368
0.064362
0.064356
0.064351
0.064345
0.064339
0.064334
0.064328
0.064323
0.064317
0.064312
0.064306
0.064301
0.064296
0.064291
0.064285
0.064280
0.064275
0.064270
0.064265
0.064260
0.064255
0.064250
0.064245
0.064240
0.064235
0.064230
0.064225
0.064221
0.064216
0.064211
0.064207
0.064202
0.064197
0.064193
0.064188
0.064184
0.064179
0.064175
0.064170
0.064166
0.064162
0.064157
0.064153
0.064149
0.064145
0.064141
0.064136
0.064132
0.064128
0.064124
0.064120
0.064116
0.064112
0.064108
0.064104
0.064101
0.064097
0.064093
0.064089
0.064085
0.064082
0.064078
0.064074
0.064071
0.064067
0.064064
0.064060
0.064057
0.064053
0.064050
0.064046
0.064043
0.064039
0.064036
0.064033
0.064029
0.064026
0.064023
0.064020
0.064017
0.064013
0.064010
0.064007
0.064004
0.064001
0.063998
0.063995
0.063992
0.063989
0.063986
0.063983
0.063981
0.063978
0.063975
0.063972
0.063969
0.063967
0.063964
0.063961
0.063959
0.063956
0.063953
0.063951
0.063948
0.063946
0.063943
0.063941
0.063938
0.063936
0.063933
0.063931
0.063929
0.063926
0.063924
0.063921
0.063919
0.063917
0.063915
0.063912
0.063910
0.063908
0.063906
0.063904
0.063902
0.063900
0.063897
0.063895
0.063893
0.063891
0.063889
0.063887
0.063885
0.063883
0.063882
0.063880
0.063878
0.063876
0.063874
0.063872
0.063870
0.063869
0.063867
0.063865
0.063863
0.063862
0.063860
0.063858
0.063857
0.063855
0.063853
0.063852
0.063850
0.063849
0.063847
0.063846
0.063844
0.063843
0.063841
0.063840
0.063838
0.063837
0.063835
0.063834
0.063833
0.063831
0.063830
0.063829
0.063827
0.063826
0.063825
0.063823
0.063822
0.063821
0.063820
0.063819
0.063817
0.063816
0.063815
0.063814
0.063813
0.063812
0.063811
0.063809
0.063808
0.063807
0.063806
0.063805
0.063804
0.063803
0.063802
0.063801
0.063800
0.063799
0.063799
0.063798
0.063797
0.063796
0.063795
0.063794
0.063793
0.063792
0.063792
0.063791
0.063790
0.063789
0.063788
0.063788
0.063787
0.063786
0.063786
0.063785
0.063784
0.063783
0.063783
0.063782
0.063781
0.063781
0.063780
0.063780
0.063779
0.063778
0.063778
0.063777
0.063777
0.063776
0.063776
0.063775
0.063775
0.063774
0.063774
0.063773
0.063773
0.063772
0.063772
0.063772
0.063771
0.063771
0.063770
0.063770
0.063770
0.063769
0.063769
0.063769
0.063768
0.063768
0.063768
0.063767
0.063767
0.063767
0.063767
0.063766
0.063766
0.063766
0.063766
0.063766
0.063765
0.063765
0.063765
0.063765
0.063765
0.063765
0.063764
0.063764
0.063764
0.063764
0.063764
0.063764
0.063764
0.063764
0.063764
0.063764
0.063764
0.063764
0.063764
0.063764
0.063764
0.063764
0.063764
0.063764
0.063764
0.063764
0.063764
0.063764
0.063765
0.063765
0.063765
0.063765
0.063765
0.063765
0.063765
0.063766
0.063766
0.063766
0.063766
0.063767
0.063767
0.063767
0.063767
0.063768
0.063768
0.063768
0.063768
0.063769
0.063769
0.063769
0.063770
0.063770
0.063771
0.063771
0.063771
0.063772
0.063772
0.063773
0.063773
0.063774
0.063774
0.063775
0.063775
0.063776
0.063776
0.063777
0.063777
0.063778
0.063778
0.063779
0.063779
0.063780
0.063781
0.063781
0.063782
0.063783
0.063783
0.063784
0.063785
0.063785
0.063786
0.063787
0.063788
0.063788
0.063789
0.063790
0.063791
0.063792
0.063792
0.063793
0.063794
0.063795
0.063796
0.063797
0.063798
0.063799
0.063800
0.063801
0.063802
0.063803
0.063804
0.063805
0.063806
0.063807
0.063808
0.063809
0.063810
0.063811
0.063812
0.063813
0.063814
0.063816
0.063817
0.063818
0.063819
0.063820
0.063822
0.063823
0.063824
0.063826
0.063827
0.063828
0.063830
0.063831
0.063832
0.063834
0.063835
0.063837
0.063838
0.063840
0.063841
0.063843
0.063844
0.063846
0.063847
0.063849
0.063850
0.063852
0.063854
0.063855
0.063857
0.063859
0.063861
0.063862
0.063864
0.063866
0.063868
0.063870
0.063871
0.063873
0.063875
0.063877
0.063879
0.063881
0.063883
0.063885
0.063887
0.063889
0.063891
0.063893
0.063895
0.063897
0.063900
0.063902
0.063904
0.063906
0.063908
0.063911
0.063913
0.063915
0.063918
0.063920
0.063923
0.063925
0.063927
0.063930
0.063932
0.063935
0.063937
0.063940
0.063943
0.063945
0.063948
0.063951
0.063953
0.063956
0.063959
0.063962
0.063964
0.063967
0.063970
0.063973
0.063976
0.063979
0.063982
0.063985
0.063988
0.063991
0.063994
0.063997
0.064000
0.064004
0.064007
0.064010
0.064013
0.064017
0.064020
0.064023
0.064027
0.064030
0.064034
0.064037
0.064041
0.064044
0.064048
0.064052
0.064055
0.064059
0.064063
0.064067
0.064070
0.064074
0.064078
0.064082
0.064086
0.064090
0.064094
0.064098
0.064102
0.064106
0.064110
0.064114
0.064119
0.064123
0.064127
0.064132
0.064136
0.064140
0.064145
0.064149
0.064154
0.064158
0.064163
0.064168
0.064172
0.064177
0.064182
0.064187
0.064191
0.064196
0.064201
0.064206
0.064211
0.064216
0.064221
0.064226
0.064232
0.064237
0.064242
0.064247
0.064253
0.064258
0.064263
0.064269
0.064274
0.064280
0.064286
0.064291
0.064297
0.064303
0.064308
0.064314
0.064320
0.064326
0.064332
0.064338
0.064344
0.064350
0.064356
0.064362
0.064369
0.064375
0.064381
0.064388
0.064394
0.064401
0.064407
0.064414
0.064420
0.064427
0.064434
0.064440
0.064447
0.064454
0.064461
0.064468
0.064475
0.064482
0.064489
0.064496
0.064504
0.064511
0.064518
0.064526
0.064533
0.064541
0.064548
0.064556
0.064563
0.064571
0.064579
0.064587
0.064595
0.064603
0.064610
0.064619
0.064627
0.064635
0.064643
0.064651
0.064660
0.064668
0.064676
0.064685
0.064693
0.064702
0.064711
0.064719
0.064728
0.064737
0.064746
0.064755
0.064764
0.064773
0.064782
0.064791
0.064800
0.064810
0.064819
0.064829
0.064838
0.064848
0.064857
0.064867
0.064877
0.064886
0.064896
0.064906
0.064916
0.064926
0.064936
0.064947
0.064957
0.064967
0.064978
0.064988
0.064998
0.065009
0.065020
0.065030
0.065041
0.065052
0.065063
0.065074
0.065085
0.065096
0.065107
0.065118
0.065130
0.065141
0.065152
0.065164
0.065175
0.065187
0.065199
0.065210
0.065222
0.065234
0.065246
0.065258
0.065270
0.065282
0.065295
0.065307
0.065319
0.065332
0.065344
0.065357
0.065370
0.065382
0.065395
0.065408
0.065421
0.065434
0.065447
0.065460
0.065473
0.065487
0.065500
0.065514
0.065527
0.065541
0.065554
0.065568
0.065582
0.065596
0.065610
0.065624
0.065638
0.065652
0.065666
0.065681
0.065695
0.065710
0.065724
0.065739
0.065753
0.065768
0.065783
0.065798
0.065813
0.065828
0.065843
0.065858
0.065874
0.065889
0.065905
0.065920
0.065936
0.065951
0.065967
0.065983
0.065999
0.066015
0.066031
0.066047
0.066063
0.066080
0.066096
0.066113
0.066129
0.066146
0.066162
0.066179
0.066196
0.066213
0.066230
0.066247
0.066264
0.066281
0.066299
0.066316
0.066334
0.066351
0.066369
0.066386
0.066404
0.066422
0.066440
0.066458
0.066476
0.066494
0.066513
0.066531
0.066549
0.066568
0.066586
0.066605
0.066624
0.066643
0.066662
0.066681
0.066700
0.066719
0.066738
0.066757
0.066777
0.066796
0.066816
0.066835
0.066855
0.066875
0.066894
0.066914
0.066934
0.066954
0.066975
0.066995
0.067015
0.067036
0.067056
0.067077
0.067097
0.067118
0.067139
0.067160
0.067180
0.067201
0.067223
0.067244
0.067265
0.067286
0.067308
0.067329
0.067351
0.067372
0.067394
0.067416
0.067438
0.067460
0.067482
0.067504
0.067526
0.067548
0.067571
0.067593
0.067616
0.067638
0.067661
0.067684
0.067706
0.067729
0.067752
0.067775
0.067798
0.067822
0.067845
0.067868
0.067892
0.067915
0.067939
0.067962
0.067986
0.068010
0.068033
0.068057
0.068081
0.068105
0.068130
0.068154
0.068178
0.068202
0.068227
0.068251
0.068276
0.068301
0.068325
0.068350
0.068375
0.068400
0.068425
0.068450
0.068475
0.068500
0.068525
0.068551
0.068576
0.068602
0.068627
0.068653
0.068679
0.068704
0.068730
0.068756
0.068782
0.068808
0.068834
0.068860
0.068886
0.068913
0.068939
0.068965
0.068992
0.069018
0.069045
0.069072
0.069098
0.069125
0.069152
0.069179
0.069206
0.069233
0.069260
0.069287
0.069314
0.069341
0.069369
0.069396
0.069423
0.069451
0.069478
0.069506
0.069534
0.069561
0.069589
0.069617
0.069645
0.069673
0.069701
0.069729
0.069757
0.069785
0.069813
0.069841
0.069870
0.069898
0.069926
0.069955
0.069983
0.070012
0.070040
0.070069
0.070097
0.070126
0.070155
0.070184
0.070213
0.070241
0.070270
0.070299
0.070328
0.070357
0.070386
0.070415
0.070445
0.070474
0.070503
0.070532
0.070562
0.070591
0.070620
0.070650
0.070679
0.070709
0.070738
0.070768
0.070797
0.070827
0.070857
0.070886
0.070916
0.070946
0.070976
0.071005
0.071035
0.071065
0.071095
0.071125
0.071155
0.071185
0.071215
0.071245
0.071275
0.071305
0.071335
0.071365
0.071395
0.071425
0.071455
0.071485
0.071515
0.071546
0.071576
0.071606
0.071636
0.071666
0.071697
0.071727
0.071757
0.071787
0.071818
0.071848
0.071878
0.071909
0.071939
0.071969
0.071999
0.072030
0.072060
0.072090
0.072121
0.072151
0.072181
0.072212
0.072242
0.072272
0.072303
0.072333
0.072363
0.072393
0.072424
0.072454
0.072484
0.072515
0.072545
0.072575
0.072605
0.072635
0.072666
0.072696
0.072726
0.072756
0.072786
0.072816
0.072847
0.072877
0.072907
0.072937
0.072967
0.072997
0.073027
0.073057
0.073087
0.073116
0.073146
0.073176
0.073206
0.073236
0.073265
0.073295
0.073325
0.073354
0.073384
0.073414
0.073443
0.073473
0.073502
0.073532
0.073561
0.073590
0.073620
0.073649
0.073678
0.073707
0.073736
0.073766
0.073795
0.073824
0.073852
0.073881
0.073910
0.073939
0.073968
0.073996
0.074025
0.074054
0.074082
0.074111
0.074139
0.074167
0.074196
0.074224
0.074252
0.074280
0.074308
0.074336
0.074364
0.074392
0.074420
0.074448
0.074475
0.074503
0.074530
0.074558
0.074585
0.074612
0.074640
0.074667
0.074694
0.074721
0.074748
0.074775
0.074801
0.074828
0.074855
0.074881
0.074908
0.074934
0.074960
0.074986
0.075012
0.075038
0.075064
0.075090
0.075116
0.075142
0.075167
0.075193
0.075218
0.075243
0.075269
0.075294
0.075319
0.075344
0.075368
0.075393
0.075418
0.075442
0.075467
0.075491
0.075515
0.075539
0.075563
0.075587
0.075611
0.075635
0.075658
0.075682
0.075705
0.075728
0.075752
0.075775
0.075798
0.075820
0.075843
0.075866
0.075888
0.075910
0.075933
0.075955
0.075977
0.075999
0.076020
0.076042
0.076064
0.076085
0.076106
0.076127
0.076148
0.076169
0.076190
0.076211
0.076231
0.076252
0.076272
0.076292
0.076312
0.076332
0.076352
0.076371
0.076391
0.076410
0.076430
0.076449
0.076468
0.076486
0.076505
0.076524
0.076542
0.076560
0.076579
0.076597
0.076614
0.076632
0.076650
0.076667
0.076685
0.076702
0.076719
0.076736
0.076752
0.076769
0.076785
0.076802
0.076818
0.076834
0.076850
0.076866
0.076881
0.076897
0.076912
0.076927
0.076942
0.076957
0.076972
0.076986
0.077000
0.077015
0.077029
0.077043
0.077057
0.077070
0.077084
0.077097
0.077110
0.077123
0.077136
0.077149
0.077161
0.077174
0.077186
0.077198
0.077210
0.077222
0.077233
0.077245
0.077256
0.077267
0.077278
0.077289
0.077300
0.077310
0.077321
0.077331
0.077341
0.077351
0.077360
0.077370
0.077379
0.077389
0.077398
0.077407
0.077415
0.077424
0.077432
0.077441
0.077449
0.077457
0.077464
0.077472
0.077479
0.077487
0.077494
0.077501
0.077508
0.077514
0.077521
0.077527
0.077533
0.077539
0.077545
0.077551
0.077556
0.077561
0.077567
0.077572
0.077577
0.077581
0.077586
0.077590
0.077594
0.077598
0.077602
0.077606
0.077609
0.077613
0.077616
0.077619
0.077622
0.077625
0.077627
0.077630
0.077632
0.077634
0.077636
0.077638
0.077639
0.077641
0.077642
0.077643
0.077644
0.077645
0.077645
0.077646
0.077646
0.077646
0.077646
0.077646
0.077646
0.077645
0.077644
0.077644
0.077643
0.077641
0.077640
0.077639
0.077637
0.077635
0.077633
0.077631
0.077629
0.077627
0.077624
0.077621
0.077618
0.077615
0.077612
0.077609
0.077605
0.077602
0.077598
0.077594
0.077590
0.077585
0.077581
0.077576
0.077572
0.077567
0.077562
0.077557
0.077551
0.077546
0.077540
0.077534
0.077528
0.077522
0.077516
0.077510
0.077503
0.077497
0.077490
0.077483
0.077476
0.077468
0.077461
0.077453
0.077446
0.077438
0.077430
0.077422
0.077414
0.077405
0.077397
0.077388
0.077379
0.077370
0.077361
0.077352
0.077342
0.077333
0.077323
0.077313
0.077303
0.077293
0.077283
0.077273
0.077262
0.077252
0.077241
0.077230
0.077219
0.077208
0.077197
0.077185
0.077174
0.077162
0.077150
0.077138
0.077126
0.077114
0.077102
0.077089
0.077077
0.077064
0.077051
0.077038
0.077025
0.077012
0.076999
0.076986
0.076972
0.076958
0.076945
0.076931
0.076917
0.076902
0.076888
0.076874
0.076859
0.076845
0.076830
0.076815
0.076800
0.076785
0.076770
0.076755
0.076739
0.076724
0.076708
0.076692
0.076677
0.076661
0.076645
0.076628
0.076612
0.076596
0.076579
0.076563
0.076546
0.076529
0.076512
0.076495
0.076478
0.076461
0.076444
0.076426
0.076409
0.076391
0.076374
0.076356
0.076338
0.076320
0.076302
0.076284
0.076265
0.076247
0.076229
0.076210
0.076191
0.076173
0.076154
0.076135
0.076116
0.076097
0.076078
0.076058
0.076039
0.076020
0.076000
0.075981
0.075961
0.075941
0.075921
0.075901
0.075881
0.075861
0.075841
0.075821
0.075800
0.075780
0.075760
0.075739
0.075718
0.075698
0.075677
0.075656
0.075635
0.075614
0.075593
0.075572
0.075551
0.075529
0.075508
0.075486
0.075465
0.075443
0.075422
0.075400
0.075378
0.075356
0.075335
0.075313
0.075291
0.075268
0.075246
0.075224
0.075202
0.075180
0.075157
0.075135
0.075112
0.075090
0.075067
0.075044
0.075022
0.074999
0.074976
0.074953
0.074930
0.074907
0.074884
0.074861
0.074838
0.074814
0.074791
0.074768
0.074745
0.074721
0.074698
0.074674
0.074651
0.074627
0.074603
0.074580
0.074556
0.074532
0.074508
0.074485
0.074461
0.074437
0.074413
0.074389
0.074365
0.074340
0.074316
0.074292
0.074268
0.074244
0.074219
0.074195
0.074171
0.074146
0.074122
0.074097
0.074073
0.074048
0.074024
0.073999
0.073975
0.073950
0.073925
0.073901
0.073876
0.073851
0.073826
0.073801
0.073777
0.073752
0.073727
0.073702
0.073677
0.073652
0.073627
0.073602
0.073577
0.073552
0.073527
0.073502
0.073477
0.073451
0.073426
0.073401
0.073376
0.073351
0.073325
0.073300
0.073275
0.073250
0.073224
0.073199
0.073174
0.073148
0.073123
0.073098
0.073072
0.073047
0.073022
0.072996
0.072971
0.072945
0.072920
0.072894
0.072869
0.072843
0.072818
0.072793
0.072767
0.072742
0.072716
0.072691
0.072665
0.072640
0.072614
0.072588
0.072563
0.072537
0.072512
0.072486
0.072461
0.072435
0.072410
0.072384
0.072359
0.072333
0.072308
0.072282
0.072257
0.072231
0.072205
0.072180
0.072154
0.072129
0.072103
0.072078
0.072052
0.072027
0.072001
0.071976
0.071950
0.071925
0.071900
0.071874
0.071849
0.071823
0.071798
0.071772
0.071747
0.071722
0.071696
0.071671
0.071645
0.071620
0.071595
0.071569
0.071544
0.071519
0.071494
0.071468
0.071443
0.071418
0.071393
0.071367
0.071342
0.071317
0.071292
0.071267
0.071241
0.071216
0.071191
0.071166
0.071141
0.071116
0.071091
0.071066
0.071041
0.071016
0.070991
0.070966
0.070941
0.070916
0.070892
0.070867
0.070842
0.070817
0.070792
0.070768
0.070743
0.070718
0.070693
0.070669
0.070644
0.070620
0.070595
0.070570
0.070546
0.070521
0.070497
0.070472
0.070448
0.070424
0.070399
0.070375
0.070351
0.070326
0.070302
0.070278
0.070254
0.070229
0.070205
0.070181
0.070157
0.070133
0.070109
0.070085
0.070061
0.070037
0.070013
0.069989
0.069966
0.069942
0.069918
0.069894
0.069871
0.069847
0.069823
0.069800
0.069776
0.069753
0.069729
0.069706
0.069682
0.069659
0.069636
0.069612
0.069589
0.069566
0.069543
0.069519
0.069496
0.069473
0.069450
0.069427
0.069404
0.069381
0.069358
0.069335
0.069313
0.069290
0.069267
0.069244
0.069222
0.069199
0.069176
0.069154
0.069131
0.069109
0.069087
0.069064
0.069042
0.069019
0.068997
0.068975
0.068953
0.068931
0.068909
0.068887
0.068865
0.068843
0.068821
0.068799
0.068777
0.068755
0.068733
0.068712
0.068690
0.068668
0.068647
0.068625
0.068604
0.068582
0.068561
0.068540
0.068518
0.068497
0.068476
0.068455
0.068433
0.068412
0.068391
0.068370
0.068349
0.068329
0.068308
0.068287
0.068266
0.068245
0.068225
0.068204
0.068184
0.068163
0.068143
0.068122
0.068102
0.068082
0.068061
0.068041
0.068021
0.068001
0.067981
0.067961
0.067941
0.067921
0.067901
0.067881
0.067861
0.067841
0.067822
0.067802
0.067782
0.067763
0.067743
0.067724
0.067700
0.067672
0.067641
0.067605
0.067566
0.067523
0.067477
0.067428
0.067376
0.067320
0.067262
0.067202
0.067138
0.067072
0.067004
0.066933
0.066861
0.066786
0.066709
0.066630
0.066549
0.066467
0.066383
0.066297
0.066210
0.066121
0.066031
0.065939
0.065846
0.065752
0.065657
0.065561
0.065464
0.065366
0.065267
0.065167
0.065066
0.064965
0.064863
0.064760
0.064657
0.064554
0.064449
0.064345
0.064240
0.064135
0.064029
0.063923
0.063818
0.063711
0.063605
0.063499
0.063393
0.063286
0.063180
0.063074
0.062968
0.062862
0.062756
0.062651
0.062546
0.062441
0.062336
0.062232
0.062128
0.062024
0.061921
0.061818
0.061716
0.061614
0.061513
0.061412
0.061312
0.061213
0.061114
0.061015
0.060918
0.060821
0.060724
0.060628
0.060533
0.060439
0.060346
0.060253
0.060161
0.060070
0.059979
0.059889
0.059801
0.059713
0.059625
0.059539
0.059454
0.059369
0.059285
0.059202
0.059120
0.059039
0.058959
0.058880
0.058801
0.058724
0.058647
0.058571
0.058497
0.058423
0.058350
0.058278
0.058207
0.058137
0.058068
0.058000
0.057932
0.057866
0.057801
0.057736
0.057673
0.057610
0.057548
0.057488
0.057428
0.057369
0.057311
0.057254
0.057198
0.057143
0.057089
0.057035
0.056983
0.056931
0.056881
0.056831
0.056782
0.056734
0.056687
0.056641
0.056595
0.056551
0.056507
0.056464
0.056422
0.056381
0.056341
0.056301
0.056262
0.056225
0.056188
0.056151
0.056116
0.056081
0.056047
0.056014
0.055981
0.055950
0.055919
0.055889
0.055859
0.055830
0.055802
0.055775
0.055748
0.055722
0.055697
0.055672
0.055648
0.055625
0.055602
0.055580
0.055559
0.055538
0.055518
0.055498
0.055479
0.055461
0.055443
0.055426
0.055409
0.055393
0.055378
0.055362
0.055348
0.055334
0.055320
0.055307
0.055295
0.055283
0.055272
0.055260
0.055250
0.055240
0.055230
0.055221
0.055212
0.055204
0.055196
0.055188
0.055181
0.055174
0.055168
0.055162
0.055156
0.055151
0.055146
0.055142
0.055138
0.055134
0.055130
0.055127
0.055124
0.055121
0.055119
0.055117
0.055115
0.055114
0.055113
0.055112
0.055111
0.055111
0.055111
0.055111
0.055111
0.055112
0.055113
0.055114
0.055115
0.055117
0.055118
0.055120
0.055122
0.055125
0.055127
0.055130
0.055132
0.055135
0.055139
0.055142
0.055145
0.055149
0.055152
0.055156
0.055160
0.055164
0.055169
0.055173
0.055177
0.055182
0.055187
0.055191
0.055196
0.055201
0.055206
0.055211
0.055217
0.055222
0.055227
0.055233
0.055238
0.055244
0.055250
0.055255
0.055261
0.055267
0.055273
0.055279
0.055285
0.055291
0.055297
0.055303
0.055309
0.055315
0.055321
0.055327
0.055333
0.055340
0.055346
0.055352
0.055358
0.055365
0.055371
0.055377
0.055384
0.055390
0.055396
0.055403
0.055409
0.055415
0.055422
0.055428
0.055434
0.055440
0.055447
0.055453
0.055459
0.055465
0.055472
0.055478
0.055484
0.055490
0.055496
0.055502
0.055508
0.055515
0.055521
0.055527
0.055533
0.055539
0.055544
0.055550
0.055556
0.055562
0.055568
0.055574
0.055579
0.055585
0.055591
0.055596
0.055602
0.055608
0.055613
0.055619
0.055624
0.055630
0.055635
0.055640
0.055646
0.055651
0.055656
0.055661
0.055666
0.055672
0.055677
0.055682
0.055687
0.055692
0.055697
0.055702
0.055706
0.055711
0.055716
0.055721
0.055726
0.055730
0.055735
0.055739
0.055744
0.055748
0.055753
0.055757
0.055762
0.055766
0.055771
0.055775
0.055779
0.055783
0.055787
0.055792
0.055796
0.055800
0.055804
0.055808
0.055812
0.055816
0.055820
0.055824
0.055827
0.055831
0.055835
0.055839
0.055843
0.055846
0.055850
0.055854
0.055857
0.055861
0.055864
0.055868
0.055871
0.055875
0.055878
0.055882
0.055885
0.055888
0.055892
0.055895
0.055898
0.055902
0.055905
0.055908
0.055911
0.055914
0.055918
0.055921
0.055924
0.055927
0.055930
0.055933
0.055936
0.055939
0.055942
0.055945
0.055948
0.055951
0.055954
0.055957
0.055960
0.055962
0.055965
0.055968
0.055971
0.055974
0.055977
0.055979
0.055982
0.055985
0.055988
0.055990
0.055993
0.055996
0.055999
0.056001
0.056004
0.056007
0.056009
0.056012
0.056015
0.056017
0.056020
0.056022
0.056025
0.056028
0.056030
0.056033
0.056035
0.056038
0.056041
0.056043
0.056046
0.056048
0.056051
0.056053
0.056056
0.056059
0.056061
0.056064
0.056066
0.056069
0.056071
0.056074
0.056076
0.056079
0.056081
0.056084
0.056086
0.056089
0.056091
0.056094
0.056096
0.056099
0.056101
0.056104
0.056107
0.056109
0.056112
0.056114
0.056117
0.056119
0.056122
0.056124
0.056127
0.056129
0.056132
0.056134
0.056137
0.056139
0.056142
0.056145
0.056147
0.056150
0.056152
0.056155
0.056157
0.056160
0.056162
0.056165
0.056168
0.056170
0.056173
0.056175
0.056178
0.056181
0.056183
0.056186
0.056188
0.056191
0.056194
0.056196
0.056199
0.056202
0.056204
0.056207
0.056209
0.056212
0.056215
0.056217
0.056220
0.056223
0.056225
0.056228
0.056231
0.056233
0.056236
0.056239
0.056242
0.056244
0.056247
0.056250
0.056252
0.056255
0.056258
0.056261
0.056263
0.056266
0.056269
0.056272
0.056274
0.056277
0.056280
0.056283
0.056285
0.056288
0.056291
0.056294
0.056297
0.056299
0.056302
0.056305
0.056308
0.056311
0.056313
0.056316
0.056319
0.056322
0.056325
0.056328
0.056330
0.056333
0.056336
0.056339
0.056342
0.056345
0.056348
0.056351
0.056353
0.056356
0.056359
0.056362
0.056365
0.056368
0.056371
0.056374
0.056377
0.056380
0.056382
0.056385
0.056388
0.056391
0.056394
0.056397
0.056400
0.056403
0.056406
0.056409
0.056412
0.056415
0.056418
0.056421
0.056424
0.056427
0.056430
0.056433
0.056436
0.056439
0.056442
0.056445
0.056448
0.056451
0.056454
0.056457
0.056460
0.056463
0.056466
0.056469
0.056472
0.056475
0.056478
0.056481
0.056484
0.056487
0.056490
0.056493
0.056496
0.056499
0.056502
0.056505
0.056508
0.056512
0.056515
0.056518
0.056521
0.056524
0.056527
0.056530
0.056533
0.056536
0.056539
0.056542
0.056546
0.056549
0.056552
0.056555
0.056558
0.056561
0.056564
0.056567
0.056571
0.056574
0.056577
0.056580
0.056583
0.056586
0.056589
0.056593
0.056596
0.056599
0.056602
0.056605
0.056608
0.056612
0.056615
0.056618
0.056621
0.056624
0.056628
0.056631
0.056634
0.056637
0.056640
0.056644
0.056647
0.056650
0.056653
0.056657
0.056660
0.056663
0.056666
0.056670
0.056673
0.056676
0.056679
0.056683
0.056686
0.056689
0.056693
0.056696
0.056699
0.056703
0.056706
0.056709
0.056713
0.056716
0.056719
0.056723
0.056726
0.056729
0.056733
0.056736
0.056740
0.056743
0.056746
0.056750
0.056753
0.056757
0.056760
0.056763
0.056767
0.056770
0.056774
0.056777
0.056781
0.056784
0.056788
0.056791
0.056795
0.056798
0.056802
0.056805
0.056809
0.056812
0.056816
0.056820
0.056823
0.056827
0.056830
0.056834
0.056838
0.056841
0.056845
0.056849
0.056852
0.056856
0.056860
0.056863
0.056867
0.056871
0.056875
0.056878
0.056882
0.056886
0.056890
0.056893
0.056897
0.056901
0.056905
0.056909
0.056913
0.056917
0.056920
0.056924
0.056928
0.056932
0.056936
0.056940
0.056944
0.056948
0.056952
0.056956
0.056960
0.056964
0.056968
0.056972
0.056976
0.056980
0.056985
0.056989
0.056993
0.056997
0.057001
0.057005
0.057010
0.057014
0.057018
0.057022
0.057027
0.057031
0.057035
0.057040
0.057044
0.057049
0.057053
0.057057
0.057062
0.057066
0.057071
0.057075
0.057080
0.057084
0.057089
0.057093
0.057098
0.057103
0.057107
0.057112
0.057117
0.057121
0.057126
0.057131
0.057136
0.057140
0.057145
0.057150
0.057155
0.057160
0.057165
0.057170
0.057175
0.057180
0.057185
0.057190
0.057195
0.057200
0.057205
0.057210
0.057215
0.057220
0.057226
0.057231
0.057236
0.057241
0.057247
0.057252
0.057257
0.057263
0.057268
0.057274
0.057279
0.057285
0.057290
0.057296
0.057301
0.057307
0.057313
0.057318
0.057324
0.057330
0.057335
0.057341
0.057347
0.057353
0.057359
0.057365
0.057371
0.057377
0.057383
0.057389
0.057395
0.057401
0.057407
0.057413
0.057419
0.057426
0.057432
0.057438
0.057445
0.057451
0.057457
0.057464
0.057470
0.057477
0.057483
0.057490
0.057496
0.057503
0.057510
0.057516
0.057523
0.057530
0.057537
0.057544
0.057551
0.057557
0.057564
0.057571
0.057578
0.057586
0.057593
0.057600
0.057607
0.057614
0.057622
0.057629
0.057636
0.057644
0.057651
0.057658
0.057666
0.057673
0.057681
0.057689
0.057696
0.057704
0.057712
0.057720
0.057727
0.057735
0.057743
0.057751
0.057759
0.057767
0.057775
0.057783
0.057792
0.057800
0.057808
0.057816
0.057825
0.057833
0.057841
0.057850
0.057858
0.057867
0.057876
0.057884
0.057893
0.057902
0.057910
0.057919
0.057928
0.057937
0.057946
0.057955
0.057964
0.057973
0.057982
0.057991
0.058001
0.058010
0.058019
0.058029
0.058038
0.058048
0.058057
0.058067
0.058076
0.058086
0.058096
0.058106
0.058115
0.058125
0.058135
0.058145
0.058155
0.058165
0.058175
0.058185
0.058196
0.058206
0.058216
0.058227
0.058237
0.058247
0.058258
0.058269
0.058279
0.058290
0.058301
0.058311
0.058322
0.058333
0.058344
0.058355
0.058366
0.058377
0.058388
0.058399
0.058411
0.058422
0.058433
0.058445
0.058456
0.058468
0.058479
0.058491
0.058502
0.058514
0.058526
0.058538
0.058550
0.058561
0.058573
0.058585
0.058598
0.058610
0.058622
0.058634
0.058646
0.058659
0.058671
0.058684
0.058696
0.058709
0.058721
0.058734
0.058747
0.058760
0.058773
0.058785
0.058798
0.058811
0.058825
0.058838
0.058851
0.058864
0.058877
0.058891
0.058904
0.058918
0.058931
0.058945
0.058958
0.058972
0.058986
0.058999
0.059013
0.059027
0.059041
0.059055
0.059069
0.059083
0.059097
0.059112
0.059126
0.059140
0.059155
0.059169
0.059184
0.059198
0.059213
0.059227
0.059242
0.059257
0.059272
0.059286
0.059301
0.059316
0.059331
0.059346
0.059362
0.059377
0.059392
0.059407
0.059423
0.059438
0.059454
0.059469
0.059485
0.059500
0.059516
0.059532
0.059547
0.059563
0.059579
0.059595
0.059611
0.059627
0.059643
0.059659
0.059676
0.059692
0.059708
0.059725
0.059741
0.059758
0.059774
0.059791
0.059807
0.059824
0.059841
0.059858
0.059875
0.059891
0.059908
0.059925
0.059942
0.059960
0.059977
0.059994
0.060011
0.060029
0.060046
0.060063
0.060081
0.060098
0.060116
0.060134
0.060151
0.060169
0.060187
0.060205
0.060223
0.060241
0.060259
0.060277
0.060295
0.060313
0.060331
0.060349
0.060368
0.060386
0.060404
0.060423
0.060441
0.060460
0.060478
0.060497
0.060516
0.060535
0.060553
0.060572
0.060591
0.060610
0.060629
0.060648
0.060667
0.060686
0.060705
0.060724
0.060744
0.060763
0.060782
0.060802
0.060821
0.060840
0.060860
0.060879
0.060899
0.060919
0.060938
0.060958
0.060978
0.060998
0.061017
0.061037
0.061057
0.061077
0.061097
0.061117
0.061137
0.061157
0.061178
0.061198
0.061218
0.061238
0.061258
0.061279
0.061299
0.061320
0.061340
0.061360
0.061381
0.061402
0.061422
0.061443
0.061463
0.061484
0.061505
0.061525
0.061546
0.061567
0.061588
0.061609
0.061630
0.061651
0.061672
0.061693
0.061714
0.061735
0.061756
0.061777
0.061798
0.061819
0.061840
0.061861
0.061883
0.061904
0.061925
0.061946
0.061968
0.061989
0.062010
0.062032
0.062053
0.062074
0.062096
0.062117
0.062139
0.062160
0.062181
0.062203
0.062224
0.062246
0.062267
0.062289
0.062310
0.062332
0.062353
0.062375
0.062396
0.062418
0.062440
0.062461
0.062483
0.062504
0.062526
0.062547
0.062569
0.062590
0.062612
0.062634
0.062655
0.062677
0.062698
0.062720
0.062741
0.062763
0.062784
0.062806
0.062828
0.062849
0.062871
0.062892
0.062914
0.062935
0.062957
0.062978
0.063000
0.063021
0.063042
0.063064
0.063085
0.063107
0.063128
0.063149
0.063171
0.063192
0.063214
0.063235
0.063256
0.063277
0.063299
0.063320
0.063341
0.063362
0.063383
0.063405
0.063426
0.063447
0.063468
0.063489
0.063510
0.063531
0.063552
0.063573
0.063594
0.063614
0.063635
0.063656
0.063677
0.063698
0.063718
0.063739
0.063760
0.063780
0.063801
0.063821
0.063842
0.063862
0.063883
0.063903
0.063923
0.063944
0.063964
0.063984
0.064004
0.064024
0.064045
0.064065
0.064085
0.064104
0.064124
0.064144
0.064164
0.064184
0.064203
0.064223
0.064243
0.064262
0.064282
0.064301
0.064320
0.064340
0.064359
0.064378
0.064397
0.064417
0.064436
0.064455
0.064473
0.064492
0.064511
0.064530
0.064548
0.064567
0.064586
0.064604
0.064623
0.064641
0.064659
0.064677
0.064695
0.064714
0.064732
0.064749
0.064767
0.064785
0.064803
0.064820
0.064838
0.064855
0.064873
0.064890
0.064908
0.064925
0.064942
0.064959
0.064976
0.064993
0.065009
0.065026
0.065043
0.065059
0.065076
0.065092
0.065108
0.065125
0.065141
0.065157
0.065173
0.065189
0.065204
0.065220
0.065236
0.065251
0.065267
0.065282
0.065297
0.065312
0.065327
0.065342
0.065357
0.065372
0.065386
0.065401
0.065415
0.065430
0.065444
0.065458
0.065472
0.065486
0.065500
0.065514
0.065528
0.065541
0.065555
0.065568
0.065581
0.065594
0.065607
0.065620
0.065633
0.065646
0.065659
0.065671
0.065684
0.065696
0.065708
0.065720
0.065732
0.065744
0.065756
0.065767
0.065779
0.065790
0.065802
0.065813
0.065824
0.065835
0.065846
0.065856
0.065867
0.065878
0.065888
0.065898
0.065908
0.065918
0.065928
0.065938
0.065948
0.065957
0.065967
0.065976
0.065985
0.065994
0.066003
0.066012
0.066021
0.066030
0.066038
0.066046
0.066055
0.066063
0.066071
0.066079
0.066086
0.066094
0.066101
0.066109
0.066116
0.066123
0.066130
0.066137
0.066144
0.066150
0.066157
0.066163
0.066169
0.066176
0.066182
0.066187
0.066193
0.066199
0.066204
0.066209
0.066215
0.066220
0.066225
0.066229
0.066234
0.066239
0.066243
0.066247
0.066252
0.066256
0.066260
0.066263
0.066267
0.066270
0.066274
0.066277
0.066280
0.066283
0.066286
0.066289
0.066291
0.066294
0.066296
0.066298
0.066300
0.066302
0.066304
0.066306
0.066307
0.066309
0.066310
0.066311
0.066312
0.066313
0.066314
0.066314
0.066315
0.066315
0.066315
0.066315
0.066315
0.066315
0.066315
0.066314
0.066314
0.066313
0.066312
0.066311
0.066310
0.066309
0.066308
0.066306
0.066305
0.066303
0.066301
0.066299
0.066297
0.066295
0.066292
0.066290
0.066287
0.066284
0.066281
0.066278
0.066275
0.066272
0.066268
0.066265
0.066261
0.066257
0.066253
0.066249
0.066245
0.066241
0.066236
0.066231
0.066227
0.066222
0.066217
0.066212
0.066207
0.066201
0.066196
0.066190
0.066184
0.066179
0.066173
0.066167
0.066160
0.066154
0.066148
0.066141
0.066134
0.066127
0.066120
0.066113
0.066106
0.066099
0.066091
0.066084
0.066076
0.066068
0.066061
0.066053
0.066044
0.066036
0.066028
0.066019
0.066011
0.066002
0.065993
0.065984
0.065975
0.065966
0.065957
0.065947
0.065938
0.065928
0.065918
0.065908
0.065898
0.065888
0.065878
0.065868
0.065857
0.065847
0.065836
0.065825
0.065815
0.065804
0.065793
0.065781
0.065770
0.065759
0.065747
0.065736
0.065724
0.065712
0.065700
0.065688
0.065676
0.065664
0.065651
0.065639
0.065627
0.065614
0.065601
0.065588
0.065575
0.065562
0.065549
0.065536
0.065523
0.065509
0.065496
0.065482
0.065469
0.065455
0.065441
0.065427
0.065413
0.065399
0.065384
0.065370
0.065356
0.065341
0.065327
0.065312
0.065297
0.065282
0.065267
0.065252
0.065237
0.065222
0.065206
0.065191
0.065176
0.065160
0.065144
0.065129
0.065113
0.065097
0.065081
0.065065
0.065049
0.065033
0.065016
0.065000
0.064984
0.064967
0.064950
0.064934
0.064917
0.064900
0.064883
0.064866
0.064849
0.064832
0.064815
0.064798
0.064780
0.064763
0.064746
0.064728
0.064711
0.064693
0.064675
0.064657
0.064639
0.064622
0.064604
0.064585
0.064567
0.064549
0.064531
0.064513
0.064494
0.064476
0.064457
0.064439
0.064420
0.064401
0.064383
0.064364
0.064345
0.064326
0.064307
0.064288
0.064269
0.064250
0.064231
0.064212
0.064192
0.064173
0.064154
0.064134
0.064115
0.064095
0.064076
0.064056
0.064036
0.064017
0.063997
0.063977
0.063957
0.063937
0.063917
0.063897
0.063877
0.063857
0.063837
0.063817
0.063797
0.063776
0.063756
0.063736
0.063715
0.063695
0.063675
0.063654
0.063634
0.063613
0.063592
0.063572
0.063551
0.063530
0.063510
0.063489
0.063468
0.063447
0.063426
0.063406
0.063385
0.063364
0.063343
0.063322
0.063301
0.063280
0.063259
0.063237
0.063216
0.063195
0.063174
0.063153
0.063131
0.063110
0.063089
0.063068
0.063046
0.063025
0.063003
0.062982
0.062961
0.062939
0.062918
0.062896
0.062875
0.062853
0.062832
0.062810
0.062789
0.062767
0.062745
0.062724
0.062702
0.062681
0.062659
0.062637
0.062616
0.062594
0.062572
0.062550
0.062529
0.062507
0.062485
0.062464
0.062442
0.062420
0.062398
0.062376
0.062355
0.062333
0.062311
0.062289
0.062267
0.062246
0.062224
0.062202
0.062180
0.062158
0.062136
0.062115
0.062093
0.062071
0.062049
0.062027
0.062005
0.061984
0.061962
0.061940
0.061918
0.061896
0.061874
0.061853
0.061831
0.061809
0.061787
0.061765
0.061743
0.061722
0.061700
0.061678
0.061656
0.061635
0.061613
0.061591
0.061569
0.061547
0.061526
0.061504
0.061482
0.061461
0.061439
0.061417
0.061396
0.061374
0.061352
0.061331
0.061309
0.061287
0.061266
0.061244
0.061223
0.061201
0.061180
0.061158
0.061136
0.061115
0.061094
0.061072
0.061051
0.061029
0.061008
0.060986
0.060965
0.060944
0.060922
0.060901
0.060880
0.060858
0.060837
0.060816
0.060795
0.060774
0.060752
0.060731
0.060710
0.060689
0.060668
0.060647
0.060626
0.060605
0.060584
0.060563
0.060542
0.060521
0.060500
0.060479
0.060458
0.060438
0.060417
0.060396
0.060375
0.060355
0.060334
0.060313
0.060293
0.060272
0.060252
0.060231
0.060211
0.060190
0.060170
0.060149
0.060129
0.060109
0.060088
0.060068
0.060048
0.060027
0.060007
0.059987
0.059967
0.059947
0.059927
0.059907
0.059887
0.059867
0.059847
0.059827
0.059807
0.059787
0.059768
0.059748
0.059728
0.059708
0.059689
0.059669
0.059650
0.059630
0.059611
0.059591
0.059572
0.059552
0.059533
0.059514
0.059494
0.059475
0.059456
0.059437
0.059418
0.059399
0.059380
0.059361
0.059342
0.059323
0.059304
0.059285
0.059266
0.059247
0.059229
0.059210
0.059191
0.059173
0.059154
0.059136
0.059117
0.059099
0.059080
0.059062
0.059044
0.059026
0.059007
0.058989
0.058971
0.058953
0.058935
0.058917
0.058899
0.058881
0.058863
0.058845
0.058828
0.058810
0.058792
0.058775
0.058757
0.058740
0.058722
0.058705
0.058687
0.058670
0.058653
0.058635
0.058618
0.058601
0.058584
0.058567
0.058550
0.058533
0.058516
0.058499
0.058482
0.058465
0.058448
0.058432
0.058415
0.058399
0.058382
0.058365
0.058349
0.058333
0.058316
0.058300
0.058284
0.058267
0.058251
0.058235
0.058219
0.058203
0.058187
0.058171
0.058155
0.058140
0.058124
0.058108
0.058092
0.058077
0.058061
0.058046
0.058030
0.058015
0.058000
0.057984
0.057969
0.057954
0.057939
0.057924
0.057909
0.057894
0.057879
0.057864
0.057849
0.057834
0.057819
0.057805
0.057790
0.057776
0.057761
0.057747
0.057732
0.057718
0.057703
0.057689
0.057675
0.057661
0.057647
0.057633
0.057619
0.057605
0.057591
0.057577
0.057563
0.057549
0.057536
0.057522
0.057509
0.057495
0.057482
0.057468
0.057455
0.057442
0.057428
0.057415
0.057402
0.057389
0.057376
0.057363
0.057350
0.057337
0.057324
0.057311
0.057299
0.057286
0.057274
0.057261
0.057248
0.057236
0.057224
0.057211
0.057199
0.057187
0.057175
0.057163
0.057150
0.057138
0.057127
0.057115
0.057103
0.057091
0.057079
0.057068
0.057056
0.057044
0.057033
0.057021
0.057010
0.056999
0.056987
0.056976
0.056965
0.056954
0.056943
0.056932
0.056921
0.056910
0.056899
0.056888
0.056877
0.056867
0.056856
0.056845
0.056835
0.056824
0.056814
0.056804
0.056793
0.056783
0.056773
0.056763
0.056753
0.056742
0.056732
0.056723
0.056713
0.056703
0.056693
0.056683
0.056674
0.056664
0.056654
0.056645
0.056636
0.056626
0.056617
0.056607
0.056598
0.056589
0.056580
0.056571
0.056562
0.056553
0.056544
0.056535
0.056526
0.056517
0.056509
0.056500
0.056492
0.056483
0.056474
0.056466
0.056458
0.056449
0.056441
0.056433
0.056425
0.056417
0.056408
0.056400
0.056392
0.056385
0.056377
0.056369
0.056361
0.056353
0.056346
0.056338
0.056331
0.056323
0.056316
0.056308
0.056301
0.056294
0.056286
0.056279
0.056272
0.056265
0.056258
0.056251
0.056244
0.056237
0.056230
0.056224
0.056217
0.056210
0.056204
0.056197
0.056191
0.056184
0.056178
0.056171
0.056165
0.056159
0.056152
0.056146
0.056140
0.056134
0.056128
0.056122
0.056116
0.056110
0.056105
0.056099
0.056093
0.056087
0.056082
0.056076
0.056071
0.056065
0.056060
0.056054
0.056049
0.056044
0.056038
0.056033
0.056028
0.056023
0.056018
0.056013
0.056008
0.056003
0.055998
0.055993
0.055989
0.055984
0.055979
0.055975
0.055970
0.055966
0.055961
0.055957
0.055952
0.055948
0.055944
0.055939
0.055935
0.055931
0.055927
0.055923
0.055919
0.055915
0.055911
0.055907
0.055903
0.055899
0.055896
0.055892
0.055888
0.055885
0.055881
0.055878
0.055874
0.055871
0.055867
0.055864
0.055861
0.055857
0.055854
0.055851
0.055848
0.055845
0.055842
0.055839
0.055836
0.055833
0.055830
0.055827
0.055824
0.055821
0.055819
0.055816
0.055813
0.055811
0.055808
0.055806
0.055803
0.055801
0.055798
0.055796
0.055794
0.055791
0.055789
0.055787
0.055785
0.055783
0.055781
0.055778
0.055776
0.055775
0.055773
0.055771
0.055769
0.055767
0.055765
0.055764
0.055762
0.055760
0.055759
0.055757
0.055755
0.055754
0.055752
0.055751
0.055750
0.055748
0.055747
0.055746
0.055744
0.055743
0.055742
0.055741
0.055740
0.055739
0.055738
0.055737
0.055736
0.055735
0.055734
0.055733
0.055732
0.055731
0.055731
0.055730
0.055729
0.055728
0.055728
0.055727
0.055727
0.055726
0.055726
0.055725
0.055725
0.055724
0.055724
0.055724
0.055723
0.055723
0.055723
0.055723
0.055722
0.055722
0.055722
0.055722
0.055722
0.055722
0.055722
0.055722
0.055722
0.055722
0.055722
0.055722
0.055723
0.055723
0.055723
0.055723
0.055724
0.055724
0.055724
0.055725
0.055725
0.055726
0.055726
0.055726
0.055727
0.055728
0.055728
0.055729
0.055729
0.055730
0.055731
0.055731
0.055732
0.055733
0.055734
0.055734
0.055735
0.055736
0.055737
0.055738
0.055739
0.055740
0.055741
0.055742
0.055743
0.055744
0.055745
0.055746
0.055747
0.055748
0.055749
0.055751
0.055752
0.055753
0.055754
0.055756
0.055757
0.055758
0.055760
0.055761
0.055762
0.055764
0.055765
0.055767
0.055768
0.055770
0.055771
0.055773
0.055774
0.055776
0.055778
0.055779
0.055781
0.055782
0.055784
0.055786
0.055788
0.055789
0.055791
0.055793
0.055795
0.055796
0.055798
0.055800
0.055802
0.055804
0.055806
0.055808
0.055810
0.055812
0.055813
0.055815
0.055817
0.055819
0.055822
0.055824
0.055826
0.055828
0.055830
0.055832
0.055834
0.055836
0.055838
0.055841
0.055843
0.055845
0.055847
0.055849
0.055852
0.055854
0.055856
0.055858
0.055861
0.055863
0.055865
0.055868
0.055870
0.055873
0.055875
0.055877
0.055880
0.055882
0.055885
0.055887
0.055889
0.055892
0.055894
0.055897
0.055899
0.055902
0.055904
0.055907
0.055910
0.055912
0.055915
0.055917
0.055920
0.055922
0.055925
0.055928
0.055930
0.055933
0.055936
0.055938
0.055941
0.055944
0.055946
0.055949
0.055952
0.055954
0.055957
0.055960
0.055963
0.055965
0.055968
0.055971
0.055974
0.055977
0.055979
0.055982
0.055985
0.055988
0.055991
0.055993
0.055996
0.055999
0.056002
0.056005
0.056008
0.056011
0.056013
0.056016
0.056019
0.056022
0.056025
0.056028
0.056031
0.056034
0.056037
0.056040
0.056042
0.056045
0.056048
0.056051
0.056054
0.056057
0.056060
0.056063
0.056066
0.056069
0.056072
0.056075
0.056078
0.056081
0.056084
0.056087
0.056090
0.056093
0.056096
0.056099
0.056102
0.056105
0.056108
0.056111
0.056114
0.056117
0.056120
0.056123
0.056127
0.056130
0.056133
0.056136
0.056139
0.056142
0.056145
0.056148
0.056151
0.056154
0.056157
0.056160
0.056163
0.056166
0.056170
0.056173
0.056176
0.056179
0.056182
0.056185
0.056188
0.056191
0.056194
0.056197
0.056200
0.056204
0.056207
0.056210
0.056213
0.056216
0.056219
0.056222
0.056225
0.056228
0.056232
0.056235
0.056238
0.056241
0.056244
0.056247
0.056250
0.056253
0.056256
0.056260
0.056263
0.056266
0.056269
0.056272
0.056275
0.056278
0.056281
0.056285
0.056288
0.056291
0.056294
0.056297
0.056300
0.056303
0.056306
0.056309
0.056313
0.056316
0.056319
0.056322
0.056325
0.056328
0.056331
0.056334
0.056338
0.056341
0.056344
0.056347
0.056350
0.056353
0.056356
0.056359
0.056362
0.056366
0.056369
0.056372
0.056375
0.056378
0.056381
0.056384
0.056387
0.056390
0.056394
0.056397
0.056400
0.056403
0.056406
0.056409
0.056412
0.056415
0.056418
0.056422
0.056425
0.056428
0.056431
0.056434
0.056437
0.056440
0.056443
0.056446
0.056450
0.056453
0.056456
0.056459
0.056462
0.056465
0.056468
0.056471
0.056474
0.056478
0.056481
0.056484
0.056487
0.056490
0.056493
0.056496
0.056499
0.056503
0.056506
0.056509
0.056512
0.056515
0.056518
0.056521
0.056524
0.056527
0.056531
0.056534
0.056537
0.056540
0.056543
0.056546
0.056549
0.056552
0.056556
0.056559
0.056562
0.056565
0.056568
0.056571
0.056574
0.056578
0.056581
0.056584
0.056587
0.056590
0.056593
0.056596
0.056600
0.056603
0.056606
0.056609
0.056612
0.056615
0.056619
0.056622
0.056625
0.056628
0.056631
0.056635
0.056638
0.056641
0.056644
0.056647
0.056651
0.056654
0.056657
0.056660
0.056663
0.056667
0.056670
0.056673
0.056676
0.056680
0.056683
0.056686
0.056689
0.056693
0.056696
0.056699
0.056703
0.056706
0.056709
0.056712
0.056716
0.056719
0.056722
0.056726
0.056729
0.056732
0.056736
0.056739
0.056742
0.056746
0.056749
0.056752
0.056756
0.056759
0.056763
0.056766
0.056769
0.056773
0.056776
0.056780
0.056783
0.056787
0.056790
0.056794
0.056797
0.056801
0.056804
0.056808
0.056811
0.056815
0.056818
0.056822
0.056825
0.056829
0.056832
0.056836
0.056840
0.056843
0.056847
0.056850
0.056854
0.056858
0.056861
0.056865
0.056869
0.056872
0.056876
0.056880
0.056884
0.056887
0.056891
0.056895
0.056899
0.056902
0.056906
0.056910
0.056914
0.056918
0.056922
0.056925
0.056929
0.056933
0.056937
0.056941
0.056945
0.056949
0.056953
0.056957
0.056961
0.056965
0.056969
0.056973
0.056977
0.056981
0.056985
0.056989
0.056994
0.056998
0.057002
0.057006
0.057010
0.057014
0.057019
0.057023
0.057027
0.057032
0.057036
0.057040
0.057045
0.057049
0.057053
0.057058
0.057062
0.057067
0.057071
0.057075
0.057080
0.057085
0.057089
0.057094
0.057098
0.057103
0.057107
0.057112
0.057117
0.057121
0.057126
0.057131
0.057136
0.057140
0.057145
0.057150
0.057155
0.057160
0.057165
0.057170
0.057175
0.057180
0.057185
0.057190
0.057195
0.057200
0.057205
0.057210
0.057215
0.057220
0.057225
0.057231
0.057236
0.057241
0.057247
0.057252
0.057257
0.057263
0.057268
0.057273
0.057279
0.057284
0.057290
0.057296
0.057301
0.057307
0.057312
0.057318
0.057324
0.057329
0.057335
0.057341
0.057347
0.057353
0.057359
0.057364
0.057370
0.057376
0.057382
0.057388
0.057394
0.057401
0.057407
0.057413
0.057419
0.057425
0.057432
0.057438
0.057444
0.057451
0.057457
0.057463
0.057470
0.057476
0.057483
0.057489
0.057496
0.057503
0.057509
0.057516
0.057523
0.057530
0.057536
0.057543
0.057550
0.057557
0.057564
0.057571
0.057578
0.057585
0.057592
0.057600
0.057607
0.057614
0.057621
0.057629
0.057636
0.057643
0.057651
0.057658
0.057666
0.057673
0.057681
0.057688
0.057696
0.057704
0.057712
0.057719
0.057727
0.057735
0.057743
0.057751
0.057759
0.057767
0.057775
0.057783
0.057791
0.057799
0.057808
0.057816
0.057824
0.057833
0.057841
0.057850
0.057858
0.057867
0.057875
0.057884
0.057893
0.057901
0.057910
0.057919
0.057928
0.057937
0.057946
0.057955
0.057964
0.057973
0.057982
0.057991
0.058001
0.058010
0.058019
0.058029
0.058038
0.058047
0.058057
0.058067
0.058076
0.058086
0.058096
0.058105
0.058115
0.058125
0.058135
0.058145
0.058155
0.058165
0.058175
0.058185
0.058195
0.058206
0.058216
0.058226
0.058237
0.058247
0.058258
0.058268
0.058279
0.058290
0.058300
0.058311
0.058322
0.058333
0.058344
0.058355
0.058366
0.058377
0.058388
0.058399
0.058410
0.058422
0.058433
0.058444
0.058456
0.058467
0.058479
0.058491
0.058502
0.058514
0.058526
0.058538
0.058549
0.058561
0.058573
0.058585
0.058597
0.058610
0.058622
0.058634
0.058646
0.058659
0.058671
0.058684
0.058696
0.058709
0.058721
0.058734
0.058747
0.058760
0.058773
0.058785
0.058798
0.058811
0.058825
0.058838
0.058851
0.058864
0.058877
0.058891
0.058904
0.058918
0.058931
0.058945
0.058958
0.058972
0.058986
0.058999
0.059013
0.059027
0.059041
0.059055
0.059069
0.059083
0.059097
0.059112
0.059126
0.059140
0.059155
0.059169
0.059184
0.059198
0.059213
0.059227
0.059242
0.059257
0.059272
0.059286
0.059301
0.059316
0.059331
0.059346
0.059362
0.059377
0.059392
0.059407
0.059423
0.059438
0.059454
0.059469
0.059485
0.059500
0.059516
0.059532
0.059547
0.059563
0.059579
0.059595
0.059611
0.059627
0.059643
0.059659
0.059676
0.059692
0.059708
0.059725
0.059741
0.059758
0.059774
0.059791
0.059807
0.059824
0.059841
0.059858
0.059874
0.059891
0.059908
0.059925
0.059942
0.059960
0.059977
0.059994
0.060011
0.060029
0.060046
0.060063
0.060081
0.060098
0.060116
0.060134
0.060151
0.060169
0.060187
0.060205
0.060223
0.060241
0.060259
0.060277
0.060295
0.060313
0.060331
0.060349
0.060368
0.060386
0.060404
0.060423
0.060441
0.060460
0.060478
0.060497
0.060516
0.060535
0.060553
0.060572
0.060591
0.060610
0.060629
0.060648
0.060667
0.060686
0.060705
0.060724
0.060744
0.060763
0.060782
0.060802
0.060821
0.060840
0.060860
0.060879
0.060899
0.060919
0.060938
0.060958
0.060978
0.060998
0.061017
0.061037
0.061057
0.061077
0.061097
0.061117
0.061137
0.061157
0.061177
0.061198
0.061218
0.061238
0.061258
0.061279
0.061299
0.061320
0.061340
0.061360
0.061381
0.061401
0.061422
0.061443
0.061463
0.061484
0.061505
0.061525
0.061546
0.061567
0.061588
0.061609
0.061630
0.061651
0.061671
0.061692
0.061714
0.061735
0.061756
0.061777
0.061798
0.061819
0.061840
0.061861
0.061883
0.061904
0.061925
0.061946
0.061968
0.061989
0.062010
0.062032
0.062053
0.062074
0.062096
0.062117
0.062139
0.062160
0.062181
0.062203
0.062224
0.062246
0.062267
0.062289
0.062310
0.062332
0.062353
0.062375
0.062396
0.062418
0.062439
0.062461
0.062483
0.062504
0.062526
0.062547
0.062569
0.062590
0.062612
0.062634
0.062655
0.062677
0.062698
0.062720
0.062741
0.062763
0.062784
0.062806
0.062828
0.062849
0.062871
0.062892
0.062914
0.062935
0.062957
0.062978
0.063000
0.063021
0.063042
0.063064
0.063085
0.063107
0.063128
0.063149
0.063171
0.063192
0.063213
0.063235
0.063256
0.063277
0.063299
0.063320
0.063341
0.063362
0.063383
0.063404
0.063426
0.063447
0.063468
0.063489
0.063510
0.063531
0.063552
0.063573
0.063594
0.063614
0.063635
0.063656
0.063677
0.063698
0.063718
0.063739
0.063760
0.063780
0.063801
0.063821
0.063842
0.063862
0.063883
0.063903
0.063923
0.063944
0.063964
0.063984
0.064004
0.064024
0.064044
0.064065
0.064085
0.064104
0.064124
0.064144
0.064164
0.064184
0.064203
0.064223
0.064243
0.064262
0.064282
0.064301
0.064320
0.064340
0.064359
0.064378
0.064397
0.064416
0.064436
0.064455
0.064473
0.064492
0.064511
0.064530
0.064548
0.064567
0.064586
0.064604
0.064622
0.064641
0.064659
0.064677
0.064695
0.064713
0.064731
0.064749
0.064767
0.064785
0.064803
0.064820
0.064838
0.064855
0.064873
0.064890
0.064907
0.064925
0.064942
0.064959
0.064976
0.064993
0.065009
0.065026
0.065043
0.065059
0.065076
0.065092
0.065108
0.065125
0.065141
0.065157
0.065173
0.065189
0.065204
0.065220
0.065236
0.065251
0.065266
0.065282
0.065297
0.065312
0.065327
0.065342
0.065357
0.065372
0.065386
0.065401
0.065415
0.065430
0.065444
0.065458
0.065472
0.065486
0.065500
0.065514
0.065528
0.065541
0.065555
0.065568
0.065581
0.065594
0.065607
0.065620
0.065633
0.065646
0.065659
0.065671
0.065684
0.065696
0.065708
0.065720
0.065732
0.065744
0.065756
0.065767
0.065779
0.065790
0.065802
0.065813
0.065824
0.065835
0.065846
0.065856
0.065867
0.065878
0.065888
0.065898
0.065908
0.065918
0.065928
0.065938
0.065948
0.065957
0.065967
0.065976
0.065985
0.065994
0.066003
0.066012
0.066021
0.066030
0.066038
0.066046
0.066055
0.066063
0.066071
0.066079
0.066086
0.066094
0.066101
0.066109
0.066116
0.066123
0.066130
0.066137
0.066144
0.066150
0.066157
0.066163
0.066169
0.066176
0.066182
0.066187
0.066193
0.066199
0.066204
0.066209
0.066215
0.066220
0.066225
0.066229
0.066234
0.066239
0.066243
0.066247
0.066252
0.066256
0.066260
0.066263
0.066267
0.066270
0.066274
0.066277
0.066280
0.066283
0.066286
0.066289
0.066291
0.066294
0.066296
0.066298
0.066300
0.066302
0.066304
0.066306
0.066307
0.066309
0.066310
0.066311
0.066312
0.066313
0.066314
0.066314
0.066315
0.066315
0.066315
0.066315
0.066315
0.066315
0.066315
0.066314
0.066314
0.066313
0.066312
0.066311
0.066310
0.066309
0.066308
0.066306
0.066305
0.066303
0.066301
0.066299
0.066297
0.066295
0.066292
0.066290
0.066287
0.066284
0.066281
0.066278
0.066275
0.066272
0.066268
0.066265
0.066261
0.066257
0.066253
0.066249
0.066245
0.066241
0.066236
0.066231
0.066227
0.066222
0.066217
0.066212
0.066207
0.066201
0.066196
0.066190
0.066184
0.066179
0.066173
0.066167
0.066160
0.066154
0.066148
0.066141
0.066134
0.066127
0.066121
0.066113
0.066106
0.066099
0.066092
0.066084
0.066076
0.066068
0.066061
0.066053
0.066044
0.066036
0.066028
0.066019
0.066011
0.066002
0.065993
0.065984
0.065975
0.065966
0.065957
0.065947
0.065938
0.065928
0.065918
0.065908
0.065898
0.065888
0.065878
0.065868
0.065857
0.065847
0.065836
0.065825
0.065815
0.065804
0.065793
0.065781
0.065770
0.065759
0.065747
0.065736
0.065724
0.065712
0.065700
0.065688
0.065676
0.065664
0.065651
0.065639
0.065627
0.065614
0.065601
0.065588
0.065575
0.065562
0.065549
0.065536
0.065523
0.065509
0.065496
0.065482
0.065469
0.065455
0.065441
0.065427
0.065413
0.065399
0.065384
0.065370
0.065356
0.065341
0.065327
0.065312
0.065297
0.065282
0.065267
0.065252
0.065237
0.065222
0.065207
0.065191
0.065176
0.065160
0.065144
0.065129
0.065113
0.065097
0.065081
0.065065
0.065049
0.065033
0.065016
0.065000
0.064984
0.064967
0.064950
0.064934
0.064917
0.064900
0.064883
0.064866
0.064849
0.064832
0.064815
0.064798
0.064781
0.064763
0.064746
0.064728
0.064711
0.064693
0.064675
0.064657
0.064639
0.064622
0.064604
0.064585
0.064567
0.064549
0.064531
0.064513
0.064494
0.064476
0.064457
0.064439
0.064420
0.064401
0.064383
0.064364
0.064345
0.064326
0.064307
0.064288
0.064269
0.064250
0.064231
0.064212
0.064192
0.064173
0.064154
0.064134
0.064115
0.064095
0.064076
0.064056
0.064036
0.064017
0.063997
0.063977
0.063957
0.063937
0.063917
0.063897
0.063877
0.063857
0.063837
0.063817
0.063797
0.063776
0.063756
0.063736
0.063715
0.063695
0.063675
0.063654
0.063634
0.063613
0.063592
0.063572
0.063551
0.063530
0.063510
0.063489
0.063468
0.063447
0.063426
0.063406
0.063385
0.063364
0.063343
0.063322
0.063301
0.063280
0.063259
0.063237
0.063216
0.063195
0.063174
0.063153
0.063131
0.063110
0.063089
0.063068
0.063046
0.063025
0.063004
0.062982
0.062961
0.062939
0.062918
0.062896
0.062875
0.062853
0.062832
0.062810
0.062789
0.062767
0.062745
0.062724
0.062702
0.062681
0.062659
0.062637
0.062616
0.062594
0.062572
0.062551
0.062529
0.062507
0.062485
0.062464
0.062442
0.062420
0.062398
0.062376
0.062355
0.062333
0.062311
0.062289
0.062267
0.062246
0.062224
0.062202
0.062180
0.062158
0.062136
0.062115
0.062093
0.062071
0.062049
0.062027
0.062005
0.061984
0.061962
0.061940
0.061918
0.061896
0.061874
0.061853
0.061831
0.061809
0.061787
0.061765
0.061743
0.061722
0.061700
0.061678
0.061656
0.061635
0.061613
0.061591
0.061569
0.061548
0.061526
0.061504
0.061482
0.061461
0.061439
0.061417
0.061396
0.061374
0.061352
0.061331
0.061309
0.061287
0.061266
0.061244
0.061223
0.061201
0.061180
0.061158
0.061137
0.061115
0.061094
0.061072
0.061051
0.061029
0.061008
0.060986
0.060965
0.060944
0.060922
0.060901
0.060880
0.060858
0.060837
0.060816
0.060795
0.060774
0.060752
0.060731
0.060710
0.060689
0.060668
0.060647
0.060626
0.060605
0.060584
0.060563
0.060542
0.060521
0.060500
0.060479
0.060458
0.060438
0.060417
0.060396
0.060375
0.060355
0.060334
0.060313
0.060293
0.060272
0.060252
0.060231
0.060211
0.060190
0.060170
0.060149
0.060129
0.060109
0.060088
0.060068
0.060048
0.060027
0.060007
0.059987
0.059967
0.059947
0.059927
0.059907
0.059887
0.059867
0.059847
0.059827
0.059807
0.059787
0.059768
0.059748
0.059728
0.059708
0.059689
0.059669
0.059650
0.059630
0.059611
0.059591
0.059572
0.059552
0.059533
0.059514
0.059494
0.059475
0.059456
0.059437
0.059418
0.059399
0.059380
0.059361
0.059342
0.059323
0.059304
0.059285
0.059266
0.059247
0.059229
0.059210
0.059191
0.059173
0.059154
0.059136
0.059117
0.059099
0.059080
0.059062
0.059044
0.059026
0.059007
0.058989
0.058971
0.058953
0.058935
0.058917
0.058899
0.058881
0.058863
0.058845
0.058828
0.058810
0.058792
0.058775
0.058757
0.058740
0.058722
0.058705
0.058687
0.058670
0.058653
0.058635
0.058618
0.058601
0.058584
0.058567
0.058550
0.058533
0.058516
0.058499
0.058482
0.058465
0.058448
0.058432
0.058415
0.058399
0.058382
0.058365
0.058349
0.058333
0.058316
0.058300
0.058284
0.058268
0.058251
0.058235
0.058219
0.058203
0.058187
0.058171
0.058155
0.058140
0.058124
0.058108
0.058093
0.058077
0.058061
0.058046
0.058030
0.058015
0.058000
0.057984
0.057969
0.057954
0.057939
0.057924
0.057909
0.057894
0.057879
0.057864
0.057849
0.057834
0.057819
0.057805
0.057790
0.057776
0.057761
0.057747
0.057732
0.057718
0.057703
0.057689
0.057675
0.057661
0.057647
0.057633
0.057619
0.057605
0.057591
0.057577
0.057563
0.057550
0.057536
0.057522
0.057509
0.057495
0.057482
0.057468
0.057455
0.057442
0.057428
0.057415
0.057402
0.057389
0.057376
0.057363
0.057350
0.057337
0.057324
0.057312
0.057299
0.057286
0.057274
0.057261
0.057249
0.057236
0.057224
0.057211
0.057199
0.057187
0.057175
0.057163
0.057151
0.057138
0.057127
0.057115
0.057103
0.057091
0.057079
0.057068
0.057056
0.057044
0.057033
0.057021
0.057010
0.056999
0.056987
0.056976
0.056965
0.056954
0.056943
0.056932
0.056921
0.056910
0.056899
0.056888
0.056877
0.056867
0.056856
0.056845
0.056835
0.056824
0.056814
0.056804
0.056793
0.056783
0.056773
0.056763
0.056753
0.056743
0.056733
0.056723
0.056713
0.056703
0.056693
0.056683
0.056674
0.056664
0.056654
0.056645
0.056636
0.056626
0.056617
0.056607
0.056598
0.056589
0.056580
0.056571
0.056562
0.056553
0.056544
0.056535
0.056526
0.056518
0.056509
0.056500
0.056492
0.056483
0.056475
0.056466
0.056458
0.056449
0.056441
0.056433
0.056425
0.056417
0.056408
0.056400
0.056392
0.056385
0.056377
0.056369
0.056361
0.056353
0.056346
0.056338
0.056331
0.056323
0.056316
0.056308
0.056301
0.056294
0.056286
0.056279
0.056272
0.056265
0.056258
0.056251
0.056244
0.056237
0.056230
0.056224
0.056217
0.056210
0.056204
0.056197
0.056191
0.056184
0.056178
0.056171
0.056165
0.056159
0.056152
0.056146
0.056140
0.056134
0.056128
0.056122
0.056116
0.056110
0.056105
0.056099
0.056093
0.056087
0.056082
0.056076
0.056071
0.056065
0.056060
0.056054
0.056049
0.056044
0.056038
0.056033
0.056028
0.056023
0.056018
0.056013
0.056008
0.056003
0.055998
0.055993
0.055989
0.055984
0.055979
0.055975
0.055970
0.055966
0.055961
0.055957
0.055952
0.055948
0.055944
0.055939
0.055935
0.055931
0.055927
0.055923
0.055919
0.055915
0.055911
0.055907
0.055903
0.055899
0.055896
0.055892
0.055888
0.055885
0.055881
0.055878
0.055874
0.055871
0.055867
0.055864
0.055861
0.055857
0.055854
0.055851
0.055848
0.055845
0.055842
0.055839
0.055836
0.055833
0.055830
0.055827
0.055824
0.055821
0.055819
0.055816
0.055813
0.055811
0.055808
0.055806
0.055803
0.055801
0.055798
0.055796
0.055794
0.055791
0.055789
0.055787
0.055785
0.055783
0.055781
0.055778
0.055776
0.055775
0.055773
0.055771
0.055769
0.055767
0.055765
0.055764
0.055762
0.055760
0.055759
0.055757
0.055755
0.055754
0.055752
0.055751
0.055750
0.055748
0.055747
0.055746
0.055744
0.055743
0.055742
0.055741
0.055740
0.055739
0.055738
0.055737
0.055736
0.055735
0.055734
0.055733
0.055732
0.055731
0.055731
0.055730
0.055729
0.055728
0.055728
0.055727
0.055727
0.055726
0.055726
0.055725
0.055725
0.055724
0.055724
0.055724
0.055723
0.055723
0.055723
0.055723
0.055722
0.055722
0.055722
0.055722
0.055722
0.055722
0.055722
0.055722
0.055722
0.055722
0.055722
0.055722
0.055723
0.055723
0.055723
0.055723
0.055724
0.055724
0.055724
0.055725
0.055725
0.055726
0.055726
0.055726
0.055727
0.055728
0.055728
0.055729
0.055729
0.055730
0.055731
0.055731
0.055732
0.055733
0.055734
0.055734
0.055735
0.055736
0.055737
0.055738
0.055739
0.055740
0.055741
0.055742
0.055743
0.055744
0.055745
0.055746
0.055747
0.055748
0.055749
0.055751
0.055752
0.055753
0.055754
0.055756
0.055757
0.055758
0.055760
0.055761
0.055762
0.055764
0.055765
0.055767
0.055768
0.055770
0.055771
0.055773
0.055774
0.055776
0.055778
0.055779
0.055781
0.055782
0.055784
0.055786
0.055788
0.055789
0.055791
0.055793
0.055795
0.055796
0.055798
0.055800
0.055802
0.055804
0.055806
0.055808
0.055810
0.055812
0.055813
0.055815
0.055817
0.055819
0.055822
0.055824
0.055826
0.055828
0.055830
0.055832
0.055834
0.055836
0.055838
0.055841
0.055843
0.055845
0.055847
0.055849
0.055852
0.055854
0.055856
0.055858
0.055861
0.055863
0.055865
0.055868
0.055870
0.055873
0.055875
0.055877
0.055880
0.055882
0.055885
0.055887
0.055889
0.055892
0.055894
0.055897
0.055899
0.055902
0.055904
0.055907
0.055910
0.055912
0.055915
0.055917
0.055920
0.055922
0.055925
0.055928
0.055930
0.055933
0.055936
0.055938
0.055941
0.055944
0.055946
0.055949
0.055952
0.055954
0.055957
0.055960
0.055963
0.055965
0.055968
0.055971
0.055974
0.055977
0.055979
0.055982
0.055985
0.055988
0.055991
0.055993
0.055996
0.055999
0.056002
0.056005
0.056008
0.056011
0.056013
0.056016
0.056019
0.056022
0.056025
0.056028
0.056031
0.056034
0.056037
0.056040
0.056042
0.056045
0.056048
0.056051
0.056054
0.056057
0.056060
0.056063
0.056066
0.056069
0.056072
0.056075
0.056078
0.056081
0.056084
0.056087
0.056090
0.056093
0.056096
0.056099
0.056102
0.056105
0.056108
0.056111
0.056114
0.056117
0.056120
0.056123
0.056127
0.056130
0.056133
0.056136
0.056139
0.056142
0.056145
0.056148
0.056151
0.056154
0.056157
0.056160
0.056163
0.056166
0.056170
0.056173
0.056176
0.056179
0.056182
0.056185
0.056188
0.056191
0.056194
0.056197
0.056200
0.056204
0.056207
0.056210
0.056213
0.056216
0.056219
0.056222
0.056225
0.056228
0.056232
0.056235
0.056238
0.056241
0.056244
0.056247
0.056250
0.056253
0.056256
0.056260
0.056263
0.056266
0.056269
0.056272
0.056275
0.056278
0.056281
0.056285
0.056288
0.056291
0.056294
0.056297
0.056300
0.056303
0.056306
0.056309
0.056313
0.056316
0.056319
0.056322
0.056325
0.056328
0.056331
0.056334
0.056338
0.056341
0.056344
0.056347
0.056350
0.056353
0.056356
0.056359
0.056362
0.056366
0.056369
0.056372
0.056375
0.056378
0.056381
0.056384
0.056387
0.056390
0.056394
0.056397
0.056400
0.056403
0.056406
0.056409
0.056412
0.056415
0.056418
0.056422
0.056425
0.056428
0.056431
0.056434
0.056437
0.056440
0.056443
0.056446
0.056450
0.056453
0.056456
0.056459
0.056462
0.056465
0.056468
0.056471
0.056474
0.056478
0.056481
0.056484
0.056487
0.056490
0.056493
0.056496
0.056499
0.056503
0.056506
0.056509
0.056512
0.056515
0.056518
0.056521
0.056524
0.056527
0.056531
0.056534
0.056537
0.056540
0.056543
0.056546
0.056549
0.056552
0.056556
0.056559
0.056562
0.056565
0.056568
0.056571
0.056574
0.056578
0.056581
0.056584
0.056587
0.056590
0.056593
0.056596
0.056600
0.056603
0.056606
0.056609
0.056612
0.056615
0.056619
0.056622
0.056625
0.056628
0.056631
0.056635
0.056638
0.056641
0.056644
0.056647
0.056651
0.056654
0.056657
0.056660
0.056663
0.056667
0.056670
0.056673
0.056676
0.056680
0.056683
0.056686
0.056689
0.056693
0.056696
0.056699
0.056703
0.056706
0.056709
0.056712
0.056716
0.056719
0.056722
0.056726
0.056729
0.056732
0.056736
0.056739
0.056742
0.056746
0.056749
0.056752
0.056756
0.056759
0.056763
0.056766
0.056769
0.056773
0.056776
0.056780
0.056783
0.056787
0.056790
0.056794
0.056797
0.056801
0.056804
0.056808
0.056811
0.056815
0.056818
0.056822
0.056825
0.056829
0.056832
0.056836
0.056840
0.056843
0.056847
0.056850
0.056854
0.056858
0.056861
0.056865
0.056869
0.056872
0.056876
0.056880
0.056884
0.056887
0.056891
0.056895
0.056899
0.056902
0.056906
0.056910
0.056914
0.056918
0.056922
0.056925
0.056929
0.056933
0.056937
0.056941
0.056945
0.056949
0.056953
0.056957
0.056961
0.056965
0.056969
0.056973
0.056977
0.056981
0.056985
0.056989
0.056994
0.056998
0.057002
0.057006
0.057010
0.057014
0.057019
0.057023
0.057027
0.057032
0.057036
0.057040
0.057044
0.057049
0.057053
0.057058
0.057062
0.057067
0.057071
0.057075
0.057080
0.057085
0.057089
0.057094
0.057098
0.057103
0.057107
0.057112
0.057117
0.057121
0.057126
0.057131
0.057136
0.057140
0.057145
0.057150
0.057155
0.057160
0.057165
0.057170
0.057175
0.057180
0.057185
0.057190
0.057195
0.057200
0.057205
0.057210
0.057215
0.057220
0.057225
0.057231
0.057236
0.057241
0.057247
0.057252
0.057257
0.057263
0.057268
0.057273
0.057279
0.057284
0.057290
0.057296
0.057301
0.057307
0.057312
0.057318
0.057324
0.057329
0.057335
0.057341
0.057347
0.057353
0.057359
0.057364
0.057370
0.057376
0.057382
0.057388
0.057394
0.057401
0.057407
0.057413
0.057419
0.057425
0.057432
0.057438
0.057444
0.057451
0.057457
0.057463
0.057470
0.057476
0.057483
0.057489
0.057496
0.057503
0.057509
0.057516
0.057523
0.057530
0.057536
0.057543
0.057550
0.057557
0.057564
0.057571
0.057578
0.057585
0.057592
0.057599
0.057607
0.057614
0.057621
0.057628
0.057636
0.057643
0.057651
0.057658
0.057666
0.057673
0.057681
0.057688
0.057696
0.057704
0.057712
0.057719
0.057727
0.057735
0.057743
0.057751
0.057759
0.057767
0.057775
0.057783
0.057791
0.057799
0.057808
0.057816
0.057824
0.057833
0.057841
0.057850
0.057858
0.057867
0.057875
0.057884
0.057893
0.057901
0.057910
0.057919
0.057928
0.057937
0.057946
0.057955
0.057964
0.057973
0.057982
0.057991
0.058001
0.058010
0.058019
0.058029
0.058038
0.058047
0.058057
0.058067
0.058076
0.058086
0.058096
0.058105
0.058115
0.058125
0.058135
0.058145
0.058155
0.058165
0.058175
0.058185
0.058195
0.058206
0.058216
0.058226
0.058237
0.058247
0.058258
0.058268
0.058279
0.058290
0.058300
0.058311
0.058322
0.058333
0.058344
0.058355
0.058366
0.058377
0.058388
0.058399
0.058410
0.058422
0.058433
0.058444
0.058456
0.058467
0.058479
0.058491
0.058502
0.058514
0.058526
0.058538
0.058549
0.058561
0.058573
0.058585
0.058597
0.058610
0.058622
0.058634
0.058646
0.058659
0.058671
0.058684
0.058696
0.058709
0.058721
0.058734
0.058747
0.058760
0.058773
0.058785
0.058798
0.058811
0.058824
0.058838
0.058851
0.058864
0.058877
0.058891
0.058904
0.058918
0.058931
0.058945
0.058958
0.058972
0.058986
0.058999
0.059013
0.059027
0.059041
0.059055
0.059069
0.059083
0.059097
0.059112
0.059126
0.059140
0.059155
0.059169
0.059183
0.059198
0.059213
0.059227
0.059242
0.059257
0.059272
0.059286
0.059301
0.059316
0.059331
0.059346
0.059362
0.059377
0.059392
0.059407
0.059423
0.059438
0.059453
0.059469
0.059485
0.059500
0.059516
0.059532
0.059547
0.059563
0.059579
0.059595
0.059611
0.059627
0.059643
0.059659
0.059676
0.059692
0.059708
0.059725
0.059741
0.059758
0.059774
0.059791
0.059807
0.059824
0.059841
0.059858
0.059874
0.059891
0.059908
0.059925
0.059942
0.059960
0.059977
0.059994
0.060011
0.060029
0.060046
0.060063
0.060081
0.060098
0.060116
0.060134
0.060151
0.060169
0.060187
0.060205
0.060223
0.060241
0.060259
0.060277
0.060295
0.060313
0.060331
0.060349
0.060368
0.060386
0.060404
0.060423
0.060441
0.060460
0.060478
0.060497
0.060516
0.060534
0.060553
0.060572
0.060591
0.060610
0.060629
0.060648
0.060667
0.060686
0.060705
0.060724
0.060744
0.060763
0.060782
0.060802
0.060821
0.060840
0.060860
0.060879
0.060899
0.060919
0.060938
0.060958
0.060978
0.060998
0.061017
0.061037
0.061057
0.061077
0.061097
0.061117
0.061137
0.061157
0.061177
0.061198
0.061218
0.061238
0.061258
0.061279
0.061299
0.061319
0.061340
0.061360
0.061381
0.061401
0.061422
0.061443
0.061463
0.061484
0.061505
0.061525
0.061546
0.061567
0.061588
0.061609
0.061630
0.061650
0.061671
0.061692
0.061713
0.061735
0.061756
0.061777
0.061798
0.061819
0.061840
0.061861
0.061883
0.061904
0.061925
0.061946
0.061968
0.061989
0.062010
0.062032
0.062053
0.062074
0.062096
0.062117
0.062139
0.062160
0.062181
0.062203
0.062224
0.062246
0.062267
0.062289
0.062310
0.062332
0.062353
0.062375
0.062396
0.062418
0.062439
0.062461
0.062483
0.062504
0.062526
0.062547
0.062569
0.062590
0.062612
0.062634
0.062655
0.062677
0.062698
0.062720
0.062741
0.062763
0.062784
0.062806
0.062827
0.062849
0.062871
0.062892
0.062914
0.062935
0.062957
0.062978
0.062999
0.063021
0.063042
0.063064
0.063085
0.063107
0.063128
0.063149
0.063171
0.063192
0.063213
0.063235
0.063256
0.063277
0.063299
0.063320
0.063341
0.063362
0.063383
0.063404
0.063426
0.063447
0.063468
0.063489
0.063510
0.063531
0.063552
0.063573
0.063594
0.063614
0.063635
0.063656
0.063677
0.063698
0.063718
0.063739
0.063760
0.063780
0.063801
0.063821
0.063842
0.063862
0.063883
0.063903
0.063923
0.063944
0.063964
0.063984
0.064004
0.064024
0.064044
0.064064
0.064084
0.064104
0.064124
0.064144
0.064164
0.064184
0.064203
0.064223
0.064243
0.064262
0.064282
0.064301
0.064320
0.064340
0.064359
0.064378
0.064397
0.064416
0.064435
0.064454
0.064473
0.064492
0.064511
0.064530
0.064548
0.064567
0.064586
0.064604
0.064622
0.064641
0.064659
0.064677
0.064695
0.064713
0.064731
0.064749
0.064767
0.064785
0.064803
0.064820
0.064838
0.064855
0.064873
0.064890
0.064907
0.064925
0.064942
0.064959
0.064976
0.064993
0.065009
0.065026
0.065043
0.065059
0.065076
0.065092
0.065108
0.065125
0.065141
0.065157
0.065173
0.065189
0.065204
0.065220
0.065236
0.065251
0.065266
0.065282
0.065297
0.065312
0.065327
0.065342
0.065357
0.065372
0.065386
0.065401
0.065415
0.065430
0.065444
0.065458
0.065472
0.065486
0.065500
0.065514
0.065528
0.065541
0.065555
0.065568
0.065581
0.065594
0.065607
0.065620
0.065633
0.065646
0.065659
0.065671
0.065684
0.065696
0.065708
0.065720
0.065732
0.065744
0.065756
0.065767
0.065779
0.065790
0.065802
0.065813
0.065824
0.065835
0.065846
0.065856
0.065867
0.065878
0.065888
0.065898
0.065908
0.065918
0.065928
0.065938
0.065948
0.065957
0.065967
0.065976
0.065985
0.065994
0.066003
0.066012
0.066021
0.066030
0.066038
0.066046
0.066055
0.066063
0.066071
0.066079
0.066086
0.066094
0.066101
0.066109
0.066116
0.066123
0.066130
0.066137
0.066144
0.066150
0.066157
0.066163
0.066169
0.066176
0.066181
0.066187
0.066193
0.066199
0.066204
0.066209
0.066215
0.066220
0.066225
0.066229
0.066234
0.066239
0.066243
0.066247
0.066252
0.066256
0.066260
0.066263
0.066267
0.066270
0.066274
0.066277
0.066280
0.066283
0.066286
0.066289
0.066291
0.066294
0.066296
0.066298
0.066300
0.066302
0.066304
0.066306
0.066307
0.066309
0.066310
0.066311
0.066312
0.066313
0.066314
0.066314
0.066315
0.066315
0.066315
0.066315
0.066315
0.066315
0.066315
0.066314
0.066314
0.066313
0.066312
0.066311
0.066310
0.066309
0.066308
0.066306
0.066305
0.066303
0.066301
0.066299
0.066297
0.066295
0.066292
0.066290
0.066287
0.066284
0.066281
0.066278
0.066275
0.066272
0.066268
0.066265
0.066261
0.066257
0.066253
0.066249
0.066245
0.066241
0.066236
0.066231
0.066227
0.066222
0.066217
0.066212
0.066207
0.066201
0.066196
0.066190
0.066184
0.066179
0.066173
0.066167
0.066160
0.066154
0.066148
0.066141
0.066134
0.066127
0.066121
0.066113
0.066106
0.066099
0.066092
0.066084
0.066076
0.066069
0.066061
0.066053
0.066044
0.066036
0.066028
0.066019
0.066011
0.066002
0.065993
0.065984
0.065975
0.065966
0.065957
0.065947
0.065938
0.065928
0.065918
0.065908
0.065898
0.065888
0.065878
0.065868
0.065857
0.065847
0.065836
0.065825
0.065815
0.065804
0.065793
0.065781
0.065770
0.065759
0.065747
0.065736
0.065724
0.065712
0.065700
0.065688
0.065676
0.065664
0.065652
0.065639
0.065627
0.065614
0.065601
0.065588
0.065575
0.065562
0.065549
0.065536
0.065523
0.065509
0.065496
0.065482
0.065469
0.065455
0.065441
0.065427
0.065413
0.065399
0.065384
0.065370
0.065356
0.065341
0.065327
0.065312
0.065297
0.065282
0.065267
0.065252
0.065237
0.065222
0.065207
0.065191
0.065176
0.065160
0.065144
0.065129
0.065113
0.065097
0.065081
0.065065
0.065049
0.065033
0.065016
0.065000
0.064984
0.064967
0.064951
0.064934
0.064917
0.064900
0.064883
0.064866
0.064849
0.064832
0.064815
0.064798
0.064781
0.064763
0.064746
0.064728
0.064711
0.064693
0.064675
0.064657
0.064640
0.064622
0.064604
0.064586
0.064567
0.064549
0.064531
0.064513
0.064494
0.064476
0.064457
0.064439
0.064420
0.064402
0.064383
0.064364
0.064345
0.064326
0.064307
0.064288
0.064269
0.064250
0.064231
0.064212
0.064192
0.064173
0.064154
0.064134
0.064115
0.064095
0.064076
0.064056
0.064036
0.064017
0.063997
0.063977
0.063957
0.063937
0.063917
0.063897
0.063877
0.063857
0.063837
0.063817
0.063797
0.063776
0.063756
0.063736
0.063715
0.063695
0.063675
0.063654
0.063634
0.063613
0.063592
0.063572
0.063551
0.063531
0.063510
0.063489
0.063468
0.063447
0.063427
0.063406
0.063385
0.063364
0.063343
0.063322
0.063301
0.063280
0.063259
0.063237
0.063216
0.063195
0.063174
0.063153
0.063131
0.063110
0.063089
0.063068
0.063046
0.063025
0.063004
0.062982
0.062961
0.062939
0.062918
0.062896
0.062875
0.062853
0.062832
0.062810
0.062789
0.062767
0.062746
0.062724
0.062702
0.062681
0.062659
0.062637
0.062616
0.062594
0.062572
0.062551
0.062529
0.062507
0.062485
0.062464
0.062442
0.062420
0.062398
0.062376
0.062355
0.062333
0.062311
0.062289
0.062267
0.062246
0.062224
0.062202
0.062180
0.062158
0.062137
0.062115
0.062093
0.062071
0.062049
0.062027
0.062005
0.061984
0.061962
0.061940
0.061918
0.061896
0.061874
0.061853
0.061831
0.061809
0.061787
0.061765
0.061744
0.061722
0.061700
0.061678
0.061656
0.061635
0.061613
0.061591
0.061569
0.061548
0.061526
0.061504
0.061482
0.061461
0.061439
0.061417
0.061396
0.061374
0.061352
0.061331
0.061309
0.061287
0.061266
0.061244
0.061223
0.061201
0.061180
0.061158
0.061137
0.061115
0.061094
0.061072
0.061051
0.061029
0.061008
0.060986
0.060965
0.060944
0.060922
0.060901
0.060880
0.060859
0.060837
0.060816
0.060795
0.060774
0.060752
0.060731
0.060710
0.060689
0.060668
0.060647
0.060626
0.060605
0.060584
0.060563
0.060542
0.060521
0.060500
0.060479
0.060459
0.060438
0.060417
0.060396
0.060375
0.060355
0.060334
0.060313
0.060293
0.060272
0.060252
0.060231
0.060211
0.060190
0.060170
0.060149
0.060129
0.060109
0.060088
0.060068
0.060048
0.060028
0.060007
0.059987
0.059967
0.059947
0.059927
0.059907
0.059887
0.059867
0.059847
0.059827
0.059807
0.059787
0.059768
0.059748
0.059728
0.059708
0.059689
0.059669
0.059650
0.059630
0.059611
0.059591
0.059572
0.059552
0.059533
0.059514
0.059494
0.059475
0.059456
0.059437
0.059418
0.059399
0.059380
0.059361
0.059342
0.059323
0.059304
0.059285
0.059266
0.059247
0.059229
0.059210
0.059191
0.059173
0.059154
0.059136
0.059117
0.059099
0.059081
0.059062
0.059044
0.059026
0.059007
0.058989
0.058971
0.058953
0.058935
0.058917
0.058899
0.058881
0.058863
0.058846
0.058828
0.058810
0.058792
0.058775
0.058757
0.058740
0.058722
0.058705
0.058687
0.058670
0.058653
0.058635
0.058618
0.058601
0.058584
0.058567
0.058550
0.058533
0.058516
0.058499
0.058482
0.058465
0.058449
0.058432
0.058415
0.058399
0.058382
0.058366
0.058349
0.058333
0.058316
0.058300
0.058284
0.058268
0.058251
0.058235
0.058219
0.058203
0.058187
0.058171
0.058155
0.058140
0.058124
0.058108
0.058093
0.058077
0.058061
0.058046
0.058030
0.058015
0.058000
0.057984
0.057969
0.057954
0.057939
0.057924
0.057909
0.057894
0.057879
0.057864
0.057849
0.057834
0.057819
0.057805
0.057790
0.057776
0.057761
0.057747
0.057732
0.057718
0.057703
0.057689
0.057675
0.057661
0.057647
0.057633
0.057619
0.057605
0.057591
0.057577
0.057563
0.057550
0.057536
0.057522
0.057509
0.057495
0.057482
0.057468
0.057455
0.057442
0.057428
0.057415
0.057402
0.057389
