0.628318
0.658681
0.687182
0.713901
0.738912
0.762280
0.784062
0.804314
0.823085
0.840421
0.856368
0.870967
0.884260
0.896285
0.907083
0.916691
0.925148
0.932490
0.938756
0.943982
0.948205
0.951461
0.953787
0.955220
0.955794
0.955546
0.954510
0.952720
0.950212
0.947018
0.943172
0.938705
0.933649
0.928036
0.921894
0.915253
0.908142
0.900589
0.892619
0.884259
0.875534
0.866469
0.857086
0.847408
0.837457
0.827254
0.816818
0.806169
0.795326
0.784305
0.772891
0.761350
0.749699
0.737950
0.726118
0.714216
0.702255
0.690248
0.678205
0.666137
0.654054
0.641966
0.629881
0.617809
0.605758
0.593735
0.581749
0.569805
0.557911
0.546073
0.534296
0.522588
0.510952
0.499394
0.487919
0.476531
0.465234
0.454033
0.442931
0.431931
0.421037
0.410251
0.399577
0.389018
0.378574
0.368511
0.358550
0.348694
0.338944
0.329305
0.319777
0.310363
0.301064
0.291883
0.282821
0.273879
0.265059
0.256362
0.247788
0.239339
0.231015
0.222817
0.214746
0.206802
0.198986
0.191297
0.183735
0.176302
0.168996
0.161818
0.154767
0.147844
0.141047
0.134377
0.127833
0.121415
0.115122
0.108952
0.102907
0.096985
0.091184
0.085506
0.079947
0.074508
0.069188
0.063986
0.058900
0.053930
0.049074
0.044332
0.039702
0.035184
0.030775
0.026476
0.022284
0.018198
0.014218
0.010341
0.006568
0.002895
-0.000677
-0.004150
-0.007526
-0.010806
-0.013991
-0.017083
-0.020082
-0.022990
-0.025809
-0.028540
-0.031184
-0.033742
-0.036216
-0.038608
-0.040917
-0.043147
-0.045298
-0.047372
-0.049369
-0.051291
-0.053140
-0.054917
-0.056622
-0.058258
-0.059826
-0.061326
-0.062761
-0.064131
-0.065437
-0.066682
-0.067865
-0.068989
-0.070055
-0.071063
-0.072015
-0.072912
-0.073755
-0.074546
-0.075286
-0.075974
-0.076614
-0.077206
-0.077750
-0.078249
-0.078702
-0.079112
-0.079479
-0.079804
-0.080088
-0.080333
-0.080539
-0.080707
-0.080838
-0.080933
-0.080993
-0.081019
-0.081012
-0.080973
-0.080903
-0.080802
-0.080671
-0.080511
-0.080324
-0.080110
-0.079869
-0.079602
-0.079311
-0.078996
-0.078658
-0.078297
-0.077914
-0.077511
-0.077087
-0.076644
-0.076181
-0.075700
-0.075202
-0.074687
-0.074156
-0.073608
-0.073046
-0.072470
-0.071879
-0.071275
-0.070659
-0.070030
-0.069390
-0.068739
-0.068077
-0.067405
-0.066723
-0.066033
-0.065334
-0.064627
-0.063913
-0.063191
-0.062463
-0.061728
-0.060988
-0.060242
-0.059492
-0.058737
-0.057977
-0.057214
-0.056447
-0.055678
-0.054906
-0.054131
-0.053354
-0.052576
-0.051796
-0.051016
-0.050235
-0.049453
-0.048671
-0.047889
-0.047108
-0.046328
-0.045548
-0.044770
-0.043994
-0.043219
-0.042446
-0.041675
-0.040907
-0.040141
-0.039378
-0.038619
-0.037862
-0.037110
-0.036360
-0.035615
-0.034874
-0.034137
-0.033404
-0.032675
-0.031952
-0.031233
-0.030519
-0.029810
-0.029107
-0.028408
-0.027716
-0.027029
-0.026347
-0.025671
-0.025002
-0.024338
-0.023680
-0.023029
-0.022384
-0.021745
-0.021113
-0.020487
-0.019868
-0.019255
-0.018649
-0.018050
-0.017458
-0.016873
-0.016294
-0.015723
-0.015158
-0.014601
-0.014050
-0.013507
-0.012971
-0.012442
-0.011921
-0.011406
-0.010899
-0.010399
-0.009906
-0.009420
-0.008942
-0.008471
-0.008007
-0.007551
-0.007102
-0.006660
-0.006225
-0.005798
-0.005377
-0.004964
-0.004559
-0.004160
-0.003768
-0.003384
-0.003007
-0.002637
-0.002273
-0.001917
-0.001568
-0.001226
-0.000891
-0.000562
-0.000241
0.000074
0.000382
0.000683
0.000977
0.001265
0.001547
0.001821
0.002090
0.002351
0.002607
0.002856
0.003098
0.003335
0.003565
0.003789
0.004007
0.004219
0.004425
0.004625
0.004819
0.005008
0.005190
0.005367
0.005539
0.005704
0.005865
0.006020
0.006169
0.006313
0.006452
0.006586
0.006714
0.006838
0.006956
0.007070
0.007178
0.007282
0.007381
0.007476
0.007565
0.007651
0.007731
0.007808
0.007880
0.007948
0.008011
0.008070
0.008126
0.008177
0.008224
0.008267
0.008307
0.008343
0.008375
0.008403
0.008428
0.008449
0.008467
0.008482
0.008493
0.008501
0.008505
0.008507
0.008506
0.008501
0.008494
0.008483
0.008470
0.008454
0.008436
0.008414
0.008391
0.008364
0.008335
0.008304
0.008271
0.008235
0.008197
0.008157
0.008114
0.008070
0.008023
0.007975
0.007925
0.007872
0.007818
0.007763
0.007705
0.007646
0.007586
0.007524
0.007460
0.007395
0.007328
0.007261
0.007192
0.007121
0.007050
0.006977
0.006903
0.006828
0.006753
0.006676
0.006598
0.006519
0.006440
0.006360
0.006279
0.006197
0.006115
0.006032
0.005948
0.005864
0.005779
0.005694
0.005608
0.005522
0.005436
0.005349
0.005262
0.005175
0.005087
0.004999
0.004911
0.004823
0.004735
0.004647
0.004558
0.004470
0.004382
0.004293
0.004205
0.004117
0.004029
0.003941
0.003853
0.003766
0.003678
0.003591
0.003505
0.003418
0.003332
0.003246
0.003161
0.003075
0.002991
0.002906
0.002823
0.002739
0.002656
0.002574
0.002492
0.002411
0.002330
0.002250
0.002170
0.002091
0.002012
0.001935
0.001857
0.001781
0.001705
0.001630
0.001555
0.001481
0.001408
0.001336
0.001264
0.001193
0.001123
0.001054
0.000985
0.000917
0.000850
0.000784
0.000719
0.000654
0.000590
0.000527
0.000465
0.000404
0.000344
0.000284
0.000225
0.000167
0.000110
0.000054
-0.000001
-0.000055
-0.000109
-0.000162
-0.000213
-0.000264
-0.000314
-0.000363
-0.000411
-0.000459
-0.000505
-0.000551
-0.000595
-0.000639
-0.000682
-0.000724
-0.000765
-0.000805
-0.000844
-0.000883
-0.000920
-0.000957
-0.000992
-0.001027
-0.001061
-0.001094
-0.001126
-0.001158
-0.001188
-0.001218
-0.001246
-0.001274
-0.001301
-0.001327
-0.001352
-0.001377
-0.001400
-0.001423
-0.001445
-0.001466
-0.001486
-0.001506
-0.001524
-0.001542
-0.001559
-0.001575
-0.001591
-0.001605
-0.001619
-0.001632
-0.001644
-0.001656
-0.001667
-0.001677
-0.001686
-0.001694
-0.001702
-0.001709
-0.001715
-0.001721
-0.001726
-0.001730
-0.001733
-0.001736
-0.001738
-0.001739
-0.001740
-0.001740
-0.001739
-0.001738
-0.001736
-0.001733
-0.001730
-0.001726
-0.001722
-0.001717
-0.001711
-0.001705
-0.001698
-0.001690
-0.001682
-0.001673
-0.001664
-0.001654
-0.001644
-0.001633
-0.001622
-0.001610
-0.001597
-0.001584
-0.001571
-0.001556
-0.001542
-0.001527
-0.001511
-0.001495
-0.001479
-0.001462
-0.001444
-0.001426
-0.001408
-0.001389
-0.001370
-0.001350
-0.001330
-0.001310
-0.001289
-0.001267
-0.001246
-0.001223
-0.001201
-0.001178
-0.001155
-0.001131
-0.001107
-0.001082
-0.001058
-0.001033
-0.001007
-0.000981
-0.000955
-0.000929
-0.000902
-0.000875
-0.000847
-0.000820
-0.000791
-0.000763
-0.000734
-0.000706
-0.000676
-0.000647
-0.000617
-0.000587
-0.000557
-0.000526
-0.000495
-0.000464
-0.000433
-0.000401
-0.000369
-0.000337
-0.000305
-0.000273
-0.000240
-0.000207
-0.000174
-0.000140
-0.000107
-0.000073
-0.000039
-0.000005
0.000030
0.000064
0.000099
0.000134
0.000169
0.000205
0.000240
0.000276
0.000312
0.000348
0.000384
0.000421
0.000457
0.000494
0.000531
0.000568
0.000605
0.000642
0.000680
0.000717
0.000755
0.000793
0.000831
0.000869
0.000907
0.000946
0.000984
0.001023
0.001062
0.001101
0.001140
0.001179
0.001219
0.001258
0.001298
0.001337
0.001377
0.001417
0.001457
0.001497
0.001538
0.001578
0.001619
0.001659
0.001700
0.001741
0.001782
0.001823
0.001864
0.001905
0.001947
0.001988
0.002030
0.002071
0.002113
0.002155
0.002197
0.002239
0.002282
0.002324
0.002366
0.002409
0.002452
0.002494
0.002537
0.002580
0.002623
0.002666
0.002710
0.002753
0.002797
0.002840
0.002884
0.002928
0.002972
0.003016
0.003060
0.003104
0.003148
0.003193
0.003237
0.003282
0.003327
0.003372
0.003417
0.003462
0.003507
0.003552
0.003598
0.003644
0.003689
0.003735
0.003781
0.003827
0.003873
0.003920
0.003966
0.004013
0.004059
0.004106
0.004153
0.004200
0.004247
0.004294
0.004342
0.004389
0.004437
0.004485
0.004533
0.004581
0.004629
0.004677
0.004726
0.004774
0.004823
0.004872
0.004921
0.004970
0.005020
0.005069
0.005119
0.005168
0.005218
0.005268
0.005319
0.005369
0.005419
0.005470
0.005521
0.005572
0.005623
0.005674
0.005726
0.005777
0.005829
0.005881
0.005933
0.005985
0.006038
0.006090
0.006143
0.006196
0.006249
0.006302
0.006355
0.006409
0.006463
0.006516
0.006570
0.006625
0.006679
0.006734
0.006788
0.006843
0.006899
0.006954
0.007009
0.007065
0.007121
0.007177
0.007233
0.007289
0.007346
0.007403
0.007460
0.007517
0.007574
0.007631
0.007689
0.007747
0.007805
0.007863
0.007922
0.007980
0.008039
0.008098
0.008157
0.008217
0.008276
0.008336
0.008396
0.008456
0.008517
0.008577
0.008638
0.008699
0.008760
0.008821
0.008883
0.008945
0.009007
0.009069
0.009131
0.009194
0.009256
0.009319
0.009382
0.009446
0.009509
0.009573
0.009637
0.009701
0.009765
0.009830
0.009895
0.009960
0.010025
0.010090
0.010156
0.010221
0.010287
0.010353
0.010420
0.010486
0.010553
0.010620
0.010687
0.010754
0.010822
0.010889
0.010957
0.011025
0.011094
0.011162
0.011231
0.011299
0.011369
0.011438
0.011507
0.011577
0.011647
0.011717
0.011787
0.011857
0.011928
0.011999
0.012069
0.012141
0.012212
0.012283
0.012355
0.012427
0.012499
0.012571
0.012644
0.012716
0.012789
0.012862
0.012935
0.013008
0.013082
0.013155
0.013229
0.013303
0.013377
0.013451
0.013526
0.013600
0.013675
0.013750
0.013825
0.013901
0.013976
0.014052
0.014127
0.014203
0.014279
0.014355
0.014432
0.014508
0.014585
0.014662
0.014739
0.014816
0.014893
0.014970
0.015048
0.015125
0.015203
0.015281
0.015359
0.015437
0.015515
0.015594
0.015672
0.015751
0.015830
0.015908
0.015987
0.016066
0.016146
0.016225
0.016304
0.016384
0.016463
0.016543
0.016623
0.016703
0.016783
0.016863
0.016943
0.017023
0.017104
0.017184
0.017264
0.017345
0.017426
0.017506
0.017587
0.017668
0.017749
0.017830
0.017911
0.017992
0.018073
0.018154
0.018236
0.018317
0.018398
0.018480
0.018561
0.018642
0.018724
0.018805
0.018887
0.018969
0.019050
0.019132
0.019213
0.019295
0.019377
0.019458
0.019540
0.019622
0.019703
0.019785
0.019867
0.019948
0.020030
0.020111
0.020193
0.020274
0.020356
0.020438
0.020519
0.020600
0.020682
0.020763
0.020844
0.020926
0.021007
0.021088
0.021169
0.021250
0.021331
0.021412
0.021493
0.021574
0.021654
0.021735
0.021815
0.021896
0.021976
0.022056
0.022136
0.022216
0.022296
0.022376
0.022456
0.022535
0.022615
0.022694
0.022773
0.022852
0.022931
0.023010
0.023089
0.023167
0.023246
0.023324
0.023402
0.023480
0.023557
0.023635
0.023712
0.023789
0.023866
0.023943
0.024020
0.024096
0.024172
0.024248
0.024324
0.024400
0.024475
0.024550
0.024625
0.024700
0.024774
0.024849
0.024923
0.024997
0.025070
0.025143
0.025216
0.025289
0.025362
0.025434
0.025506
0.025577
0.025649
0.025720
0.025791
0.025861
0.025932
0.026001
0.026071
0.026140
0.026209
0.026278
0.026346
0.026415
0.026482
0.026550
0.026617
0.026683
0.026750
0.026816
0.026881
0.026947
0.027011
0.027076
0.027140
0.027204
0.027267
0.027330
0.027393
0.027455
0.027517
0.027578
0.027639
0.027700
0.027760
0.027820
0.027879
0.027938
0.027996
0.028054
0.028112
0.028169
0.028226
0.028282
0.028338
0.028393
0.028448
0.028502
0.028556
0.028609
0.028662
0.028714
0.028766
0.028818
0.028869
0.028919
0.028969
0.029018
0.029067
0.029115
0.029163
0.029210
0.029257
0.029303
0.029348
0.029393
0.029438
0.029481
0.029525
0.029567
0.029610
0.029651
0.029692
0.029732
0.029772
0.029811
0.029850
0.029888
0.029925
0.029962
0.029998
0.030034
0.030069
0.030103
0.030136
0.030169
0.030202
0.030233
0.030264
0.030295
0.030325
0.030354
0.030382
0.030410
0.030437
0.030463
0.030489
0.030514
0.030538
0.030561
0.030584
0.030607
0.030628
0.030649
0.030669
0.030688
0.030707
0.030725
0.030742
0.030758
0.030774
0.030789
0.030803
0.030816
0.030829
0.030841
0.030852
0.030863
0.030872
0.030881
0.030889
0.030897
0.030903
0.030909
0.030914
0.030918
0.030922
0.030924
0.030926
0.030927
0.030927
0.030927
0.030925
0.030923
0.030920
0.030916
0.030912
0.030906
0.030900
0.030893
0.030885
0.030876
0.030866
0.030856
0.030844
0.030832
0.030819
0.030805
0.030791
0.030775
0.030759
0.030742
0.030723
0.030704
0.030685
0.030664
0.030642
0.030620
0.030597
0.030572
0.030547
0.030521
0.030495
0.030467
0.030438
0.030409
0.030379
0.030347
0.030315
0.030282
0.030248
0.030214
0.030178
0.030142
0.030104
0.030066
0.030027
0.029986
0.029945
0.029903
0.029861
0.029817
0.029772
0.029727
0.029680
0.029633
0.029585
0.029536
0.029486
0.029435
0.029383
0.029330
0.029277
0.029222
0.029167
0.029110
0.029053
0.028995
0.028936
0.028876
0.028815
0.028754
0.028691
0.028627
0.028563
0.028498
0.028431
0.028364
0.028296
0.028227
0.028158
0.028087
0.028015
0.027943
0.027869
0.027795
0.027720
0.027644
0.027567
0.027489
0.027411
0.027331
0.027251
0.027169
0.027087
0.027004
0.026920
0.026836
0.026750
0.026663
0.026576
0.026488
0.026399
0.026309
0.026218
0.026126
0.026034
0.025941
0.025846
0.025751
0.025656
0.025559
0.025462
0.025363
0.025264
0.025164
0.025063
0.024962
0.024859
0.024756
0.024652
0.024547
0.024442
0.024335
0.024228
0.024120
0.024011
0.023902
0.023792
0.023680
0.023569
0.023456
0.023343
0.023228
0.023114
0.022998
0.022882
0.022765
0.022647
0.022528
0.022409
0.022289
0.022168
0.022047
0.021925
0.021802
0.021678
0.021554
0.021429
0.021303
0.021177
0.021050
0.020923
0.020794
0.020665
0.020536
0.020406
0.020275
0.020143
0.020011
0.019878
0.019745
0.019611
0.019476
0.019341
0.019205
0.019069
0.018932
0.018794
0.018656
0.018518
0.018378
0.018239
0.018098
0.017957
0.017816
0.017674
0.017531
0.017388
0.017245
0.017101
0.016956
0.016811
0.016666
0.016520
0.016373
0.016226
0.016079
0.015931
0.015783
0.015634
0.015485
0.015335
0.015185
0.015034
0.014884
0.014732
0.014581
0.014428
0.014276
0.014123
0.013970
0.013816
0.013662
0.013508
0.013353
0.013198
0.013043
0.012887
0.012732
0.012575
0.012419
0.012262
0.012105
0.011947
0.011790
0.011632
0.011473
0.011315
0.011156
0.010997
0.010838
0.010679
0.010519
0.010359
0.010199
0.010039
0.009878
0.009717
0.009557
0.009396
0.009234
0.009073
0.008912
0.008750
0.008588
0.008426
0.008264
0.008102
0.007940
0.007778
0.007615
0.007453
0.007290
0.007128
0.006965
0.006802
0.006639
0.006476
0.006313
0.006150
0.005987
0.005824
0.005661
0.005498
0.005335
0.005172
0.005009
0.004846
0.004683
0.004520
0.004358
0.004195
0.004032
0.003869
0.003707
0.003544
0.003382
0.003219
0.003057
0.002895
0.002732
0.002571
0.002409
0.002247
0.002085
0.001924
0.001763
0.001601
0.001440
0.001279
0.001119
0.000958
0.000798
0.000638
0.000478
0.000318
0.000159
-0.000001
-0.000160
-0.000319
-0.000477
-0.000636
-0.000794
-0.000952
-0.001109
-0.001267
-0.001424
-0.001581
-0.001737
-0.001894
-0.002050
-0.002206
-0.002361
-0.002516
-0.002671
-0.002825
-0.002980
-0.003134
-0.003287
-0.003440
-0.003593
-0.003746
-0.003898
-0.004050
-0.004201
-0.004352
-0.004503
-0.004653
-0.004803
-0.004953
-0.005102
-0.005251
-0.005399
-0.005547
-0.005695
-0.005842
-0.005989
-0.006135
-0.006281
-0.006427
-0.006572
-0.006717
-0.006861
-0.007005
-0.007148
-0.007291
-0.007433
-0.007575
-0.007717
-0.007858
-0.007998
-0.008138
-0.008278
-0.008417
-0.008556
-0.008694
-0.008831
-0.008969
-0.009105
-0.009241
-0.009377
-0.009512
-0.009647
-0.009781
-0.009914
-0.010047
-0.010180
-0.010312
-0.010443
-0.010574
-0.010705
-0.010835
-0.010964
-0.011093
-0.011221
-0.011348
-0.011476
-0.011602
-0.011728
-0.011853
-0.011978
-0.012103
-0.012226
-0.012350
-0.012472
-0.012594
-0.012716
-0.012836
-0.012957
-0.013076
-0.013195
-0.013314
-0.013432
-0.013549
-0.013666
-0.013782
-0.013898
-0.014013
-0.014127
-0.014241
-0.014354
-0.014466
-0.014578
-0.014690
-0.014800
-0.014911
-0.015020
-0.015129
-0.015237
-0.015345
-0.015452
-0.015558
-0.015664
-0.015769
-0.015874
-0.015978
-0.016081
-0.016184
-0.016286
-0.016387
-0.016488
-0.016588
-0.016688
-0.016787
-0.016885
-0.016983
-0.017080
-0.017176
-0.017272
-0.017367
-0.017462
-0.017556
-0.017649
-0.017742
-0.017834
-0.017925
-0.018016
-0.018106
-0.018196
-0.018285
-0.018373
-0.018460
-0.018547
-0.018634
-0.018719
-0.018804
-0.018889
-0.018973
-0.019056
-0.019138
-0.019220
-0.019302
-0.019382
-0.019462
-0.019542
-0.019620
-0.019699
-0.019776
-0.019853
-0.019929
-0.020005
-0.020080
-0.020154
-0.020228
-0.020301
-0.020373
-0.020445
-0.020517
-0.020587
-0.020657
-0.020727
-0.020795
-0.020863
-0.020931
-0.020998
-0.021064
-0.021130
-0.021195
-0.021259
-0.021323
-0.021386
-0.021449
-0.021511
-0.021573
-0.021633
-0.021694
-0.021753
-0.021812
-0.021870
-0.021928
-0.021985
-0.022042
-0.022098
-0.022153
-0.022208
-0.022262
-0.022316
-0.022369
-0.022421
-0.022473
-0.022524
-0.022575
-0.022625
-0.022675
-0.022724
-0.022772
-0.022820
-0.022867
-0.022913
-0.022959
-0.023005
-0.023050
-0.023094
-0.023138
-0.023181
-0.023224
-0.023266
-0.023307
-0.023348
-0.023388
-0.023428
-0.023468
-0.023506
-0.023544
-0.023582
-0.023619
-0.023656
-0.023692
-0.023727
-0.023762
-0.023796
-0.023830
-0.023863
-0.023896
-0.023928
-0.023960
-0.023991
-0.024021
-0.024052
-0.024081
-0.024110
-0.024139
-0.024167
-0.024194
-0.024221
-0.024247
-0.024273
-0.024299
-0.024324
-0.024348
-0.024372
-0.024395
-0.024418
-0.024441
-0.024462
-0.024484
-0.024505
-0.024525
-0.024545
-0.024564
-0.024583
-0.024602
-0.024620
-0.024637
-0.024654
-0.024671
-0.024687
-0.024703
-0.024718
-0.024732
-0.024746
-0.024760
-0.024773
-0.024786
-0.024799
-0.024810
-0.024822
-0.024833
-0.024843
-0.024853
-0.024863
-0.024872
-0.024881
-0.024889
-0.024897
-0.024904
-0.024911
-0.024918
-0.024924
-0.024930
-0.024935
-0.024940
-0.024944
-0.024948
-0.024951
-0.024954
-0.024957
-0.024959
-0.024961
-0.024963
-0.024964
-0.024964
-0.024965
-0.024964
-0.024964
-0.024963
-0.024961
-0.024960
-0.024957
-0.024955
-0.024952
-0.024948
-0.024945
-0.024941
-0.024936
-0.024931
-0.024926
-0.024920
-0.024914
-0.024908
-0.024901
-0.024894
-0.024886
-0.024878
-0.024870
-0.024861
-0.024852
-0.024843
-0.024833
-0.024823
-0.024813
-0.024802
-0.024791
-0.024779
-0.024767
-0.024755
-0.024743
-0.024730
-0.024716
-0.024703
-0.024689
-0.024675
-0.024660
-0.024645
-0.024630
-0.024615
-0.024599
-0.024582
-0.024566
-0.024549
-0.024532
-0.024514
-0.024497
-0.024478
-0.024460
-0.024441
-0.024422
-0.024403
-0.024383
-0.024363
-0.024343
-0.024322
-0.024301
-0.024280
-0.024259
-0.024237
-0.024215
-0.024193
-0.024170
-0.024147
-0.024124
-0.024100
-0.024076
-0.024052
-0.024028
-0.024003
-0.023978
-0.023953
-0.023928
-0.023902
-0.023876
-0.023850
-0.023823
-0.023797
-0.023769
-0.023742
-0.023715
-0.023687
-0.023659
-0.023630
-0.023602
-0.023573
-0.023544
-0.023514
-0.023485
-0.023455
-0.023425
-0.023395
-0.023364
-0.023333
-0.023302
-0.023271
-0.023239
-0.023208
-0.023176
-0.023143
-0.023111
-0.023078
-0.023045
-0.023012
-0.022979
-0.022945
-0.022912
-0.022878
-0.022843
-0.022809
-0.022774
-0.022740
-0.022704
-0.022669
-0.022634
-0.022598
-0.022562
-0.022526
-0.022490
-0.022453
-0.022417
-0.022380
-0.022343
-0.022305
-0.022268
-0.022230
-0.022192
-0.022154
-0.022116
-0.022078
-0.022039
-0.022000
-0.021961
-0.021922
-0.021883
-0.021843
-0.021804
-0.021764
-0.021724
-0.021684
-0.021643
-0.021603
-0.021562
-0.021521
-0.021480
-0.021439
-0.021398
-0.021356
-0.021315
-0.021273
-0.021231
-0.021189
-0.021146
-0.021104
-0.021061
-0.021019
-0.020976
-0.020933
-0.020890
-0.020846
-0.020803
-0.020759
-0.020716
-0.020672
-0.020628
-0.020584
-0.020539
-0.020495
-0.020450
-0.020406
-0.020361
-0.020316
-0.020271
-0.020226
-0.020181
-0.020135
-0.020090
-0.020044
-0.019998
-0.019952
-0.019906
-0.019860
-0.019814
-0.019768
-0.019721
-0.019675
-0.019628
-0.019581
-0.019534
-0.019487
-0.019440
-0.019393
-0.019346
-0.019298
-0.019251
-0.019203
-0.019156
-0.019108
-0.019060
-0.019012
-0.018964
-0.018916
-0.018868
-0.018819
-0.018771
-0.018723
-0.018674
-0.018625
-0.018577
-0.018528
-0.018479
-0.018430
-0.018381
-0.018332
-0.018283
-0.018234
-0.018184
-0.018135
-0.018085
-0.018036
-0.017986
-0.017937
-0.017887
-0.017837
-0.017788
-0.017738
-0.017688
-0.017638
-0.017588
-0.017538
-0.017487
-0.017437
-0.017387
-0.017337
-0.017286
-0.017236
-0.017185
-0.017135
-0.017084
-0.017034
-0.016983
-0.016933
-0.016882
-0.016831
-0.016780
-0.016730
-0.016679
-0.016628
-0.016577
-0.016526
-0.016475
-0.016424
-0.016373
-0.016322
-0.016271
-0.016220
-0.016169
-0.016118
-0.016067
-0.016015
-0.015964
-0.015913
-0.015862
-0.015810
-0.015759
-0.015708
-0.015657
-0.015605
-0.015554
-0.015503
-0.015451
-0.015400
-0.015349
-0.015297
-0.015246
-0.015195
-0.015143
-0.015092
-0.015041
-0.014989
-0.014938
-0.014887
-0.014835
-0.014784
-0.014733
-0.014681
-0.014630
-0.014579
-0.014528
-0.014476
-0.014425
-0.014374
-0.014323
-0.014272
-0.014220
-0.014169
-0.014118
-0.014067
-0.014016
-0.013965
-0.013914
-0.013863
-0.013812
-0.013761
-0.013710
-0.013659
-0.013608
-0.013557
-0.013506
-0.013456
-0.013405
-0.013354
-0.013303
-0.013253
-0.013202
-0.013152
-0.013101
-0.013051
-0.013000
-0.012950
-0.012899
-0.012849
-0.012799
-0.012749
-0.012698
-0.012648
-0.012598
-0.012548
-0.012498
-0.012448
-0.012398
-0.012349
-0.012299
-0.012249
-0.012199
-0.012150
-0.012100
-0.012051
-0.012001
-0.011952
-0.011903
-0.011853
-0.011804
-0.011755
-0.011706
-0.011657
-0.011608
-0.011559
-0.011511
-0.011462
-0.011413
-0.011365
-0.011316
-0.011268
-0.011219
-0.011171
-0.011123
-0.011075
-0.011027
-0.010979
-0.010931
-0.010883
-0.010835
-0.010788
-0.010740
-0.010693
-0.010645
-0.010598
-0.010551
-0.010503
-0.010456
-0.010409
-0.010362
-0.010316
-0.010269
-0.010222
-0.010176
-0.010129
-0.010083
-0.010037
-0.009990
-0.009944
-0.009898
-0.009852
-0.009807
-0.009761
-0.009715
-0.009670
-0.009624
-0.009579
-0.009534
-0.009489
-0.009444
-0.009399
-0.009354
-0.009309
-0.009265
-0.009220
-0.009176
-0.009131
-0.009087
-0.009043
-0.008999
-0.008955
-0.008912
-0.008868
-0.008824
-0.008781
-0.008738
-0.008694
-0.008651
-0.008608
-0.008565
-0.008523
-0.008480
-0.008437
-0.008395
-0.008353
-0.008311
-0.008268
-0.008227
-0.008185
-0.008143
-0.008101
-0.008060
-0.008018
-0.007977
-0.007936
-0.007895
-0.007854
-0.007813
-0.007773
-0.007732
-0.007692
-0.007652
-0.007611
-0.007571
-0.007532
-0.007492
-0.007452
-0.007413
-0.007373
-0.007334
-0.007295
-0.007256
-0.007217
-0.007178
-0.007139
-0.007101
-0.007063
-0.007024
-0.006986
-0.006948
-0.006910
-0.006873
-0.006835
-0.006798
-0.006760
-0.006723
-0.006686
-0.006649
-0.006612
-0.006575
-0.006539
-0.006502
-0.006466
-0.006430
-0.006394
-0.006358
-0.006322
-0.006287
-0.006251
-0.006216
-0.006181
-0.006146
-0.006111
-0.006076
-0.006041
-0.006007
-0.005972
-0.005938
-0.005904
-0.005870
-0.005836
-0.005803
-0.005769
-0.005736
-0.005702
-0.005669
-0.005636
-0.005603
-0.005570
-0.005538
-0.005505
-0.005473
-0.005441
-0.005409
-0.005377
-0.005345
-0.005313
-0.005282
-0.005251
-0.005219
-0.005188
-0.005157
-0.005127
-0.005096
-0.005065
-0.005035
-0.005005
-0.004975
-0.004945
-0.004915
-0.004885
-0.004855
-0.004826
-0.004797
-0.004768
-0.004739
-0.004710
-0.004681
-0.004652
-0.004624
-0.004596
-0.004567
-0.004539
-0.004511
-0.004484
-0.004456
-0.004428
-0.004401
-0.004374
-0.004347
-0.004320
-0.004293
-0.004266
-0.004240
-0.004213
-0.004187
-0.004161
-0.004135
-0.004109
-0.004083
-0.004058
-0.004032
-0.004007
-0.003982
-0.003956
-0.003931
-0.003907
-0.003882
-0.003857
-0.003833
-0.003809
-0.003785
-0.003761
-0.003737
-0.003713
-0.003689
-0.003666
-0.003642
-0.003619
-0.003596
-0.003573
-0.003550
-0.003527
-0.003505
-0.003482
-0.003460
-0.003438
-0.003415
-0.003393
-0.003372
-0.003350
-0.003328
-0.003307
-0.003285
-0.003264
-0.003243
-0.003222
-0.003201
-0.003180
-0.003160
-0.003139
-0.003119
-0.003098
-0.003078
-0.003058
-0.003038
-0.003018
-0.002999
-0.002979
-0.002959
-0.002940
-0.002921
-0.002902
-0.002883
-0.002864
-0.002845
-0.002826
-0.002808
-0.002789
-0.002771
-0.002752
-0.002734
-0.002716
-0.002698
-0.002680
-0.002663
-0.002645
-0.002628
-0.002610
-0.002593
-0.002576
-0.002558
-0.002541
-0.002525
-0.002508
-0.002491
-0.002474
-0.002458
-0.002441
-0.002425
-0.002409
-0.002393
-0.002377
-0.002361
-0.002345
-0.002329
-0.002313
-0.002298
-0.002282
-0.002267
-0.002252
-0.002236
-0.002221
-0.002206
-0.002191
-0.002176
-0.002161
-0.002147
-0.002132
-0.002118
-0.002103
-0.002089
-0.002074
-0.002060
-0.002046
-0.002032
-0.002018
-0.002004
-0.001990
-0.001976
-0.001962
-0.001949
-0.001935
-0.001922
-0.001908
-0.001895
-0.001881
-0.001868
-0.001855
-0.001842
-0.001829
-0.001816
-0.001803
-0.001790
-0.001777
-0.001764
-0.001752
-0.001739
-0.001726
-0.001714
-0.001701
-0.001689
-0.001676
-0.001664
-0.001652
-0.001640
-0.001627
-0.001615
-0.001603
-0.001591
-0.001579
-0.001567
-0.001555
-0.001543
-0.001532
-0.001520
-0.001508
-0.001496
-0.001485
-0.001473
-0.001461
-0.001450
-0.001438
-0.001427
-0.001415
-0.001404
-0.001392
-0.001381
-0.001370
-0.001358
-0.001347
-0.001336
-0.001324
-0.001313
-0.001302
-0.001290
-0.001279
-0.001268
-0.001257
-0.001246
-0.001235
-0.001223
-0.001212
-0.001201
-0.001190
-0.001179
-0.001168
-0.001157
-0.001146
-0.001135
-0.001124
-0.001113
-0.001101
-0.001090
-0.001079
-0.001068
-0.001057
-0.001046
-0.001035
-0.001024
-0.001013
-0.001002
-0.000991
-0.000979
-0.000968
-0.000957
-0.000946
-0.000935
-0.000923
-0.000912
-0.000901
-0.000890
-0.000878
-0.000867
-0.000856
-0.000844
-0.000833
-0.000822
-0.000810
-0.000799
-0.000787
-0.000776
-0.000764
-0.000752
-0.000741
-0.000729
-0.000717
-0.000706
-0.000694
-0.000682
-0.000670
-0.000658
-0.000646
-0.000634
-0.000622
-0.000610
-0.000598
-0.000586
-0.000573
-0.000561
-0.000549
-0.000536
-0.000524
-0.000511
-0.000499
-0.000486
-0.000473
-0.000461
-0.000448
-0.000435
-0.000422
-0.000409
-0.000396
-0.000383
-0.000369
-0.000356
-0.000343
-0.000329
-0.000316
-0.000302
-0.000288
-0.000275
-0.000261
-0.000247
-0.000233
-0.000219
-0.000205
-0.000190
-0.000176
-0.000161
-0.000147
-0.000132
-0.000118
-0.000103
-0.000088
-0.000073
-0.000058
-0.000043
-0.000028
-0.000012
0.000003
0.000019
0.000034
0.000050
0.000066
0.000082
0.000098
0.000114
0.000131
0.000147
0.000164
0.000180
0.000197
0.000214
0.000231
0.000248
0.000265
0.000282
0.000300
0.000317
0.000335
0.000353
0.000371
0.000389
0.000407
0.000425
0.000444
0.000462
0.000481
0.000500
0.000519
0.000538
0.000557
0.000577
0.000596
0.000616
0.000635
0.000655
0.000675
0.000696
0.000716
0.000736
0.000757
0.000778
0.000799
0.000820
0.000841
0.000862
0.000884
0.000906
0.000927
0.000949
0.000972
0.000994
0.001016
0.001039
0.001062
0.001085
0.001108
0.001131
0.001154
0.001178
0.001202
0.001226
0.001250
0.001274
0.001298
0.001323
0.001348
0.001373
0.001398
0.001423
0.001448
0.001474
0.001500
0.001526
0.001552
0.001578
0.001605
0.001631
0.001658
0.001685
0.001713
0.001740
0.001768
0.001795
0.001823
0.001852
0.001880
0.001908
0.001937
0.001966
0.001995
0.002025
0.002054
0.002084
0.002114
0.002144
0.002174
0.002204
0.002235
0.002266
0.002297
0.002328
0.002360
0.002391
0.002423
0.002455
0.002488
0.002520
0.002553
0.002586
0.002619
0.002652
0.002686
0.002719
0.002753
0.002787
0.002822
0.002856
0.002891
0.002926
0.002961
0.002997
0.003032
0.003068
0.003104
0.003141
0.003177
0.003214
0.003251
0.003288
0.003325
0.003363
0.003401
0.003439
0.003477
0.003515
0.003554
0.003593
0.003632
0.003671
0.003711
0.003751
0.003791
0.003831
0.003872
0.003912
0.003953
0.003994
0.004036
0.004078
0.004119
0.004161
0.004204
0.004246
0.004289
0.004332
0.004375
0.004419
0.004462
0.004506
0.004551
0.004595
0.004640
0.004684
0.004729
0.004775
0.004820
0.004866
0.004912
0.004958
0.005005
0.005052
0.005099
0.005146
0.005193
0.005241
0.005289
0.005337
0.005385
0.005434
0.005483
0.005532
0.005581
0.005631
0.005681
0.005731
0.005781
0.005831
0.005882
0.005933
0.005984
0.006036
0.006088
0.006140
0.006192
0.006244
0.006297
0.006350
0.006403
0.006456
0.006510
0.006564
0.006618
0.006672
0.006727
0.006781
0.006836
0.006892
0.006947
0.007003
0.007059
0.007115
0.007171
0.007228
0.007285
0.007342
0.007400
0.007457
0.007515
0.007573
0.007631
0.007690
0.007749
0.007808
0.007867
0.007927
0.007986
0.008046
0.008106
0.008167
0.008227
0.008288
0.008349
0.008411
0.008472
0.008534
0.008596
0.008658
0.008721
0.008783
0.008846
0.008909
0.008973
0.009036
0.009100
0.009164
0.009228
0.009293
0.009358
0.009423
0.009488
0.009553
0.009619
0.009684
0.009750
0.009817
0.009883
0.009950
0.010016
0.010084
0.010151
0.010218
0.010286
0.010354
0.010422
0.010490
0.010559
0.010628
0.010697
0.010766
0.010835
0.010905
0.010974
0.011044
0.011115
0.011185
0.011255
0.011326
0.011397
0.011468
0.011540
0.011611
0.011683
0.011755
0.011827
0.011899
0.011971
0.012044
0.012117
0.012190
0.012263
0.012336
0.012410
0.012484
0.012558
0.012632
0.012706
0.012780
0.012855
0.012930
0.013005
0.013080
0.013155
0.013230
0.013306
0.013382
0.013457
0.013534
0.013610
0.013686
0.013763
0.013839
0.013916
0.013993
0.014070
0.014147
0.014225
0.014302
0.014380
0.014458
0.014536
0.014614
0.014692
0.014770
0.014849
0.014927
0.015006
0.015085
0.015164
0.015243
0.015322
0.015401
0.015481
0.015560
0.015640
0.015720
0.015800
0.015880
0.015960
0.016040
0.016120
0.016200
0.016281
0.016361
0.016442
0.016523
0.016604
0.016684
0.016765
0.016846
0.016927
0.017009
0.017090
0.017171
0.017253
0.017334
0.017416
0.017497
0.017579
0.017660
0.017742
0.017824
0.017906
0.017988
0.018069
0.018151
0.018233
0.018315
0.018397
0.018479
0.018562
0.018644
0.018726
0.018808
0.018890
0.018972
0.019055
0.019137
0.019219
0.019301
0.019383
0.019466
0.019548
0.019630
0.019712
0.019794
0.019876
0.019958
0.020041
0.020123
0.020205
0.020287
0.020369
0.020450
0.020532
0.020614
0.020696
0.020778
0.020859
0.020941
0.021022
0.021104
0.021185
0.021267
0.021348
0.021429
0.021510
0.021591
0.021672
0.021753
0.021834
0.021914
0.021995
0.022075
0.022155
0.022236
0.022316
0.022396
0.022476
0.022555
0.022635
0.022714
0.022794
0.022873
0.022952
0.023031
0.023109
0.023188
0.023266
0.023345
0.023423
0.023501
0.023578
0.023656
0.023733
0.023811
0.023888
0.023964
0.024041
0.024118
0.024194
0.024270
0.024346
0.024421
0.024496
0.024572
0.024647
0.024721
0.024796
0.024870
0.024944
0.025018
0.025091
0.025164
0.025237
0.025310
0.025382
0.025454
0.025526
0.025598
0.025669
0.025740
0.025811
0.025881
0.025951
0.026021
0.026091
0.026160
0.026229
0.026297
0.026366
0.026434
0.026501
0.026568
0.026635
0.026702
0.026768
0.026834
0.026899
0.026964
0.027029
0.027094
0.027158
0.027221
0.027284
0.027347
0.027410
0.027472
0.027533
0.027595
0.027655
0.027716
0.027776
0.027835
0.027895
0.027953
0.028011
0.028069
0.028127
0.028184
0.028240
0.028296
0.028352
0.028407
0.028461
0.028515
0.028569
0.028622
0.028675
0.028727
0.028779
0.028830
0.028881
0.028931
0.028980
0.029030
0.029078
0.029126
0.029174
0.029221
0.029267
0.029313
0.029358
0.029403
0.029448
0.029491
0.029534
0.029577
0.029619
0.029660
0.029701
0.029741
0.029781
0.029820
0.029858
0.029896
0.029933
0.029970
0.030006
0.030041
0.030076
0.030110
0.030143
0.030176
0.030208
0.030240
0.030271
0.030301
0.030330
0.030359
0.030388
0.030415
0.030442
0.030468
0.030494
0.030518
0.030543
0.030566
0.030589
0.030611
0.030632
0.030653
0.030673
0.030692
0.030710
0.030728
0.030745
0.030761
0.030777
0.030792
0.030806
0.030819
0.030832
0.030843
0.030854
0.030865
0.030874
0.030883
0.030891
0.030898
0.030905
0.030910
0.030915
0.030919
0.030923
0.030925
0.030927
0.030928
0.030928
0.030927
0.030926
0.030924
0.030920
0.030916
0.030912
0.030906
0.030900
0.030893
0.030885
0.030876
0.030866
0.030855
0.030844
0.030832
0.030819
0.030805
0.030790
0.030774
0.030758
0.030741
0.030722
0.030703
0.030684
0.030663
0.030641
0.030619
0.030595
0.030571
0.030546
0.030520
0.030493
0.030465
0.030437
0.030407
0.030377
0.030346
0.030313
0.030280
0.030247
0.030212
0.030176
0.030139
0.030102
0.030064
0.030024
0.029984
0.029943
0.029901
0.029858
0.029815
0.029770
0.029725
0.029678
0.029631
0.029583
0.029533
0.029483
0.029432
0.029381
0.029328
0.029274
0.029220
0.029164
0.029108
0.029051
0.028993
0.028933
0.028874
0.028813
0.028751
0.028688
0.028625
0.028560
0.028495
0.028429
0.028362
0.028294
0.028225
0.028155
0.028084
0.028013
0.027940
0.027867
0.027793
0.027717
0.027641
0.027565
0.027487
0.027408
0.027329
0.027248
0.027167
0.027085
0.027002
0.026918
0.026833
0.026747
0.026661
0.026574
0.026485
0.026396
0.026306
0.026216
0.026124
0.026032
0.025938
0.025844
0.025749
0.025653
0.025557
0.025459
0.025361
0.025262
0.025162
0.025061
0.024960
0.024857
0.024754
0.024650
0.024545
0.024440
0.024333
0.024226
0.024118
0.024009
0.023900
0.023790
0.023679
0.023567
0.023454
0.023341
0.023227
0.023112
0.022996
0.022880
0.022763
0.022645
0.022526
0.022407
0.022287
0.022167
0.022045
0.021923
0.021800
0.021677
0.021552
0.021428
0.021302
0.021176
0.021049
0.020921
0.020793
0.020664
0.020535
0.020404
0.020274
0.020142
0.020010
0.019877
0.019744
0.019610
0.019475
0.019340
0.019204
0.019068
0.018931
0.018794
0.018655
0.018517
0.018377
0.018238
0.018097
0.017956
0.017815
0.017673
0.017531
0.017388
0.017244
0.017100
0.016956
0.016811
0.016665
0.016519
0.016373
0.016226
0.016078
0.015930
0.015782
0.015633
0.015484
0.015335
0.015185
0.015034
0.014883
0.014732
0.014580
0.014428
0.014276
0.014123
0.013970
0.013816
0.013662
0.013508
0.013353
0.013198
0.013043
0.012887
0.012731
0.012575
0.012419
0.012262
0.012105
0.011947
0.011790
0.011632
0.011473
0.011315
0.011156
0.010997
0.010838
0.010679
0.010519
0.010359
0.010199
0.010039
0.009878
0.009718
0.009557
0.009396
0.009235
0.009073
0.008912
0.008750
0.008589
0.008427
0.008265
0.008103
0.007940
0.007778
0.007616
0.007453
0.007291
0.007128
0.006965
0.006802
0.006640
0.006477
0.006314
0.006151
0.005988
0.005825
0.005662
0.005499
0.005336
0.005173
0.005010
0.004847
0.004684
0.004521
0.004358
0.004195
0.004032
0.003870
0.003707
0.003545
0.003382
0.003220
0.003057
0.002895
0.002733
0.002571
0.002409
0.002247
0.002086
0.001924
0.001763
0.001602
0.001441
0.001280
0.001119
0.000959
0.000799
0.000638
0.000479
0.000319
0.000159
-0.000000
-0.000159
-0.000318
-0.000477
-0.000635
-0.000793
-0.000951
-0.001109
-0.001266
-0.001423
-0.001580
-0.001737
-0.001893
-0.002049
-0.002205
-0.002360
-0.002516
-0.002670
-0.002825
-0.002979
-0.003133
-0.003287
-0.003440
-0.003593
-0.003745
-0.003897
-0.004049
-0.004201
-0.004352
-0.004502
-0.004653
-0.004803
-0.004952
-0.005102
-0.005250
-0.005399
-0.005547
-0.005695
-0.005842
-0.005989
-0.006135
-0.006281
-0.006426
-0.006571
-0.006716
-0.006860
-0.007004
-0.007147
-0.007290
-0.007433
-0.007575
-0.007716
-0.007857
-0.007998
-0.008138
-0.008277
-0.008416
-0.008555
-0.008693
-0.008831
-0.008968
-0.009105
-0.009241
-0.009376
-0.009512
-0.009646
-0.009780
-0.009914
-0.010047
-0.010179
-0.010311
-0.010443
-0.010574
-0.010704
-0.010834
-0.010963
-0.011092
-0.011220
-0.011348
-0.011475
-0.011602
-0.011728
-0.011853
-0.011978
-0.012102
-0.012226
-0.012349
-0.012472
-0.012594
-0.012715
-0.012836
-0.012956
-0.013076
-0.013195
-0.013314
-0.013432
-0.013549
-0.013666
-0.013782
-0.013897
-0.014012
-0.014127
-0.014240
-0.014354
-0.014466
-0.014578
-0.014689
-0.014800
-0.014910
-0.015020
-0.015129
-0.015237
-0.015345
-0.015452
-0.015558
-0.015664
-0.015769
-0.015874
-0.015978
-0.016081
-0.016184
-0.016286
-0.016387
-0.016488
-0.016588
-0.016688
-0.016787
-0.016885
-0.016983
-0.017080
-0.017176
-0.017272
-0.017367
-0.017462
-0.017556
-0.017649
-0.017742
-0.017834
-0.017925
-0.018016
-0.018106
-0.018195
-0.018284
-0.018373
-0.018460
-0.018547
-0.018633
-0.018719
-0.018804
-0.018889
-0.018972
-0.019056
-0.019138
-0.019220
-0.019301
-0.019382
-0.019462
-0.019541
-0.019620
-0.019698
-0.019776
-0.019853
-0.019929
-0.020005
-0.020080
-0.020154
-0.020228
-0.020301
-0.020373
-0.020445
-0.020516
-0.020587
-0.020657
-0.020726
-0.020795
-0.020863
-0.020931
-0.020998
-0.021064
-0.021130
-0.021195
-0.021259
-0.021323
-0.021386
-0.021449
-0.021511
-0.021572
-0.021633
-0.021693
-0.021753
-0.021812
-0.021870
-0.021928
-0.021985
-0.022042
-0.022098
-0.022153
-0.022208
-0.022262
-0.022316
-0.022369
-0.022421
-0.022473
-0.022524
-0.022575
-0.022625
-0.022675
-0.022724
-0.022772
-0.022820
-0.022867
-0.022913
-0.022959
-0.023005
-0.023050
-0.023094
-0.023138
-0.023181
-0.023224
-0.023266
-0.023307
-0.023348
-0.023388
-0.023428
-0.023468
-0.023506
-0.023544
-0.023582
-0.023619
-0.023656
-0.023691
-0.023727
-0.023762
-0.023796
-0.023830
-0.023863
-0.023896
-0.023928
-0.023960
-0.023991
-0.024021
-0.024052
-0.024081
-0.024110
-0.024139
-0.024167
-0.024194
-0.024221
-0.024247
-0.024273
-0.024299
-0.024324
-0.024348
-0.024372
-0.024395
-0.024418
-0.024441
-0.024462
-0.024484
-0.024505
-0.024525
-0.024545
-0.024564
-0.024583
-0.024602
-0.024620
-0.024637
-0.024654
-0.024671
-0.024687
-0.024703
-0.024718
-0.024732
-0.024747
-0.024760
-0.024773
-0.024786
-0.024799
-0.024810
-0.024822
-0.024833
-0.024843
-0.024853
-0.024863
-0.024872
-0.024881
-0.024889
-0.024897
-0.024904
-0.024911
-0.024918
-0.024924
-0.024930
-0.024935
-0.024940
-0.024944
-0.024948
-0.024951
-0.024954
-0.024957
-0.024959
-0.024961
-0.024963
-0.024964
-0.024964
-0.024965
-0.024964
-0.024964
-0.024963
-0.024961
-0.024960
-0.024957
-0.024955
-0.024952
-0.024948
-0.024945
-0.024941
-0.024936
-0.024931
-0.024926
-0.024920
-0.024914
-0.024908
-0.024901
-0.024894
-0.024886
-0.024878
-0.024870
-0.024861
-0.024852
-0.024843
-0.024833
-0.024823
-0.024813
-0.024802
-0.024791
-0.024779
-0.024767
-0.024755
-0.024743
-0.024730
-0.024717
-0.024703
-0.024689
-0.024675
-0.024660
-0.024645
-0.024630
-0.024615
-0.024599
-0.024582
-0.024566
-0.024549
-0.024532
-0.024514
-0.024497
-0.024478
-0.024460
-0.024441
-0.024422
-0.024403
-0.024383
-0.024363
-0.024343
-0.024322
-0.024301
-0.024280
-0.024259
-0.024237
-0.024215
-0.024193
-0.024170
-0.024147
-0.024124
-0.024100
-0.024076
-0.024052
-0.024028
-0.024003
-0.023979
-0.023953
-0.023928
-0.023902
-0.023876
-0.023850
-0.023823
-0.023797
-0.023770
-0.023742
-0.023715
-0.023687
-0.023659
-0.023630
-0.023602
-0.023573
-0.023544
-0.023514
-0.023485
-0.023455
-0.023425
-0.023395
-0.023364
-0.023333
-0.023302
-0.023271
-0.023239
-0.023208
-0.023176
-0.023143
-0.023111
-0.023078
-0.023045
-0.023012
-0.022979
-0.022945
-0.022912
-0.022878
-0.022843
-0.022809
-0.022774
-0.022740
-0.022705
-0.022669
-0.022634
-0.022598
-0.022562
-0.022526
-0.022490
-0.022453
-0.022417
-0.022380
-0.022343
-0.022305
-0.022268
-0.022230
-0.022192
-0.022154
-0.022116
-0.022078
-0.022039
-0.022000
-0.021961
-0.021922
-0.021883
-0.021844
-0.021804
-0.021764
-0.021724
-0.021684
-0.021643
-0.021603
-0.021562
-0.021521
-0.021480
-0.021439
-0.021398
-0.021356
-0.021315
-0.021273
-0.021231
-0.021189
-0.021147
-0.021104
-0.021062
-0.021019
-0.020976
-0.020933
-0.020890
-0.020846
-0.020803
-0.020759
-0.020716
-0.020672
-0.020628
-0.020584
-0.020539
-0.020495
-0.020450
-0.020406
-0.020361
-0.020316
-0.020271
-0.020226
-0.020181
-0.020135
-0.020090
-0.020044
-0.019998
-0.019952
-0.019906
-0.019860
-0.019814
-0.019768
-0.019721
-0.019675
-0.019628
-0.019581
-0.019534
-0.019487
-0.019440
-0.023750
-0.027874
-0.031823
-0.035607
-0.039233
-0.042711
-0.046047
-0.049247
-0.052319
-0.055267
-0.058096
-0.060812
-0.063419
-0.065920
-0.068320
-0.070622
-0.072830
-0.074945
-0.076972
-0.078912
-0.080769
-0.082545
-0.084242
-0.085861
-0.087406
-0.088877
-0.090278
-0.091609
-0.092872
-0.094070
-0.095202
-0.096272
-0.097280
-0.098228
-0.099117
-0.099948
-0.100724
-0.101444
-0.102111
-0.102725
-0.103288
-0.103801
-0.104265
-0.104682
-0.105051
-0.105375
-0.105654
-0.105889
-0.106082
-0.106233
-0.106344
-0.106415
-0.106448
-0.106443
-0.106402
-0.106324
-0.106212
-0.106066
-0.105886
-0.105675
-0.105432
-0.105159
-0.104857
-0.104525
-0.104166
-0.103779
-0.103367
-0.102928
-0.102465
-0.101978
-0.101468
-0.100936
-0.100381
-0.099806
-0.099210
-0.098595
-0.097961
-0.097309
-0.096639
-0.095953
-0.095250
-0.094532
-0.093799
-0.093051
-0.092290
-0.091516
-0.090730
-0.089931
-0.089121
-0.088301
-0.087470
-0.086630
-0.085780
-0.084922
-0.084056
-0.083182
-0.082301
-0.081413
-0.080520
-0.079620
-0.078716
-0.077807
-0.076893
-0.075976
-0.075055
-0.074131
-0.073204
-0.072275
-0.071344
-0.070412
-0.069478
-0.068544
-0.067609
-0.066674
-0.065739
-0.064805
-0.063872
-0.062940
-0.062009
-0.061080
-0.060154
-0.059229
-0.058307
-0.057388
-0.056472
-0.055560
-0.054651
-0.053745
-0.052844
-0.051947
-0.051055
-0.050167
-0.049284
-0.048406
-0.047534
-0.046667
-0.045805
-0.044949
-0.044099
-0.043255
-0.042418
-0.041587
-0.040762
-0.039944
-0.039132
-0.038327
-0.037530
-0.036739
-0.035956
-0.035180
-0.034411
-0.033650
-0.032896
-0.032150
-0.031411
-0.030681
-0.029958
-0.029243
-0.028536
-0.027837
-0.027146
-0.026463
-0.025788
-0.025121
-0.024462
-0.023812
-0.023170
-0.022536
-0.021910
-0.021293
-0.020684
-0.020083
-0.019490
-0.018906
-0.018330
-0.017762
-0.017203
-0.016652
-0.016109
-0.015574
-0.015048
-0.014529
-0.014019
-0.013517
-0.013024
-0.012538
-0.012060
-0.011590
-0.011129
-0.010675
-0.010229
-0.009791
-0.009361
-0.008938
-0.008523
-0.008116
-0.007717
-0.007325
-0.006940
-0.006563
-0.006194
-0.005831
-0.005476
-0.005128
-0.004788
-0.004454
-0.004128
-0.003808
-0.003495
-0.003190
-0.002891
-0.002598
-0.002312
-0.002033
-0.001760
-0.001494
-0.001234
-0.000981
-0.000733
-0.000492
-0.000256
-0.000027
0.000196
0.000414
0.000626
0.000832
0.001032
0.001227
0.001417
0.001601
0.001780
0.001953
0.002122
0.002285
0.002443
0.002597
0.002745
0.002889
0.003028
0.003162
0.003292
0.003417
0.003538
0.003655
0.003767
0.003875
0.003979
0.004079
0.004174
0.004266
0.004355
0.004439
0.004520
0.004597
0.004670
0.004740
0.004807
0.004870
0.004930
0.004987
0.005040
0.005091
0.005138
0.005183
0.005224
0.005263
0.005299
0.005332
0.005363
0.005391
0.005417
0.005440
0.005460
0.005479
0.005495
0.005509
0.005520
0.005530
0.005537
0.005543
0.005547
0.005548
0.005548
0.005546
0.005542
0.005537
0.005530
0.005521
0.005511
0.005500
0.005487
0.005472
0.005456
0.005439
0.005421
0.005401
0.005380
0.005358
0.005335
0.005311
0.005286
0.005260
0.005233
0.005205
0.005177
0.005147
0.005117
0.005086
0.005054
0.005021
0.004988
0.004955
0.004920
0.004886
0.004850
0.004814
0.004778
0.004741
0.004704
0.004667
0.004629
0.004591
0.004553
0.004514
0.004475
0.004436
0.004397
0.004357
0.004318
0.004278
0.004238
0.004199
0.004159
0.004119
0.004079
0.004039
0.003999
0.003959
0.003919
0.003879
0.003840
0.003800
0.003761
0.003722
0.003682
0.003644
0.003605
0.003566
0.003528
0.003490
0.003452
0.003414
0.003377
0.003340
0.003303
0.003266
0.003230
0.003194
0.003158
0.003123
0.003088
0.003053
0.003019
0.002985
0.002951
0.002918
0.002885
0.002853
0.002821
0.002789
0.002758
0.002727
0.002696
0.002666
0.002636
0.002607
0.002578
0.002550
0.002522
0.002494
0.002467
0.002440
0.002414
0.002388
0.002362
0.002337
0.002313
0.002288
0.002265
0.002241
0.002218
0.002196
0.002174
0.002152
0.002131
0.002110
0.002090
0.002070
0.002051
0.002032
0.002013
0.001995
0.001977
0.001960
0.001943
0.001926
0.001910
0.001894
0.001879
0.001864
0.001850
0.001836
0.001822
0.001808
0.001795
0.001783
0.001771
0.001759
0.001747
0.001736
0.001725
0.001715
0.001705
0.001695
0.001686
0.001677
0.001668
0.001660
0.001652
0.001644
0.001637
0.001630
0.001623
0.001617
0.001611
0.001605
0.001599
0.001594
0.001589
0.001584
0.001580
0.001576
0.001572
0.001568
0.001565
0.001562
0.001559
0.001556
0.001554
0.001552
0.001550
0.001548
0.001547
0.001546
0.001545
0.001544
0.001543
0.001543
0.001543
0.001543
0.001543
0.001543
0.001544
0.001544
0.001545
0.001546
0.001548
0.001549
0.001550
0.001552
0.001554
0.001556
0.001558
0.001560
0.001563
0.001565
0.001568
0.001570
0.001573
0.001576
0.001579
0.001582
0.001586
0.001589
0.001592
0.001596
0.001600
0.001603
0.001607
0.001611
0.001615
0.001619
0.001623
0.001627
0.001631
0.001636
0.001640
0.001644
0.001649
0.001653
0.001658
0.001662
0.001667
0.001672
0.001676
0.001681
0.001686
0.001691
0.001695
0.001700
0.001705
0.001710
0.001715
0.001720
0.001725
0.001730
0.001735
0.001740
0.001745
0.001750
0.001755
0.001760
0.001765
0.001770
0.001775
0.001780
0.001785
0.001790
0.001795
0.001800
0.001805
0.001810
0.001815
0.001820
0.001825
0.001830
0.001834
0.001839
0.001844
0.001849
0.001854
0.001859
0.001864
0.001869
0.001873
0.001878
0.001883
0.001888
0.001892
0.001897
0.001902
0.001907
0.001911
0.001916
0.001920
0.001925
0.001930
0.001934
0.001939
0.001943
0.001948
0.001952
0.001957
0.001961
0.001966
0.001970
0.001974
0.001979
0.001983
0.001988
0.001992
0.001996
0.002000
0.002005
0.002009
0.002013
0.002018
0.002022
0.002026
0.002030
0.002034
0.002039
0.002043
0.002047
0.002051
0.002055
0.002059
0.002064
0.002068
0.002072
0.002076
0.002080
0.002084
0.002088
0.002092
0.002097
0.002101
0.002105
0.002109
0.002113
0.002117
0.002122
0.002126
0.002130
0.002134
0.002138
0.002143
0.002147
0.002151
0.002156
0.002160
0.002164
0.002169
0.002173
0.002177
0.002182
0.002186
0.002191
0.002195
0.002200
0.002204
0.002209
0.002214
0.002218
0.002223
0.002228
0.002233
0.002237
0.002242
0.002247
0.002252
0.002257
0.002262
0.002267
0.002273
0.002278
0.002283
0.002288
0.002294
0.002299
0.002305
0.002310
0.002316
0.002322
0.002327
0.002333
0.002339
0.002345
0.002351
0.002357
0.002363
0.002369
0.002376
0.002382
0.002389
0.002395
0.002402
0.002409
0.002415
0.002422
0.002429
0.002436
0.002443
0.002451
0.002458
0.002465
0.002473
0.002481
0.002488
0.002496
0.002504
0.002512
0.002520
0.002528
0.002537
0.002545
0.002554
0.002562
0.002571
0.002580
0.002589
0.002598
0.002607
0.002616
0.002626
0.002635
0.002645
0.002655
0.002665
0.002675
0.002685
0.002695
0.002706
0.002716
0.002727
0.002738
0.002749
0.002760
0.002771
0.002783
0.002794
0.002806
0.002817
0.002829
0.002841
0.002854
0.002866
0.002878
0.002891
0.002904
0.002917
0.002930
0.002943
0.002956
0.002970
0.002984
0.002997
0.003011
0.003026
0.003040
0.003054
0.003069
0.003084
0.003099
0.003114
0.003129
0.003144
0.003160
0.003176
0.003192
0.003208
0.003224
0.003240
0.003257
0.003274
0.003291
0.003308
0.003325
0.003342
0.003360
0.003378
0.003396
0.003414
0.003432
0.003451
0.003470
0.003488
0.003507
0.003527
0.003546
0.003566
0.003585
0.003605
0.003625
0.003646
0.003666
0.003687
0.003708
0.003729
0.003750
0.003772
0.003793
0.003815
0.003837
0.003859
0.003882
0.003904
0.003927
0.003950
0.003973
0.003997
0.004020
0.004044
0.004068
0.004092
0.004116
0.004141
0.004166
0.004191
0.004216
0.004241
0.004267
0.004292
0.004318
0.004344
0.004371
0.004397
0.004424
0.004451
0.004478
0.004506
0.004533
0.004561
0.004589
0.004617
0.004645
0.004674
0.004703
0.004732
0.004761
0.004790
0.004820
0.004850
0.004880
0.004910
0.004940
0.004971
0.005002
0.005033
0.005064
0.005095
0.005127
0.005159
0.005191
0.005223
0.005256
0.005288
0.005321
0.005354
0.005388
0.005421
0.005455
0.005489
0.005523
0.005557
0.005592
0.005627
0.005662
0.005697
0.005732
0.005768
0.005804
0.005840
0.005876
0.005912
0.005949
0.005986
0.006023
0.006060
0.006097
0.006135
0.006173
0.006211
0.006249
0.006288
0.006326
0.006365
0.006404
0.006443
0.006483
0.006523
0.006562
0.006603
0.006643
0.006683
0.006724
0.006765
0.006806
0.006847
0.006889
0.006930
0.006972
0.007014
0.007057
0.007099
0.007142
0.007185
0.007228
0.007271
0.007314
0.007358
0.007402
0.007446
0.007490
0.007535
0.007579
0.007624
0.007669
0.007714
0.007760
0.007805
0.007851
0.007897
0.007943
0.007989
0.008036
0.008082
0.008129
0.008176
0.008223
0.008271
0.008318
0.008366
0.008414
0.008462
0.008510
0.008559
0.008607
0.008656
0.008705
0.008754
0.008804
0.008853
0.008903
0.008953
0.009003
0.009053
0.009103
0.009154
0.009204
0.009255
0.009306
0.009357
0.009408
0.009460
0.009511
0.009563
0.009615
0.009667
0.009719
0.009772
0.009824
0.009877
0.009930
0.009982
0.010036
0.010089
0.010142
0.010196
0.010249
0.010303
0.010357
0.010411
0.010465
0.010520
0.010574
0.010629
0.010683
0.010738
0.010793
0.010848
0.010903
0.010959
0.011014
0.011070
0.011125
0.011181
0.011237
0.011293
0.011349
0.011405
0.011462
0.011518
0.011575
0.011631
0.011688
0.011745
0.011802
0.011859
0.011916
0.011973
0.012030
0.012088
0.012145
0.012203
0.012260
0.012318
0.012376
0.012434
0.012491
0.012549
0.012608
0.012666
0.012724
0.012782
0.012840
0.012899
0.012957
0.013016
0.013074
0.013133
0.013191
0.013250
0.013309
0.013368
0.013426
0.013485
0.013544
0.013560
0.013623
0.013686
0.013749
0.013811
0.013873
0.013934
0.013996
0.014057
0.014077
0.014142
0.014206
0.014270
0.014333
0.014396
0.014458
0.014482
0.014547
0.014612
0.014677
0.014740
0.014804
0.014829
0.014896
0.014961
0.015026
0.015090
0.015117
0.015184
0.015249
0.015314
0.015379
0.015407
0.015474
0.015540
0.015605
0.015635
0.015702
0.015768
0.015833
0.015864
0.015931
0.015997
0.016063
0.016094
0.016161
0.016227
0.016293
0.016324
0.016391
0.016457
0.016522
0.016554
0.016620
0.016686
0.016718
0.016785
0.016851
0.016916
0.016947
0.017014
0.017079
0.017111
0.017178
0.017243
0.017308
0.017339
0.017405
0.017469
0.017500
0.017566
0.017631
0.017695
0.017725
0.017790
0.017854
0.017884
0.017949
0.018012
0.018042
0.018107
0.018171
0.018233
0.018261
0.018325
0.018388
0.018415
0.018479
0.018541
0.018602
0.018628
0.018691
0.018752
0.018777
0.018839
0.018901
0.018961
0.018983
0.019045
0.019105
0.019127
0.019188
0.019248
0.019306
0.019326
0.019386
0.019444
0.019502
0.019519
0.019578
0.019635
0.019691
0.019706
0.019763
0.019820
0.019874
0.019887
0.019943
0.019998
0.020052
0.020062
0.020117
0.020171
0.020224
0.020275
0.020280
0.020334
0.020385
0.020435
0.020484
0.020486
0.020537
0.020587
0.020635
0.020682
0.020727
0.020722
0.020771
0.020818
0.020863
0.020907
0.020949
0.020990
0.020978
0.021023
0.021066
0.021108
0.021148
0.021187
0.021225
0.021261
0.021297
0.021331
0.021364
0.021396
0.021427
0.021458
0.021487
0.021516
0.021544
0.021571
0.021597
0.021623
0.021647
0.021671
0.021695
0.021717
0.021740
0.021761
0.021782
0.021802
0.021821
0.021840
0.021858
0.021876
0.021893
0.021909
0.021925
0.021940
0.021954
0.021968
0.021981
0.021994
0.022006
0.022017
0.022028
0.022039
0.022048
0.022057
0.022066
0.022074
0.022081
0.022088
0.022094
0.022099
0.022104
0.022108
0.022112
0.022115
0.022117
0.022119
0.022120
0.022121
0.022120
0.022120
0.022118
0.022116
0.022114
0.022111
0.022107
0.022102
0.022097
0.022091
0.022085
0.022078
0.022070
0.022062
0.022053
0.022043
0.022033
0.022022
0.022010
0.021998
0.021985
0.021972
0.021957
0.021943
0.021927
0.021911
0.021894
0.021876
0.021858
0.021839
0.021820
0.021799
0.021778
0.021757
0.021734
0.021711
0.021688
0.021663
0.021638
0.021613
0.021586
0.021559
0.021531
0.021503
0.021474
0.021444
0.021413
0.021382
0.021350
0.021317
0.021284
0.021250
0.021215
0.021179
0.021143
0.021106
0.021069
0.021030
0.020991
0.020952
0.020911
0.020870
0.020828
0.020786
0.020742
0.020698
0.020654
0.020608
0.020562
0.020515
0.020468
0.020419
0.020371
0.020321
0.020270
0.020219
0.020168
0.020115
0.020062
0.020008
0.019953
0.019898
0.019842
0.019785
0.019727
0.019669
0.019610
0.019551
0.019490
0.019429
0.019368
0.019305
0.019242
0.019178
0.019114
0.019048
0.018982
0.018916
0.018849
0.018781
0.018712
0.018642
0.018572
0.018501
0.018430
0.018358
0.018285
0.018211
0.018137
0.018062
0.017987
0.017911
0.017834
0.017756
0.017678
0.017599
0.017519
0.017439
0.017358
0.017277
0.017194
0.017112
0.017028
0.016944
0.016859
0.016774
0.016688
0.016601
0.016513
0.016425
0.016337
0.016248
0.016158
0.016067
0.015976
0.015884
0.015792
0.015699
0.015606
0.015511
0.015417
0.015321
0.015225
0.015129
0.015032
0.014934
0.014836
0.014737
0.014638
0.014538
0.014437
0.014336
0.014234
0.014132
0.014030
0.013926
0.013823
0.013718
0.013613
0.013508
0.013402
0.013296
0.013189
0.013081
0.012973
0.012865
0.012756
0.012647
0.012537
0.012426
0.012315
0.012204
0.012092
0.011980
0.011867
0.011754
0.011641
0.011527
0.011412
0.011297
0.011182
0.011066
0.010950
0.010833
0.010716
0.010599
0.010481
0.010363
0.010244
0.010125
0.010006
0.009886
0.009766
0.009646
0.009525
0.009404
0.009283
0.009161
0.009039
0.008916
0.008793
0.008670
0.008547
0.008423
0.008299
0.008175
0.008050
0.007926
0.007800
0.007675
0.007549
0.007423
0.007297
0.007171
0.007044
0.006917
0.006790
0.006663
0.006535
0.006408
0.006280
0.006151
0.006023
0.005894
0.005766
0.005637
0.005508
0.005378
0.005249
0.005119
0.004990
0.004860
0.004730
0.004600
0.004470
0.004339
0.004209
0.004078
0.003947
0.003817
0.003686
0.003555
0.003424
0.003293
0.003162
0.003030
0.002899
0.002768
0.002636
0.002505
0.002374
0.002242
0.002111
0.001979
0.001848
0.001716
0.001585
0.001454
0.001322
0.001191
0.001059
0.000928
0.000797
0.000665
0.000534
0.000403
0.000272
0.000141
0.000010
-0.000121
-0.000252
-0.000382
-0.000513
-0.000643
-0.000774
-0.000904
-0.001034
-0.001164
-0.001294
-0.001424
-0.001553
-0.001683
-0.001812
-0.001941
-0.002070
-0.002199
-0.002328
-0.002456
-0.002585
-0.002713
-0.002841
-0.002968
-0.003096
-0.003223
-0.003350
-0.003477
-0.003604
-0.003730
-0.003856
-0.003982
-0.004108
-0.004234
-0.004359
-0.004484
-0.004608
-0.004733
-0.004857
-0.004981
-0.005104
-0.005228
-0.005351
-0.005473
-0.005596
-0.005718
-0.005840
-0.005961
-0.006083
-0.006203
-0.006324
-0.006444
-0.006564
-0.006684
-0.006803
-0.006922
-0.007040
-0.007158
-0.007276
-0.007394
-0.007511
-0.007627
-0.007744
-0.007860
-0.007975
-0.008090
-0.008205
-0.008320
-0.008434
-0.008547
-0.008661
-0.008773
-0.008886
-0.008998
-0.009109
-0.009221
-0.009331
-0.009442
-0.009552
-0.009661
-0.009770
-0.009879
-0.009987
-0.010094
-0.010202
-0.010309
-0.010415
-0.010521
-0.010626
-0.010731
-0.010836
-0.010940
-0.011043
-0.011147
-0.011249
-0.011351
-0.011453
-0.011554
-0.011655
-0.011755
-0.011855
-0.011954
-0.012053
-0.012151
-0.012249
-0.012346
-0.012443
-0.012539
-0.012635
-0.012730
-0.012825
-0.012919
-0.013013
-0.013106
-0.013199
-0.013291
-0.013383
-0.013474
-0.013565
-0.013655
-0.013744
-0.013833
-0.013922
-0.014010
-0.014097
-0.014184
-0.014271
-0.014357
-0.014442
-0.014527
-0.014611
-0.014695
-0.014778
-0.014860
-0.014942
-0.015024
-0.015105
-0.015185
-0.015265
-0.015345
-0.015423
-0.015502
-0.015579
-0.015656
-0.015733
-0.015809
-0.015884
-0.015959
-0.016034
-0.016108
-0.016181
-0.016254
-0.016326
-0.016397
-0.016468
-0.016539
-0.016609
-0.016678
-0.016747
-0.016815
-0.016883
-0.016950
-0.017016
-0.017082
-0.017148
-0.017213
-0.017277
-0.017341
-0.017404
-0.017467
-0.017529
-0.017590
-0.017651
-0.017712
-0.017772
-0.017831
-0.017890
-0.017948
-0.018005
-0.018062
-0.018119
-0.018175
-0.018230
-0.018285
-0.018339
-0.018393
-0.018446
-0.018499
-0.018551
-0.018603
-0.018653
-0.018704
-0.018754
-0.018803
-0.018852
-0.018900
-0.018948
-0.018995
-0.019041
-0.019087
-0.019133
-0.019178
-0.019222
-0.019266
-0.019309
-0.019352
-0.019394
-0.019436
-0.019477
-0.019518
-0.019558
-0.019598
-0.019637
-0.019675
-0.019713
-0.019750
-0.019787
-0.019824
-0.019860
-0.019895
-0.019930
-0.019964
-0.019998
-0.020031
-0.020064
-0.020096
-0.020128
-0.020159
-0.020189
-0.020219
-0.020249
-0.020278
-0.020307
-0.020335
-0.020362
-0.020389
-0.020416
-0.020442
-0.020468
-0.020493
-0.020517
-0.020541
-0.020565
-0.020588
-0.020611
-0.020633
-0.020654
-0.020675
-0.020696
-0.020716
-0.020736
-0.020755
-0.020774
-0.020792
-0.020810
-0.020827
-0.020844
-0.020860
-0.020876
-0.020891
-0.020906
-0.020921
-0.020935
-0.020948
-0.020961
-0.020974
-0.020986
-0.020998
-0.021009
-0.021020
-0.021030
-0.021040
-0.021050
-0.021058
-0.021067
-0.021075
-0.021083
-0.021090
-0.021097
-0.021103
-0.021109
-0.021115
-0.021120
-0.021124
-0.021128
-0.021132
-0.021136
-0.021138
-0.021141
-0.021143
-0.021145
-0.021146
-0.021147
-0.021147
-0.021147
-0.021147
-0.021146
-0.021145
-0.021143
-0.021141
-0.021139
-0.021136
-0.021133
-0.021129
-0.021125
-0.021121
-0.021116
-0.021111
-0.021105
-0.021100
-0.021093
-0.021087
-0.021080
-0.021072
-0.021064
-0.021056
-0.021048
-0.021039
-0.021029
-0.021020
-0.021010
-0.020999
-0.020989
-0.020978
-0.020966
-0.020954
-0.020942
-0.020930
-0.020917
-0.020904
-0.020890
-0.020876
-0.020862
-0.020847
-0.020832
-0.020817
-0.020802
-0.020786
-0.020770
-0.020753
-0.020736
-0.020719
-0.020701
-0.020683
-0.020665
-0.020647
-0.020628
-0.020609
-0.020589
-0.020570
-0.020550
-0.020529
-0.020508
-0.020487
-0.020466
-0.020445
-0.020423
-0.020401
-0.020378
-0.020355
-0.020332
-0.020309
-0.020285
-0.020261
-0.020237
-0.020213
-0.020188
-0.020163
-0.020137
-0.020112
-0.020086
-0.020060
-0.020033
-0.020006
-0.019980
-0.019952
-0.019925
-0.019897
-0.019869
-0.019841
-0.019812
-0.019783
-0.019754
-0.019725
-0.019695
-0.019666
-0.019635
-0.019605
-0.019575
-0.019544
-0.019513
-0.019481
-0.019450
-0.019418
-0.019386
-0.019354
-0.019321
-0.019289
-0.019256
-0.019223
-0.019189
-0.019156
-0.019122
-0.019088
-0.019054
-0.019019
-0.018984
-0.018950
-0.018914
-0.018879
-0.018844
-0.018808
-0.018772
-0.018736
-0.018699
-0.018663
-0.018626
-0.018589
-0.018552
-0.018515
-0.018477
-0.018439
-0.018401
-0.018363
-0.018325
-0.018286
-0.018248
-0.018209
-0.018170
-0.018131
-0.018091
-0.018052
-0.018012
-0.017972
-0.017932
-0.017892
-0.017851
-0.017810
-0.017770
-0.017729
-0.017688
-0.017646
-0.017605
-0.017563
-0.017522
-0.017480
-0.017438
-0.017395
-0.017353
-0.017310
-0.017268
-0.017225
-0.017182
-0.017139
-0.017096
-0.017052
-0.017009
-0.016965
-0.016921
-0.016877
-0.016833
-0.016789
-0.016745
-0.016700
-0.016655
-0.016611
-0.016566
-0.016521
-0.016476
-0.016430
-0.016385
-0.016340
-0.016294
-0.016248
-0.016202
-0.016156
-0.016110
-0.016064
-0.016018
-0.015971
-0.015925
-0.015878
-0.015831
-0.015785
-0.015738
-0.015691
-0.015643
-0.015596
-0.015549
-0.015501
-0.015454
-0.015406
-0.015359
-0.015311
-0.015263
-0.015215
-0.015167
-0.015119
-0.015070
-0.015022
-0.014973
-0.014925
-0.014876
-0.014828
-0.014779
-0.014730
-0.014681
-0.014632
-0.014583
-0.014534
-0.014485
-0.014436
-0.014386
-0.014337
-0.014287
-0.014238
-0.014188
-0.014139
-0.014089
-0.014039
-0.013989
-0.013939
-0.013890
-0.013839
-0.013789
-0.013739
-0.013689
-0.013639
-0.013589
-0.013538
-0.013488
-0.013438
-0.013387
-0.013337
-0.013286
-0.013236
-0.013185
-0.013134
-0.013084
-0.013033
-0.012982
-0.012931
-0.012880
-0.012830
-0.012779
-0.012728
-0.012677
-0.012626
-0.012575
-0.012524
-0.012473
-0.012422
-0.012371
-0.012319
-0.012268
-0.012217
-0.012166
-0.012115
-0.012063
-0.012012
-0.011961
-0.011910
-0.011858
-0.011807
-0.011756
-0.011705
-0.011653
-0.011602
-0.011551
-0.011499
-0.011448
-0.011397
-0.011345
-0.011294
-0.011243
-0.011191
-0.011140
-0.011089
-0.011037
-0.010986
-0.010935
-0.010883
-0.010832
-0.010781
-0.010730
-0.010678
-0.010627
-0.010576
-0.010525
-0.010473
-0.010422
-0.010371
-0.010320
-0.010269
-0.010218
-0.010167
-0.010116
-0.010064
-0.010013
-0.009962
-0.009912
-0.009861
-0.009810
-0.009759
-0.009708
-0.009657
-0.009606
-0.009556
-0.009505
-0.009454
-0.009404
-0.009353
-0.009302
-0.009252
-0.009201
-0.009151
-0.009100
-0.009050
-0.009000
-0.008949
-0.008899
-0.008849
-0.008799
-0.008749
-0.008699
-0.008649
-0.008599
-0.008549
-0.008499
-0.008449
-0.008399
-0.008350
-0.008300
-0.008251
-0.008201
-0.008152
-0.008102
-0.008053
-0.008004
-0.007954
-0.007905
-0.007856
-0.007807
-0.007758
-0.007709
-0.007660
-0.007612
-0.007563
-0.007514
-0.007466
-0.007417
-0.007369
-0.007320
-0.007272
-0.007224
-0.007176
-0.007128
-0.007080
-0.007032
-0.006984
-0.006936
-0.006889
-0.006841
-0.006793
-0.006746
-0.006699
-0.006651
-0.006604
-0.006557
-0.006510
-0.006463
-0.006416
-0.006370
-0.006323
-0.006276
-0.006230
-0.006183
-0.006137
-0.006091
-0.006045
-0.005999
-0.005953
-0.005907
-0.005861
-0.005815
-0.005770
-0.005724
-0.005679
-0.005634
-0.005589
-0.005544
-0.005499
-0.005454
-0.005409
-0.005364
-0.005320
-0.005275
-0.005231
-0.005187
-0.005142
-0.005098
-0.005054
-0.005011
-0.004967
-0.004923
-0.004880
-0.004836
-0.004793
-0.004750
-0.004707
-0.004664
-0.004621
-0.004578
-0.004536
-0.004493
-0.004451
-0.004409
-0.004366
-0.004324
-0.004282
-0.004241
-0.004199
-0.004157
-0.004116
-0.004075
-0.004033
-0.003992
-0.003951
-0.003911
-0.003870
-0.003829
-0.003789
-0.003748
-0.003708
-0.003668
-0.003628
-0.003588
-0.003548
-0.003509
-0.003469
-0.003430
-0.003391
-0.003352
-0.003313
-0.003274
-0.003235
-0.003197
-0.003158
-0.003120
-0.003082
-0.003044
-0.003006
-0.002968
-0.002930
-0.002893
-0.002856
-0.002818
-0.002781
-0.002744
-0.002707
-0.002671
-0.002634
-0.002598
-0.002561
-0.002525
-0.002489
-0.002453
-0.002418
-0.002382
-0.002347
-0.002311
-0.002276
-0.002241
-0.002206
-0.002171
-0.002137
-0.002102
-0.002068
-0.002034
-0.002000
-0.001966
-0.001932
-0.001899
-0.001865
-0.001832
-0.001799
-0.001765
-0.001733
-0.001700
-0.001667
-0.001635
-0.001602
-0.001570
-0.001538
-0.001506
-0.001475
-0.001443
-0.001412
-0.001380
-0.001349
-0.001318
-0.001287
-0.001257
-0.001226
-0.001196
-0.001166
-0.001135
-0.001106
-0.001076
-0.001046
-0.001017
-0.000987
-0.000958
-0.000929
-0.000900
-0.000871
-0.000843
-0.000814
-0.000786
-0.000758
-0.000730
-0.000702
-0.000674
-0.000647
-0.000619
-0.000592
-0.000565
-0.000538
-0.000511
-0.000485
-0.000458
-0.000432
-0.000406
-0.000380
-0.000354
-0.000328
-0.000302
-0.000277
-0.000252
-0.000227
-0.000202
-0.000177
-0.000152
-0.000128
-0.000103
-0.000079
-0.000055
-0.000031
-0.000007
0.000016
0.000040
0.000063
0.000086
0.000109
0.000132
0.000155
0.000177
0.000200
0.000222
0.000244
0.000266
0.000288
0.000310
0.000331
0.000352
0.000374
0.000395
0.000416
0.000436
0.000457
0.000477
0.000498
0.000518
0.000538
0.000558
0.000578
0.000597
0.000617
0.000636
0.000655
0.000674
0.000693
0.000711
0.000730
0.000748
0.000767
0.000785
0.000803
0.000820
0.000838
0.000856
0.000873
0.000890
0.000907
0.000924
0.000941
0.000958
0.000974
0.000991
0.001007
0.001023
0.001039
0.001055
0.001070
0.001086
0.001101
0.001116
0.001132
0.001147
0.001161
0.001176
0.001191
0.001205
0.001219
0.001233
0.001247
0.001261
0.001275
0.001289
0.001302
0.001315
0.001329
0.001342
0.001355
0.001367
0.001380
0.001393
0.001405
0.001417
0.001429
0.001441
0.001453
0.001465
0.001477
0.001488
0.001500
0.001511
0.001522
0.001533
0.001544
0.001555
0.001565
0.001576
0.001586
0.001596
0.001606
0.001616
0.001626
0.001636
0.001646
0.001655
0.001665
0.001674
0.001683
0.001692
0.001701
0.001710
0.001718
0.001727
0.001736
0.001744
0.001752
0.001760
0.001768
0.001776
0.001784
0.001792
0.001799
0.001807
0.001814
0.001821
0.001828
0.001836
0.001842
0.001849
0.001856
0.001863
0.001869
0.001876
0.001882
0.001888
0.001894
0.001900
0.001906
0.001912
0.001918
0.001923
0.001929
0.001934
0.001940
0.001945
0.001950
0.001955
0.001960
0.001965
0.001970
0.001975
0.001979
0.001984
0.001988
0.001993
0.001997
0.002001
0.002005
0.002009
0.002013
0.002017
0.002021
0.002025
0.002028
0.002032
0.002035
0.002039
0.002042
0.002045
0.002048
0.002051
0.002054
0.002057
0.002060
0.002063
0.002066
0.002069
0.002071
0.002074
0.002076
0.002079
0.002081
0.002083
0.002086
0.002088
0.002090
0.002092
0.002094
0.002096
0.002098
0.002100
0.002101
0.002103
0.002105
0.002106
0.002108
0.002110
0.002111
0.002112
0.002114
0.002115
0.002116
0.002118
0.002119
0.002120
0.002121
0.002122
0.002123
0.002124
0.002125
0.002126
0.002127
0.002128
0.002129
0.002130
0.002130
0.002131
0.002132
0.002132
0.002133
0.002134
0.002134
0.002135
0.002135
0.002136
0.002136
0.002137
0.002137
0.002138
0.002138
0.002139
0.002139
0.002139
0.002140
0.002140
0.002140
0.002141
0.002141
0.002141
0.002142
0.002142
0.002142
0.002142
0.002143
0.002143
0.002143
0.002144
0.002144
0.002144
0.002144
0.002145
0.002145
0.002145
0.002146
0.002146
0.002146
0.002146
0.002147
0.002147
0.002147
0.002148
0.002148
0.002149
0.002149
0.002149
0.002150
0.002150
0.002151
0.002151
0.002152
0.002153
0.002153
0.002154
0.002154
0.002155
0.002156
0.002156
0.002157
0.002158
0.002159
0.002160
0.002161
0.002162
0.002163
0.002164
0.002165
0.002166
0.002167
0.002168
0.002169
0.002170
0.002172
0.002173
0.002175
0.002176
0.002178
0.002179
0.002181
0.002182
0.002184
0.002186
0.002188
0.002190
0.002192
0.002194
0.002196
0.002198
0.002200
0.002202
0.002205
0.002207
0.002209
0.002212
0.002214
0.002217
0.002220
0.002223
0.002226
0.002229
0.002232
0.002235
0.002238
0.002241
0.002244
0.002248
0.002251
0.002255
0.002259
0.002262
0.002266
0.002270
0.002274
0.002278
0.002282
0.002287
0.002291
0.002296
0.002300
0.002305
0.002310
0.002314
0.002319
0.002324
0.002330
0.002335
0.002340
0.002346
0.002351
0.002357
0.002363
0.002368
0.002374
0.002381
0.002387
0.002393
0.002399
0.002406
0.002413
0.002419
0.002426
0.002433
0.002440
0.002448
0.002455
0.002462
0.002470
0.002478
0.002485
0.002493
0.002501
0.002510
0.002518
0.002526
0.002535
0.002544
0.002553
0.002562
0.002571
0.002580
0.002589
0.002599
0.002608
0.002618
0.002628
0.002638
0.002648
0.002659
0.002669
0.002680
0.002690
0.002701
0.002712
0.002724
0.002735
0.002746
0.002758
0.002770
0.002782
0.002794
0.002806
0.002818
0.002831
0.002844
0.002856
0.002869
0.002882
0.002896
0.002909
0.002923
0.002937
0.002950
0.002965
0.002979
0.002993
0.003008
0.003023
0.003037
0.003052
0.003068
0.003083
0.003099
0.003114
0.003130
0.003146
0.003163
0.003179
0.003196
0.003212
0.003229
0.003246
0.003264
0.003281
0.003299
0.003316
0.003334
0.003352
0.003371
0.003389
0.003408
0.003427
0.003446
0.003465
0.003484
0.003504
0.003524
0.003544
0.003564
0.003584
0.003604
0.003625
0.003646
0.003667
0.003688
0.003710
0.003731
0.003753
0.003775
0.003797
0.003820
0.003842
0.003865
0.003888
0.003911
0.003934
0.003958
0.003981
0.004005
0.004029
0.004054
0.004078
0.004103
0.004127
0.004153
0.004178
0.004203
0.004229
0.004255
0.004281
0.004307
0.004333
0.004360
0.004387
0.004414
0.004441
0.004468
0.004496
0.004524
0.004552
0.004580
0.004608
0.004637
0.004666
0.004695
0.004724
0.004754
0.004783
0.004813
0.004843
0.004873
0.004904
0.004934
0.004965
0.004996
0.005027
0.005059
0.005091
0.005122
0.005154
0.005187
0.005219
0.005252
0.005285
0.005318
0.005351
0.005385
0.005418
0.005452
0.005486
0.005521
0.005555
0.005590
0.005625
0.005660
0.005695
0.005731
0.005766
0.005802
0.005838
0.005875
0.005911
0.005948
0.005985
0.006022
0.006059
0.006097
0.006135
0.006173
0.006211
0.006249
0.006288
0.006327
0.006366
0.006405
0.006444
0.006484
0.006523
0.006563
0.006604
0.006644
0.006684
0.006725
0.006766
0.006807
0.006849
0.006890
0.006932
0.006974
0.007016
0.007058
0.007101
0.007144
0.007187
0.007230
0.007273
0.007317
0.007360
0.007404
0.007448
0.007492
0.007537
0.007582
0.007626
0.007671
0.007717
0.007762
0.007808
0.007853
0.007899
0.007945
0.007992
0.008038
0.008085
0.008132
0.008179
0.008226
0.008273
0.008321
0.008369
0.008417
0.008465
0.008513
0.008562
0.008610
0.008659
0.008708
0.008757
0.008806
0.008856
0.008905
0.008955
0.009005
0.009055
0.009106
0.009156
0.009207
0.009258
0.009309
0.009360
0.009411
0.009462
0.009514
0.009566
0.009618
0.009670
0.009722
0.009774
0.009827
0.009879
0.009932
0.009985
0.010038
0.010091
0.010145
0.010198
0.010252
0.010305
0.010359
0.010413
0.010468
0.010522
0.010576
0.010631
0.010685
0.010740
0.010795
0.010850
0.010905
0.010961
0.011016
0.011072
0.011127
0.011183
0.011239
0.011295
0.011351
0.011407
0.011463
0.011520
0.011576
0.011633
0.011690
0.011747
0.011803
0.011860
0.011917
0.011975
0.012032
0.012089
0.012147
0.012204
0.012262
0.012319
0.012377
0.012435
0.012493
0.012551
0.012609
0.012667
0.012725
0.012783
0.012842
0.012900
0.012958
0.013017
0.013075
0.013134
0.013192
0.013251
0.013310
0.013369
0.013427
0.013486
0.013545
0.013560
0.013624
0.013687
0.013749
0.013812
0.013873
0.013935
0.013996
0.014057
0.014078
0.014143
0.014207
0.014271
0.014334
0.014397
0.014459
0.014482
0.014548
0.014613
0.014677
0.014741
0.014804
0.014830
0.014896
0.014961
0.015026
0.015090
0.015117
0.015184
0.015250
0.015315
0.015379
0.015408
0.015474
0.015540
0.015605
0.015635
0.015702
0.015768
0.015834
0.015864
0.015931
0.015998
0.016063
0.016094
0.016161
0.016227
0.016293
0.016324
0.016391
0.016457
0.016522
0.016554
0.016620
0.016686
0.016718
0.016785
0.016851
0.016916
0.016947
0.017014
0.017079
0.017111
0.017178
0.017243
0.017308
0.017339
0.017405
0.017469
0.017500
0.017566
0.017631
0.017695
0.017725
0.017790
0.017854
0.017883
0.017948
0.018012
0.018042
0.018107
0.018170
0.018233
0.018261
0.018325
0.018387
0.018415
0.018478
0.018541
0.018602
0.018628
0.018690
0.018752
0.018777
0.018839
0.018900
0.018960
0.018983
0.019044
0.019104
0.019126
0.019188
0.019247
0.019306
0.019326
0.019386
0.019444
0.019501
0.019519
0.019577
0.019635
0.019691
0.019705
0.019763
0.019819
0.019874
0.019886
0.019943
0.019998
0.020052
0.020062
0.020117
0.020171
0.020223
0.020274
0.020280
0.020333
0.020385
0.020435
0.020484
0.020485
0.020537
0.020586
0.020635
0.020681
0.020727
0.020722
0.020770
0.020817
0.020863
0.020906
0.020949
0.020990
0.020978
0.021023
0.021066
0.021108
0.021148
0.021187
0.021225
0.021261
0.021296
0.021330
0.021364
0.021396
0.021427
0.021458
0.021487
0.021516
0.021543
0.021570
0.021597
0.021622
0.021647
0.021671
0.021695
0.021717
0.021739
0.021761
0.021781
0.021801
0.021821
0.021840
0.021858
0.021875
0.021892
0.021909
0.021924
0.021939
0.021954
0.021968
0.021981
0.021994
0.022006
0.022017
0.022028
0.022038
0.022048
0.022057
0.022066
0.022074
0.022081
0.022087
0.022094
0.022099
0.022104
0.022108
0.022112
0.022115
0.022117
0.022119
0.022120
0.022120
0.022120
0.022120
0.022118
0.022116
0.022114
0.022110
0.022107
0.022102
0.022097
0.022091
0.022085
0.022078
0.022070
0.022062
0.022053
0.022043
0.022033
0.022022
0.022010
0.021998
0.021985
0.021972
0.021957
0.021942
0.021927
0.021911
0.021894
0.021876
0.021858
0.021839
0.021819
0.021799
0.021778
0.021757
0.021734
0.021711
0.021688
0.021663
0.021638
0.021613
0.021586
0.021559
0.021531
0.021503
0.021474
0.021444
0.021413
0.021382
0.021350
0.021317
0.021284
0.021250
0.021215
0.021179
0.021143
0.021106
0.021069
0.021030
0.020991
0.020952
0.020911
0.020870
0.020828
0.020786
0.020742
0.020698
0.020654
0.020608
0.020562
0.020515
0.020468
0.020420
0.020371
0.020321
0.020271
0.020219
0.020168
0.020115
0.020062
0.020008
0.019953
0.019898
0.019842
0.019785
0.019728
0.019669
0.019610
0.019551
0.019490
0.019429
0.019368
0.019305
0.019242
0.019178
0.019114
0.019049
0.018983
0.018916
0.018849
0.018781
0.018712
0.018643
0.018572
0.018502
0.018430
0.018358
0.018285
0.018212
0.018137
0.018063
0.017987
0.017911
0.017834
0.017756
0.017678
0.017599
0.017520
0.017439
0.017358
0.017277
0.017195
0.017112
0.017028
0.016944
0.016859
0.016774
0.016688
0.016601
0.016514
0.016426
0.016337
0.016248
0.016158
0.016067
0.015976
0.015885
0.015792
0.015699
0.015606
0.015512
0.015417
0.015321
0.015226
0.015129
0.015032
0.014934
0.014836
0.014737
0.014638
0.014538
0.014437
0.014336
0.014235
0.014132
0.014030
0.013926
0.013823
0.013718
0.013614
0.013508
0.013402
0.013296
0.013189
0.013081
0.012974
0.012865
0.012756
0.012647
0.012537
0.012426
0.012316
0.012204
0.012093
0.011980
0.011868
0.011754
0.011641
0.011527
0.011412
0.011297
0.011182
0.011066
0.010950
0.010833
0.010716
0.010599
0.010481
0.010363
0.010245
0.010126
0.010006
0.009887
0.009767
0.009646
0.009525
0.009404
0.009283
0.009161
0.009039
0.008916
0.008794
0.008671
0.008547
0.008424
0.008300
0.008175
0.008051
0.007926
0.007801
0.007675
0.007550
0.007424
0.007298
0.007171
0.007044
0.006918
0.006790
0.006663
0.006536
0.006408
0.006280
0.006152
0.006023
0.005895
0.005766
0.005637
0.005508
0.005379
0.005249
0.005120
0.004990
0.004860
0.004730
0.004600
0.004470
0.004339
0.004209
0.004078
0.003948
0.003817
0.003686
0.003555
0.003424
0.003293
0.003162
0.003031
0.002899
0.002768
0.002637
0.002505
0.002374
0.002242
0.002111
0.001980
0.001848
0.001717
0.001585
0.001454
0.001322
0.001191
0.001060
0.000928
0.000797
0.000666
0.000534
0.000403
0.000272
0.000141
0.000010
-0.000121
-0.000251
-0.000382
-0.000513
-0.000643
-0.000774
-0.000904
-0.001034
-0.001164
-0.001294
-0.001424
-0.001553
-0.001683
-0.001812
-0.001941
-0.002070
-0.002199
-0.002328
-0.002456
-0.002584
-0.002713
-0.002840
-0.002968
-0.003096
-0.003223
-0.003350
-0.003477
-0.003604
-0.003730
-0.003856
-0.003982
-0.004108
-0.004233
-0.004359
-0.004483
-0.004608
-0.004733
-0.004857
-0.004981
-0.005104
-0.005228
-0.005351
-0.005473
-0.005596
-0.005718
-0.005840
-0.005961
-0.006082
-0.006203
-0.006324
-0.006444
-0.006564
-0.006683
-0.006803
-0.006922
-0.007040
-0.007158
-0.007276
-0.007393
-0.007511
-0.007627
-0.007744
-0.007860
-0.007975
-0.008090
-0.008205
-0.008320
-0.008434
-0.008547
-0.008660
-0.008773
-0.008886
-0.008998
-0.009109
-0.009220
-0.009331
-0.009441
-0.009551
-0.009661
-0.009770
-0.009878
-0.009987
-0.010094
-0.010202
-0.010308
-0.010415
-0.010521
-0.010626
-0.010731
-0.010836
-0.010940
-0.011043
-0.011146
-0.011249
-0.011351
-0.011453
-0.011554
-0.011655
-0.011755
-0.011855
-0.011954
-0.012053
-0.012151
-0.012249
-0.012346
-0.012443
-0.012539
-0.012635
-0.012730
-0.012825
-0.012919
-0.013013
-0.013106
-0.013199
-0.013291
-0.013383
-0.013474
-0.013565
-0.013655
-0.013744
-0.013833
-0.013922
-0.014010
-0.014097
-0.014184
-0.014271
-0.014356
-0.014442
-0.014527
-0.014611
-0.014694
-0.014778
-0.014860
-0.014942
-0.015024
-0.015105
-0.015185
-0.015265
-0.015344
-0.015423
-0.015501
-0.015579
-0.015656
-0.015733
-0.015809
-0.015884
-0.015959
-0.016034
-0.016107
-0.016181
-0.016253
-0.016326
-0.016397
-0.016468
-0.016539
-0.016609
-0.016678
-0.016747
-0.016815
-0.016883
-0.016950
-0.017016
-0.017082
-0.017148
-0.017213
-0.017277
-0.017341
-0.017404
-0.017467
-0.017529
-0.017590
-0.017651
-0.017712
-0.017771
-0.017831
-0.017889
-0.017948
-0.018005
-0.018062
-0.018119
-0.018175
-0.018230
-0.018285
-0.018339
-0.018393
-0.018446
-0.018499
-0.018551
-0.018602
-0.018653
-0.018704
-0.018754
-0.018803
-0.018852
-0.018900
-0.018948
-0.018995
-0.019041
-0.019087
-0.019133
-0.019178
-0.019222
-0.019266
-0.019309
-0.019352
-0.019394
-0.019436
-0.019477
-0.019518
-0.019558
-0.019598
-0.019637
-0.019675
-0.019713
-0.019750
-0.019787
-0.019824
-0.019860
-0.019895
-0.019930
-0.019964
-0.019998
-0.020031
-0.020064
-0.020096
-0.020127
-0.020159
-0.020189
-0.020219
-0.020249
-0.020278
-0.020307
-0.020335
-0.020362
-0.020389
-0.020416
-0.020442
-0.020468
-0.020493
-0.020517
-0.020541
-0.020565
-0.020588
-0.020611
-0.020633
-0.020654
-0.020675
-0.020696
-0.020716
-0.020736
-0.020755
-0.020774
-0.020792
-0.020810
-0.020827
-0.020844
-0.020860
-0.020876
-0.020891
-0.020906
-0.020921
-0.020935
-0.020948
-0.020961
-0.020974
-0.020986
-0.020998
-0.021009
-0.021020
-0.021030
-0.021040
-0.021049
-0.021058
-0.021067
-0.021075
-0.021083
-0.021090
-0.021097
-0.021103
-0.021109
-0.021115
-0.021120
-0.021124
-0.021128
-0.021132
-0.021136
-0.021138
-0.021141
-0.021143
-0.021145
-0.021146
-0.021147
-0.021147
-0.021147
-0.021147
-0.021146
-0.021145
-0.021143
-0.021141
-0.021139
-0.021136
-0.021133
-0.021129
-0.021125
-0.021121
-0.021116
-0.021111
-0.021105
-0.021100
-0.021093
-0.021087
-0.021080
-0.021072
-0.021064
-0.021056
-0.021048
-0.021039
-0.021029
-0.021020
-0.021010
-0.020999
-0.020989
-0.020978
-0.020966
-0.020954
-0.020942
-0.020930
-0.020917
-0.020904
-0.020890
-0.020876
-0.020862
-0.020847
-0.020833
-0.020817
-0.020802
-0.020786
-0.020770
-0.020753
-0.020736
-0.020719
-0.020701
-0.020683
-0.020665
-0.020647
-0.020628
-0.020609
-0.020589
-0.020570
-0.020550
-0.020529
-0.020509
-0.020488
-0.020466
-0.020445
-0.020423
-0.020401
-0.020378
-0.020355
-0.020332
-0.020309
-0.020285
-0.020261
-0.020237
-0.020213
-0.020188
-0.020163
-0.020137
-0.020112
-0.020086
-0.020060
-0.020033
-0.020007
-0.019980
-0.019952
-0.019925
-0.019897
-0.019869
-0.019841
-0.019812
-0.019783
-0.019754
-0.019725
-0.019695
-0.019666
-0.019635
-0.019605
-0.019575
-0.019544
-0.019513
-0.019481
-0.019450
-0.019418
-0.019386
-0.019354
-0.019322
-0.019289
-0.019256
-0.019223
-0.019189
-0.019156
-0.019122
-0.019088
-0.019054
-0.019019
-0.018985
-0.018950
-0.018915
-0.018879
-0.018844
-0.018808
-0.018772
-0.018736
-0.018699
-0.018663
-0.018626
-0.018589
-0.018552
-0.018515
-0.018477
-0.018439
-0.018401
-0.018363
-0.018325
-0.018286
-0.018248
-0.018209
-0.018170
-0.018131
-0.018091
-0.018052
-0.018012
-0.017972
-0.017932
-0.017892
-0.017851
-0.017811
-0.017770
-0.017729
-0.017688
-0.017646
-0.017605
-0.017563
-0.017522
-0.017480
-0.017438
-0.017395
-0.017353
-0.017311
-0.017268
-0.017225
-0.017182
-0.017139
-0.017096
-0.017052
-0.017009
-0.016965
-0.016921
-0.016877
-0.016833
-0.016789
-0.016745
-0.016700
-0.016655
-0.016611
-0.016566
-0.016521
-0.016476
-0.016430
-0.016385
-0.016340
-0.016294
-0.016248
-0.016202
-0.016156
-0.016110
-0.016064
-0.016018
-0.015971
-0.015925
-0.015878
-0.015832
-0.015785
-0.015738
-0.015691
-0.015644
-0.015596
-0.015549
-0.015501
-0.015454
-0.015406
-0.015359
-0.015311
-0.015263
-0.015215
-0.015167
-0.015119
-0.015070
-0.015022
-0.014974
-0.014925
-0.014876
-0.014828
-0.014779
-0.014730
-0.014681
-0.014632
-0.014583
-0.014534
-0.014485
-0.014436
-0.014386
-0.014337
-0.014288
-0.014238
-0.014188
-0.014139
-0.014089
-0.014039
-0.013989
-0.013940
-0.013890
-0.013840
-0.013790
-0.013739
-0.013689
-0.013639
-0.013589
-0.013538
-0.013488
-0.013438
-0.013387
-0.013337
-0.013286
-0.013236
-0.013185
-0.013134
-0.013084
-0.013033
-0.012982
-0.012931
-0.012881
-0.012830
-0.012779
-0.012728
-0.012677
-0.012626
-0.012575
-0.012524
-0.012473
-0.012422
-0.012371
-0.012319
-0.012268
-0.012217
-0.012166
-0.012115
-0.012064
-0.012012
-0.011961
-0.011910
-0.011859
-0.011807
-0.011756
-0.011705
-0.011653
-0.011602
-0.011551
-0.011499
-0.011448
-0.011397
-0.011345
-0.011294
-0.011243
-0.011191
-0.011140
-0.011089
-0.011037
-0.010986
-0.010935
-0.010883
-0.010832
-0.010781
-0.010730
-0.010678
-0.010627
-0.010576
-0.010525
-0.010473
-0.010422
-0.010371
-0.010320
-0.010269
-0.010218
-0.010167
-0.010116
-0.010065
-0.010014
-0.009963
-0.009912
-0.009861
-0.009810
-0.009759
-0.009708
-0.009657
-0.009606
-0.009556
-0.009505
-0.009454
-0.009404
-0.009353
-0.009302
-0.009252
-0.009201
-0.009151
-0.009101
-0.009050
-0.009000
-0.008950
-0.008899
-0.008849
-0.008799
-0.008749
-0.008699
-0.008649
-0.008599
-0.008549
-0.008499
-0.008449
-0.008400
-0.008350
-0.008300
-0.008251
-0.008201
-0.008152
-0.008102
-0.008053
-0.008004
-0.007954
-0.007905
-0.007856
-0.007807
-0.007758
-0.007709
-0.007660
-0.007612
-0.007563
-0.007514
-0.007466
-0.007417
-0.007369
-0.007320
-0.007272
-0.007224
-0.007176
-0.007128
-0.007080
-0.007032
-0.006984
-0.006936
-0.006889
-0.006841
-0.006794
-0.006746
-0.006699
-0.006651
-0.006604
-0.006557
-0.006510
-0.006463
-0.006416
-0.006370
-0.006323
-0.006276
-0.006230
-0.006183
-0.006137
-0.006091
-0.006045
-0.005999
-0.005953
-0.005907
-0.005861
-0.005816
-0.005770
-0.005725
-0.005679
-0.005634
-0.005589
-0.005544
-0.005499
-0.005454
-0.005409
-0.005364
-0.005320
-0.005275
-0.005231
-0.005187
-0.005143
-0.005098
-0.005055
-0.005011
-0.004967
-0.004923
-0.004880
-0.004836
-0.004793
-0.004750
-0.004707
-0.004664
-0.004621
-0.004578
-0.004536
-0.004493
-0.004451
-0.004409
-0.004366
-0.004324
-0.004283
-0.004241
-0.004199
-0.004157
-0.004116
-0.004075
-0.004033
-0.003992
-0.003951
-0.003911
-0.003870
-0.003829
-0.003789
-0.003748
-0.003708
-0.003668
-0.003628
-0.003588
-0.003549
-0.003509
-0.003469
-0.003430
-0.003391
-0.003352
-0.003313
-0.003274
-0.003235
-0.003197
-0.003158
-0.003120
-0.003082
-0.003044
-0.003006
-0.002968
-0.002930
-0.002893
-0.002856
-0.002818
-0.002781
-0.002744
-0.002707
-0.002671
-0.002634
-0.002598
-0.002561
-0.002525
-0.002489
-0.002453
-0.002418
-0.002382
-0.002347
-0.002311
-0.002276
-0.002241
-0.002206
-0.002171
-0.002137
-0.002102
-0.002068
-0.002034
-0.002000
-0.001966
-0.001932
-0.001899
-0.001865
-0.001832
-0.001799
-0.001766
-0.001733
-0.001700
-0.001667
-0.001635
-0.001603
-0.001570
-0.001538
-0.001506
-0.001475
-0.001443
-0.001412
-0.001380
-0.001349
-0.001318
-0.001288
-0.001257
-0.001226
-0.001196
-0.001166
-0.001136
-0.001106
-0.001076
-0.001046
-0.001017
-0.000987
-0.000958
-0.000929
-0.000900
-0.000871
-0.000843
-0.000814
-0.000786
-0.000758
-0.000730
-0.000702
-0.000674
-0.000647
-0.000619
-0.000592
-0.000565
-0.000538
-0.000511
-0.000485
-0.000458
-0.000432
-0.000406
-0.000380
-0.000354
-0.000328
-0.000302
-0.000277
-0.000252
-0.000227
-0.000202
-0.000177
-0.000152
-0.000128
-0.000103
-0.000079
-0.000055
-0.000031
-0.000007
0.000016
0.000040
0.000063
0.000086
0.000109
0.000132
0.000155
0.000177
0.000200
0.000222
0.000244
0.000266
0.000288
0.000310
0.000331
0.000352
0.000374
0.000395
0.000416
0.000436
0.000457
0.000477
0.000498
0.000518
0.000538
0.000558
0.000577
0.000597
0.000616
0.000636
0.000655
0.000674
0.000693
0.000711
0.000730
0.000748
0.000767
0.000785
0.000803
0.000820
0.000838
0.000856
0.000873
0.000890
0.000907
0.000924
0.000941
0.000958
0.000974
0.000991
0.001007
0.001023
0.001039
0.001055
0.001070
0.001086
0.001101
0.001116
0.001132
0.001147
0.001161
0.001176
0.001191
0.001205
0.001219
0.001233
0.001247
0.001261
0.001275
0.001289
0.001302
0.001315
0.001329
0.001342
0.001355
0.001367
0.001380
0.001393
0.001405
0.001417
0.001429
0.001441
0.001453
0.001465
0.001477
0.001488
0.001500
0.001511
0.001522
0.001533
0.001544
0.001554
0.001565
0.001576
0.001586
0.001596
0.001606
0.001616
0.001626
0.001636
0.001646
0.001655
0.001665
0.001674
0.001683
0.001692
0.001701
0.001710
0.001718
0.001727
0.001736
0.001744
0.001752
0.001760
0.001768
0.001776
0.001784
0.001792
0.001799
0.001807
0.001814
0.001821
0.001828
0.001836
0.001842
0.001849
0.001856
0.001863
0.001869
0.001876
0.001882
0.001888
0.001894
0.001900
0.001906
0.001912
0.001918
0.001923
0.001929
0.001934
0.001940
0.001945
0.001950
0.001955
0.001960
0.001965
0.001970
0.001975
0.001979
0.001984
0.001988
0.001993
0.001997
0.002001
0.002005
0.002009
0.002013
0.002017
0.002021
0.002025
0.002028
0.002032
0.002035
0.002039
0.002042
0.002045
0.002048
0.002051
0.002054
0.002057
0.002060
0.002063
0.002066
0.002069
0.002071
0.002074
0.002076
0.002079
0.002081
0.002083
0.002086
0.002088
0.002090
0.002092
0.002094
0.002096
0.002098
0.002100
0.002101
0.002103
0.002105
0.002106
0.002108
0.002110
0.002111
0.002112
0.002114
0.002115
0.002116
0.002118
0.002119
0.002120
0.002121
0.002122
0.002123
0.002124
0.002125
0.002126
0.002127
0.002128
0.002129
0.002130
0.002130
0.002131
0.002132
0.002132
0.002133
0.002134
0.002134
0.002135
0.002135
0.002136
0.002136
0.002137
0.002137
0.002138
0.002138
0.002139
0.002139
0.002139
0.002140
0.002140
0.002140
0.002141
0.002141
0.002141
0.002142
0.002142
0.002142
0.002142
0.002143
0.002143
0.002143
0.002144
0.002144
0.002144
0.002144
0.002145
0.002145
0.002145
0.002146
0.002146
0.002146
0.002146
0.002147
0.002147
0.002147
0.002148
0.002148
0.002149
0.002149
0.002149
0.002150
0.002150
0.002151
0.002151
0.002152
0.002153
0.002153
0.002154
0.002154
0.002155
0.002156
0.002156
0.002157
0.002158
0.002159
0.002160
0.002161
0.002162
0.002163
0.002164
0.002165
0.002166
0.002167
0.002168
0.002169
0.002170
0.002172
0.002173
0.002175
0.002176
0.002178
0.002179
0.002181
0.002182
0.002184
0.002186
0.002188
0.002190
0.002192
0.002194
0.002196
0.002198
0.002200
0.002202
0.002205
0.002207
0.002209
0.002212
0.002214
0.002217
0.002220
0.002223
0.002226
0.002229
0.002232
0.002235
0.002238
0.002241
0.002244
0.002248
0.002251
0.002255
0.002259
0.002262
0.002266
0.002270
0.002274
0.002278
0.002282
0.002287
0.002291
0.002296
0.002300
0.002305
0.002310
0.002314
0.002319
0.002324
0.002330
0.002335
0.002340
0.002346
0.002351
0.002357
0.002363
0.002368
0.002374
0.002381
0.002387
0.002393
0.002399
0.002406
0.002413
0.002419
0.002426
0.002433
0.002440
0.002448
0.002455
0.002462
0.002470
0.002478
0.002485
0.002493
0.002501
0.002510
0.002518
0.002526
0.002535
0.002544
0.002553
0.002562
0.002571
0.002580
0.002589
0.002599
0.002608
0.002618
0.002628
0.002638
0.002648
0.002659
0.002669
0.002680
0.002690
0.002701
0.002712
0.002724
0.002735
0.002746
0.002758
0.002770
0.002782
0.002794
0.002806
0.002818
0.002831
0.002843
0.002856
0.002869
0.002882
0.002896
0.002909
0.002923
0.002937
0.002950
0.002965
0.002979
0.002993
0.003008
0.003023
0.003037
0.003052
0.003068
0.003083
0.003099
0.003114
0.003130
0.003146
0.003163
0.003179
0.003195
0.003212
0.003229
0.003246
0.003263
0.003281
0.003299
0.003316
0.003334
0.003352
0.003371
0.003389
0.003408
0.003427
0.003446
0.003465
0.003484
0.003504
0.003524
0.003544
0.003564
0.003584
0.003604
0.003625
0.003646
0.003667
0.003688
0.003710
0.003731
0.003753
0.003775
0.003797
0.003819
0.003842
0.003865
0.003888
0.003911
0.003934
0.003958
0.003981
0.004005
0.004029
0.004053
0.004078
0.004103
0.004127
0.004152
0.004178
0.004203
0.004229
0.004255
0.004281
0.004307
0.004333
0.004360
0.004387
0.004414
0.004441
0.004468
0.004496
0.004524
0.004552
0.004580
0.004608
0.004637
0.004666
0.004695
0.004724
0.004754
0.004783
0.004813
0.004843
0.004873
0.004904
0.004934
0.004965
0.004996
0.005027
0.005059
0.005090
0.005122
0.005154
0.005187
0.005219
0.005252
0.005285
0.005318
0.005351
0.005384
0.005418
0.005452
0.005486
0.005520
0.005555
0.005590
0.005625
0.005660
0.005695
0.005731
0.005766
0.005802
0.005838
0.005875
0.005911
0.005948
0.005985
0.006022
0.006059
0.006097
0.006135
0.006173
0.006211
0.006249
0.006288
0.006327
0.006365
0.006405
0.006444
0.006484
0.006523
0.006563
0.006603
0.006644
0.006684
0.006725
0.006766
0.006807
0.006849
0.006890
0.006932
0.006974
0.007016
0.007058
0.007101
0.007144
0.007187
0.007230
0.007273
0.007316
0.007360
0.007404
0.007448
0.007492
0.007537
0.007581
0.007626
0.007671
0.007717
0.007762
0.007807
0.007853
0.007899
0.007945
0.007992
0.008038
0.008085
0.008132
0.008179
0.008226
0.008273
0.008321
0.008369
0.008417
0.008465
0.008513
0.008561
0.008610
0.008659
0.008708
0.008757
0.008806
0.008856
0.008905
0.008955
0.009005
0.009055
0.009106
0.009156
0.009207
0.009258
0.009308
0.009360
0.009411
0.009462
0.009514
0.009566
0.009617
0.009670
0.009722
0.009774
0.009827
0.009879
0.009932
0.009985
0.010038
0.010091
0.010144
0.010198
0.010252
0.010305
0.010359
0.010413
0.010467
0.010522
0.010576
0.010631
0.010685
0.010740
0.010795
0.010850
0.010905
0.010961
0.011016
0.011072
0.011127
0.011183
0.011239
0.011295
0.011351
0.011407
0.011463
0.011520
0.011576
0.011633
0.011690
0.011746
0.011803
0.011860
0.011917
0.011975
0.012032
0.012089
0.012147
0.012204
0.012262
0.012319
0.012377
0.012435
0.012493
0.012551
0.012609
0.012667
0.012725
0.012783
0.012842
0.012900
0.012958
0.013017
0.013075
0.013134
0.013192
0.013251
0.013310
0.013368
0.013427
0.013486
0.013545
0.013560
0.013624
0.013687
0.013749
0.013811
0.013873
0.013935
0.013996
0.014057
0.014078
0.014143
0.014207
0.014270
0.014334
0.014396
0.014459
0.014482
0.014548
0.014613
0.014677
0.014741
0.014804
0.014830
0.014896
0.014961
0.015026
0.015090
0.015117
0.015184
0.015250
0.015315
0.015379
0.015408
0.015474
0.015540
0.015605
0.015635
0.015702
0.015768
0.015834
0.015864
0.015931
0.015998
0.016063
0.016094
0.016161
0.016227
0.016293
0.016324
0.016391
0.016457
0.016522
0.016553
0.016620
0.016686
0.016718
0.016785
0.016851
0.016916
0.016947
0.017014
0.017079
0.017111
0.017178
0.017243
0.017308
0.017339
0.017404
0.017469
0.017500
0.017566
0.017631
0.017695
0.017725
0.017790
0.017854
0.017883
0.017948
0.018012
0.018042
0.018107
0.018170
0.018233
0.018261
0.018325
0.018387
0.018415
0.018478
0.018541
0.018602
0.018628
0.018690
0.018752
0.018777
0.018839
0.018900
0.018960
0.018983
0.019044
0.019104
0.019126
0.019187
0.019247
0.019306
0.019326
0.019385
0.019444
0.019501
0.019518
0.019577
0.019635
0.019690
0.019705
0.019763
0.019819
0.019874
0.019886
0.019943
0.019998
0.020052
0.020061
0.020117
0.020171
0.020223
0.020274
0.020280
0.020333
0.020385
0.020435
0.020484
0.020485
0.020537
0.020586
0.020634
0.020681
0.020727
0.020722
0.020770
0.020817
0.020862
0.020906
0.020949
0.020990
0.020978
0.021023
0.021066
0.021108
0.021148
0.021187
0.021224
0.021261
0.021296
0.021330
0.021364
0.021396
0.021427
0.021457
0.021487
0.021516
0.021543
0.021570
0.021597
0.021622
0.021647
0.021671
0.021695
0.021717
0.021739
0.021761
0.021781
0.021801
0.021821
0.021840
0.021858
0.021875
0.021892
0.021909
0.021924
0.021939
0.021954
0.021968
0.021981
0.021994
0.022006
0.022017
0.022028
0.022038
0.022048
0.022057
0.022066
0.022074
0.022081
0.022087
0.022094
0.022099
0.022104
0.022108
0.022112
0.022115
0.022117
0.022119
0.022120
0.022120
0.022120
0.022120
0.022118
0.022116
0.022114
0.022111
0.022107
0.022102
0.022097
0.022091
0.022085
0.022078
0.022070
0.022062
0.022053
0.022043
0.022033
0.022022
0.022010
0.021998
0.021985
0.021972
0.021957
0.021942
0.021927
0.021911
0.021894
0.021876
0.021858
0.021839
0.021820
0.021799
0.021778
0.021757
0.021734
0.021711
0.021688
0.021663
0.021638
0.021613
0.021586
0.021559
0.021531
0.021503
0.021474
0.021444
0.021413
0.021382
0.021350
0.021317
0.021284
0.021250
0.021215
0.021179
0.021143
0.021106
0.021069
0.021030
0.020991
0.020952
0.020911
0.020870
0.020828
0.020786
0.020742
0.020698
0.020654
0.020608
0.020562
0.020515
0.020468
0.020420
0.020371
0.020321
0.020271
0.020220
0.020168
0.020115
0.020062
0.020008
0.019953
0.019898
0.019842
0.019785
0.019728
0.019669
0.019611
0.019551
0.019491
0.019430
0.019368
0.019305
0.019242
0.019178
0.019114
0.019049
0.018983
0.018916
0.018849
0.018781
0.018712
0.018643
0.018573
0.018502
0.018430
0.018358
0.018285
0.018212
0.018138
0.018063
0.017987
0.017911
0.017834
0.017756
0.017678
0.017599
0.017520
0.017439
0.017359
0.017277
0.017195
0.017112
0.017028
0.016944
0.016859
0.016774
0.016688
0.016601
0.016514
0.016426
0.016337
0.016248
0.016158
0.016068
0.015976
0.015885
0.015792
0.015699
0.015606
0.015512
0.015417
0.015322
0.015226
0.015129
0.015032
0.014934
0.014836
0.014737
0.014638
0.014538
0.014438
0.014336
0.014235
0.014133
0.014030
0.013927
0.013823
0.013719
0.013614
0.013508
0.013402
0.013296
0.013189
0.013082
0.012974
0.012865
0.012756
0.012647
0.012537
0.012427
0.012316
0.012204
0.012093
0.011980
0.011868
0.011755
0.011641
0.011527
0.011412
0.011298
0.011182
0.011066
0.010950
0.010834
0.010717
0.010599
0.010482
0.010363
0.010245
0.010126
0.010006
0.009887
0.009767
0.009646
0.009526
0.009404
0.009283
0.009161
0.009039
0.008917
0.008794
0.008671
0.008547
0.008424
0.008300
0.008175
0.008051
0.007926
0.007801
0.007676
0.007550
0.007424
0.007298
0.007171
0.007045
0.006918
0.006791
0.006663
0.006536
0.006408
0.006280
0.006152
0.006023
0.005895
0.005766
0.005637
0.005508
0.005379
0.005249
0.005120
0.004990
0.004860
0.004730
0.004600
0.004470
0.004340
0.004209
0.004079
0.003948
0.003817
0.003686
0.003555
0.003424
0.003293
0.003162
0.003031
0.002900
0.002768
0.002637
0.002506
0.002374
0.002243
0.002111
0.001980
0.001848
0.001717
0.001585
0.001454
0.001323
0.001191
0.001060
0.000928
0.000797
0.000666
0.000535
0.000403
0.000272
0.000141
0.000010
-0.000120
-0.000251
-0.000382
-0.000512
-0.000643
-0.000773
-0.000904
-0.001034
-0.001164
-0.001294
-0.001423
-0.001553
-0.001682
-0.001812
-0.001941
-0.002070
-0.002199
-0.002327
-0.002456
-0.002584
-0.002712
-0.002840
-0.002968
-0.003095
-0.003223
-0.003350
-0.003477
-0.003603
-0.003730
-0.003856
-0.003982
-0.004108
-0.004233
-0.004358
-0.004483
-0.004608
-0.004732
-0.004857
-0.004980
-0.005104
-0.005227
-0.005350
-0.005473
-0.005596
-0.005718
-0.005839
-0.005961
-0.006082
-0.006203
-0.006324
-0.006444
-0.006564
-0.006683
-0.006802
-0.006921
-0.007040
-0.007158
-0.007276
-0.007393
-0.007510
-0.007627
-0.007743
-0.007859
-0.007975
-0.008090
-0.008205
-0.008319
-0.008433
-0.008547
-0.008660
-0.008773
-0.008885
-0.008997
-0.009109
-0.009220
-0.009331
-0.009441
-0.009551
-0.009661
-0.009770
-0.009878
-0.009986
-0.010094
-0.010201
-0.010308
-0.010415
-0.010520
-0.010626
-0.010731
-0.010835
-0.010939
-0.011043
-0.011146
-0.011249
-0.011351
-0.011453
-0.011554
-0.011655
-0.011755
-0.011855
-0.011954
-0.012053
-0.012151
-0.012249
-0.012346
-0.012443
-0.012539
-0.012635
-0.012730
-0.012825
-0.012919
-0.013013
-0.013106
-0.013199
-0.013291
-0.013383
-0.013474
-0.013564
-0.013655
-0.013744
-0.013833
-0.013922
-0.014010
-0.014097
-0.014184
-0.014270
-0.014356
-0.014442
-0.014526
-0.014611
-0.014694
-0.014777
-0.014860
-0.014942
-0.015024
-0.015105
-0.015185
-0.015265
-0.015344
-0.015423
-0.015501
-0.015579
-0.015656
-0.015733
-0.015809
-0.015884
-0.015959
-0.016034
-0.016107
-0.016181
-0.016253
-0.016325
-0.016397
-0.016468
-0.016539
-0.016608
-0.016678
-0.016747
-0.016815
-0.016883
-0.016950
-0.017016
-0.017082
-0.017148
-0.017213
-0.017277
-0.017341
-0.017404
-0.017466
-0.017529
-0.017590
-0.017651
-0.017711
-0.017771
-0.017831
-0.017889
-0.017948
-0.018005
-0.018062
-0.018119
-0.018175
-0.018230
-0.018285
-0.018339
-0.018393
-0.018446
-0.018499
-0.018551
-0.018602
-0.018653
-0.018704
-0.018754
-0.018803
-0.018852
-0.018900
-0.018948
-0.018995
-0.019041
-0.019087
-0.019133
-0.019178
-0.019222
-0.019266
-0.019309
-0.019352
-0.019394
-0.019436
-0.019477
-0.019518
-0.019558
-0.019597
-0.019636
-0.019675
-0.019713
-0.019750
-0.019787
-0.019824
-0.019859
-0.019895
-0.019930
-0.019964
-0.019998
-0.020031
-0.020064
-0.020096
-0.020127
-0.020159
-0.020189
-0.020219
-0.020249
-0.020278
-0.020307
-0.020335
-0.020362
-0.020389
-0.020416
-0.020442
-0.020468
-0.020493
-0.020517
-0.020541
-0.020565
-0.020588
-0.020611
-0.020633
-0.020654
-0.020675
-0.020696
-0.020716
-0.020736
-0.020755
-0.020774
-0.020792
-0.020810
-0.020827
-0.020844
-0.020860
-0.020876
-0.020891
-0.020906
-0.020921
-0.020935
-0.020948
-0.020961
-0.020974
-0.020986
-0.020998
-0.021009
-0.021020
-0.021030
-0.021040
-0.021049
-0.021058
-0.021067
-0.021075
-0.021083
-0.021090
-0.021097
-0.021103
-0.021109
-0.021115
-0.021120
-0.021124
-0.021128
-0.021132
-0.021135
-0.021138
-0.021141
-0.021143
-0.021145
-0.021146
-0.021147
-0.021147
-0.021147
-0.021147
-0.021146
-0.021145
-0.021143
-0.021141
-0.021139
-0.021136
-0.021133
-0.021129
-0.021125
-0.021121
-0.021116
-0.021111
-0.021105
-0.021100
-0.021093
-0.021087
-0.021080
-0.021072
-0.021064
-0.021056
-0.021048
-0.021039
-0.021029
-0.021020
-0.021010
-0.020999
-0.020989
-0.020978
-0.020966
-0.020954
-0.020942
-0.020930
-0.020917
-0.020904
-0.020890
-0.020876
-0.020862
-0.020847
-0.020833
-0.020817
-0.020802
-0.020786
-0.020770
-0.020753
-0.020736
-0.020719
-0.020701
-0.020684
-0.020665
-0.020647
-0.020628
-0.020609
-0.020589
-0.020570
-0.020550
-0.020529
-0.020509
-0.020488
-0.020466
-0.020445
-0.020423
-0.020401
-0.020378
-0.020355
-0.020332
-0.020309
-0.020285
-0.020261
-0.020237
-0.020213
-0.020188
-0.020163
-0.020137
-0.020112
-0.020086
-0.020060
-0.020033
-0.020007
-0.019980
-0.019952
-0.019925
-0.019897
-0.019869
-0.019841
-0.019812
-0.019783
-0.019754
-0.019725
-0.019695
-0.019666
-0.019636
-0.019605
-0.019575
-0.019544
-0.019513
-0.019482
-0.019450
-0.019418
-0.019386
-0.019354
-0.019322
-0.019289
-0.019256
-0.019223
-0.019189
-0.019156
-0.019122
-0.019088
-0.019054
-0.019019
-0.018985
-0.018950
-0.018915
-0.018879
-0.018844
-0.018808
-0.018772
-0.018736
-0.018699
-0.018663
-0.018626
-0.018589
-0.018552
-0.018515
-0.018477
-0.018439
-0.018401
-0.018363
-0.018325
-0.018287
-0.018248
-0.018209
-0.018170
-0.018131
-0.018091
-0.018052
-0.018012
-0.017972
-0.017932
-0.017892
-0.017851
-0.017811
-0.017770
-0.017729
-0.017688
-0.017647
-0.017605
-0.017563
-0.017522
-0.017480
-0.017438
-0.017396
-0.017353
-0.017311
-0.017268
-0.017225
-0.017182
-0.017139
-0.017096
-0.017052
-0.017009
-0.016965
-0.016921
-0.016877
-0.016833
-0.016789
-0.016745
-0.016700
-0.016656
-0.016611
-0.016566
-0.016521
-0.016476
-0.016431
-0.016385
-0.016340
-0.016294
-0.016248
-0.016202
-0.016156
-0.016110
-0.016064
-0.016018
-0.015971
-0.015925
-0.015878
-0.015832
-0.015785
-0.015738
-0.015691
-0.015644
-0.015596
-0.015549
-0.015502
-0.015454
-0.015406
-0.015359
-0.015311
-0.015263
-0.015215
-0.015167
-0.015119
-0.015070
-0.015022
-0.014974
-0.014925
-0.014877
-0.014828
-0.014779
-0.014730
-0.014681
-0.014632
-0.014583
-0.014534
-0.014485
-0.014436
-0.014386
-0.014337
-0.014288
-0.014238
-0.014188
-0.014139
-0.014089
-0.014039
-0.013990
-0.013940
-0.013890
-0.013840
-0.013790
-0.013739
-0.013689
-0.013639
-0.013589
-0.013539
-0.013488
-0.013438
-0.013387
-0.013337
-0.013286
-0.013236
-0.013185
-0.013134
-0.013084
