0.000000
-0.150716
-0.293194
-0.427829
-0.554976
-0.674951
-0.788043
-0.894519
-0.994626
-1.088597
-1.176652
-1.259002
-1.335853
-1.407400
-1.473836
-1.535351
-1.592129
-1.644352
-1.692199
-1.735848
-1.775470
-1.811239
-1.843322
-1.871885
-1.897089
-1.919094
-1.938055
-1.954123
-1.967445
-1.978165
-1.986423
-1.992353
-1.996086
-1.997746
-1.997457
-1.995335
-1.991491
-1.986034
-1.979067
-1.970689
-1.960994
-1.950072
-1.938009
-1.924888
-1.910787
-1.895778
-1.879934
-1.863321
-1.846003
-1.828039
-1.808265
-1.788029
-1.767378
-1.746358
-1.725011
-1.703376
-1.681493
-1.659396
-1.637119
-1.614693
-1.592148
-1.569512
-1.546811
-1.524069
-1.501311
-1.478556
-1.455827
-1.433140
-1.410515
-1.387968
-1.365514
-1.343168
-1.320943
-1.298852
-1.276906
-1.255116
-1.233493
-1.212045
-1.190781
-1.169709
-1.148837
-1.128170
-1.107715
-1.087478
-1.067463
-1.048874
-1.030449
-1.012196
-0.994120
-0.976226
-0.958521
-0.941007
-0.923690
-0.906574
-0.889661
-0.872955
-0.856457
-0.840172
-0.824100
-0.808243
-0.792604
-0.777182
-0.761979
-0.746995
-0.732231
-0.717688
-0.703365
-0.689262
-0.675379
-0.661716
-0.648271
-0.635044
-0.622034
-0.609240
-0.596661
-0.584295
-0.572142
-0.560199
-0.548465
-0.536938
-0.525617
-0.514500
-0.503584
-0.492869
-0.482351
-0.472029
-0.461900
-0.451963
-0.442215
-0.432654
-0.423277
-0.414083
-0.405068
-0.396231
-0.387569
-0.379080
-0.370761
-0.362610
-0.354625
-0.346802
-0.339140
-0.331636
-0.324287
-0.317092
-0.310047
-0.303150
-0.296399
-0.289791
-0.283324
-0.276996
-0.270804
-0.264746
-0.258818
-0.253020
-0.247349
-0.241802
-0.236377
-0.231072
-0.225885
-0.220813
-0.215854
-0.211006
-0.206267
-0.201635
-0.197107
-0.192682
-0.188358
-0.184132
-0.180002
-0.175968
-0.172025
-0.168174
-0.164412
-0.160736
-0.157146
-0.153639
-0.150213
-0.146868
-0.143601
-0.140410
-0.137294
-0.134252
-0.131281
-0.128380
-0.125547
-0.122782
-0.120082
-0.117447
-0.114873
-0.112362
-0.109910
-0.107516
-0.105180
-0.102899
-0.100674
-0.098501
-0.096381
-0.094311
-0.092292
-0.090321
-0.088397
-0.086520
-0.084689
-0.082901
-0.081157
-0.079455
-0.077794
-0.076173
-0.074592
-0.073049
-0.071544
-0.070075
-0.068641
-0.067243
-0.065879
-0.064548
-0.063249
-0.061982
-0.060746
-0.059541
-0.058364
-0.057217
-0.056097
-0.055005
-0.053940
-0.052901
-0.051887
-0.050899
-0.049934
-0.048993
-0.048076
-0.047181
-0.046308
-0.045457
-0.044626
-0.043816
-0.043027
-0.042257
-0.041506
-0.040773
-0.040059
-0.039363
-0.038684
-0.038022
-0.037377
-0.036748
-0.036134
-0.035537
-0.034954
-0.034386
-0.033832
-0.033293
-0.032767
-0.032255
-0.031756
-0.031269
-0.030796
-0.030334
-0.029885
-0.029447
-0.029021
-0.028606
-0.028202
-0.027808
-0.027425
-0.027053
-0.026690
-0.026337
-0.025994
-0.025660
-0.025336
-0.025020
-0.024713
-0.024415
-0.024125
-0.023843
-0.023570
-0.023304
-0.023047
-0.022796
-0.022553
-0.022318
-0.022090
-0.021868
-0.021653
-0.021446
-0.021244
-0.021049
-0.020861
-0.020678
-0.020502
-0.020331
-0.020167
-0.020008
-0.019854
-0.019706
-0.019564
-0.019427
-0.019295
-0.019168
-0.019045
-0.018928
-0.018816
-0.018708
-0.018605
-0.018506
-0.018412
-0.018322
-0.018236
-0.018155
-0.018078
-0.018004
-0.017935
-0.017869
-0.017808
-0.017750
-0.017695
-0.017644
-0.017597
-0.017553
-0.017513
-0.017476
-0.017442
-0.017411
-0.017383
-0.017359
-0.017337
-0.017319
-0.017303
-0.017290
-0.017280
-0.017273
-0.017268
-0.017266
-0.017267
-0.017270
-0.017276
-0.017284
-0.017294
-0.017307
-0.017322
-0.017339
-0.017358
-0.017380
-0.017404
-0.017429
-0.017457
-0.017487
-0.017518
-0.017552
-0.017587
-0.017625
-0.017663
-0.017704
-0.017746
-0.017790
-0.017836
-0.017883
-0.017932
-0.017982
-0.018034
-0.018087
-0.018141
-0.018197
-0.018254
-0.018313
-0.018373
-0.018434
-0.018496
-0.018559
-0.018623
-0.018689
-0.018756
-0.018823
-0.018892
-0.018961
-0.019032
-0.019103
-0.019176
-0.019249
-0.019323
-0.019398
-0.019474
-0.019550
-0.019627
-0.019705
-0.019783
-0.019863
-0.019942
-0.020023
-0.020104
-0.020185
-0.020267
-0.020350
-0.020433
-0.020516
-0.020600
-0.020684
-0.020769
-0.020854
-0.020939
-0.021025
-0.021111
-0.021197
-0.021284
-0.021371
-0.021458
-0.021545
-0.021632
-0.021720
-0.021807
-0.021895
-0.021983
-0.022071
-0.022159
-0.022248
-0.022336
-0.022424
-0.022512
-0.022601
-0.022689
-0.022777
-0.022865
-0.022953
-0.023042
-0.023129
-0.023217
-0.023305
-0.023393
-0.023480
-0.023567
-0.023654
-0.023741
-0.023828
-0.023914
-0.024001
-0.024087
-0.024172
-0.024258
-0.024343
-0.024428
-0.024513
-0.024597
-0.024681
-0.024765
-0.024849
-0.024932
-0.025015
-0.025097
-0.025179
-0.025261
-0.025342
-0.025423
-0.025503
-0.025584
-0.025663
-0.025743
-0.025822
-0.025900
-0.025978
-0.026056
-0.026133
-0.026209
-0.026286
-0.026361
-0.026437
-0.026512
-0.026586
-0.026660
-0.026733
-0.026806
-0.026878
-0.026950
-0.027022
-0.027093
-0.027163
-0.027233
-0.027302
-0.027371
-0.027439
-0.027507
-0.027574
-0.027641
-0.027707
-0.027772
-0.027838
-0.027902
-0.027966
-0.028029
-0.028092
-0.028155
-0.028217
-0.028278
-0.028338
-0.028399
-0.028458
-0.028517
-0.028576
-0.028634
-0.028691
-0.028748
-0.028804
-0.028860
-0.028915
-0.028969
-0.029024
-0.029077
-0.029130
-0.029182
-0.029234
-0.029285
-0.029336
-0.029386
-0.029436
-0.029485
-0.029533
-0.029581
-0.029629
-0.029676
-0.029722
-0.029768
-0.029813
-0.029858
-0.029902
-0.029945
-0.029988
-0.030031
-0.030073
-0.030114
-0.030155
-0.030196
-0.030236
-0.030275
-0.030314
-0.030352
-0.030390
-0.030428
-0.030464
-0.030501
-0.030536
-0.030572
-0.030607
-0.030641
-0.030675
-0.030708
-0.030741
-0.030773
-0.030805
-0.030836
-0.030867
-0.030897
-0.030927
-0.030957
-0.030986
-0.031014
-0.031042
-0.031070
-0.031097
-0.031124
-0.031150
-0.031176
-0.031201
-0.031226
-0.031250
-0.031274
-0.031298
-0.031321
-0.031343
-0.031365
-0.031387
-0.031409
-0.031430
-0.031450
-0.031470
-0.031490
-0.031509
-0.031528
-0.031546
-0.031564
-0.031582
-0.031599
-0.031616
-0.031633
-0.031649
-0.031664
-0.031680
-0.031695
-0.031709
-0.031723
-0.031737
-0.031750
-0.031763
-0.031776
-0.031788
-0.031800
-0.031812
-0.031823
-0.031834
-0.031844
-0.031855
-0.031864
-0.031874
-0.031883
-0.031892
-0.031900
-0.031908
-0.031916
-0.031923
-0.031930
-0.031937
-0.031944
-0.031950
-0.031955
-0.031961
-0.031966
-0.031971
-0.031975
-0.031980
-0.031983
-0.031987
-0.031990
-0.031993
-0.031996
-0.031998
-0.032000
-0.032002
-0.032003
-0.032005
-0.032005
-0.032006
-0.032006
-0.032006
-0.032006
-0.032005
-0.032005
-0.032003
-0.032002
-0.032000
-0.031998
-0.031996
-0.031993
-0.031991
-0.031988
-0.031984
-0.031981
-0.031977
-0.031972
-0.031968
-0.031963
-0.031958
-0.031953
-0.031948
-0.031942
-0.031936
-0.031930
-0.031923
-0.031916
-0.031909
-0.031902
-0.031894
-0.031887
-0.031879
-0.031870
-0.031862
-0.031853
-0.031844
-0.031834
-0.031825
-0.031815
-0.031805
-0.031795
-0.031784
-0.031773
-0.031762
-0.031751
-0.031740
-0.031728
-0.031716
-0.031704
-0.031691
-0.031679
-0.031666
-0.031652
-0.031639
-0.031625
-0.031611
-0.031597
-0.031583
-0.031568
-0.031553
-0.031538
-0.031523
-0.031507
-0.031492
-0.031476
-0.031459
-0.031443
-0.031426
-0.031409
-0.031392
-0.031375
-0.031357
-0.031339
-0.031321
-0.031303
-0.031284
-0.031265
-0.031246
-0.031227
-0.031208
-0.031188
-0.031168
-0.031148
-0.031127
-0.031107
-0.031086
-0.031065
-0.031043
-0.031022
-0.031000
-0.030978
-0.030956
-0.030933
-0.030910
-0.030887
-0.030864
-0.030841
-0.030817
-0.030793
-0.030769
-0.030745
-0.030720
-0.030695
-0.030670
-0.030645
-0.030620
-0.030594
-0.030568
-0.030542
-0.030515
-0.030489
-0.030462
-0.030435
-0.030407
-0.030380
-0.030352
-0.030324
-0.030295
-0.030267
-0.030238
-0.030209
-0.030180
-0.030150
-0.030121
-0.030091
-0.030061
-0.030030
-0.030000
-0.029969
-0.029938
-0.029906
-0.029875
-0.029843
-0.029811
-0.029779
-0.029746
-0.029713
-0.029680
-0.029647
-0.029614
-0.029580
-0.029546
-0.029512
-0.029477
-0.029443
-0.029408
-0.029373
-0.029337
-0.029302
-0.029266
-0.029230
-0.029193
-0.029157
-0.029120
-0.029083
-0.029045
-0.029008
-0.028970
-0.028932
-0.028894
-0.028855
-0.028816
-0.028777
-0.028738
-0.028699
-0.028659
-0.028619
-0.028579
-0.028538
-0.028497
-0.028456
-0.028415
-0.028374
-0.028332
-0.028290
-0.028248
-0.028205
-0.028162
-0.028120
-0.028076
-0.028033
-0.027989
-0.027945
-0.027901
-0.027856
-0.027812
-0.027767
-0.027722
-0.027676
-0.027630
-0.027584
-0.027538
-0.027492
-0.027445
-0.027398
-0.027351
-0.027303
-0.027256
-0.027208
-0.027159
-0.027111
-0.027062
-0.027013
-0.026964
-0.026914
-0.026864
-0.026814
-0.026764
-0.026714
-0.026663
-0.026612
-0.026560
-0.026509
-0.026457
-0.026405
-0.026352
-0.026300
-0.026247
-0.026194
-0.026140
-0.026087
-0.026033
-0.025979
-0.025924
-0.025869
-0.025815
-0.025759
-0.025704
-0.025648
-0.025592
-0.025536
-0.025479
-0.025422
-0.025365
-0.025308
-0.025250
-0.025192
-0.025134
-0.025076
-0.025017
-0.024958
-0.024899
-0.024840
-0.024780
-0.024720
-0.024659
-0.024599
-0.024538
-0.024477
-0.024416
-0.024354
-0.024292
-0.024230
-0.024167
-0.024105
-0.024042
-0.023978
-0.023915
-0.023851
-0.023787
-0.023723
-0.023658
-0.023593
-0.023528
-0.023462
-0.023397
-0.023331
-0.023264
-0.023198
-0.023131
-0.023064
-0.022996
-0.022929
-0.022861
-0.022792
-0.022724
-0.022655
-0.022586
-0.022516
-0.022447
-0.022377
-0.022307
-0.022236
-0.022165
-0.022094
-0.022023
-0.021951
-0.021879
-0.021807
-0.021735
-0.021662
-0.021589
-0.021515
-0.021442
-0.021368
-0.021294
-0.021219
-0.021144
-0.021069
-0.020994
-0.020918
-0.020842
-0.020766
-0.020689
-0.020612
-0.020535
-0.020458
-0.020380
-0.020302
-0.020224
-0.020145
-0.020066
-0.019987
-0.019907
-0.019828
-0.019748
-0.019667
-0.019586
-0.019505
-0.019424
-0.019343
-0.019261
-0.019178
-0.019096
-0.019013
-0.018930
-0.018847
-0.018763
-0.018679
-0.018595
-0.018510
-0.018425
-0.018340
-0.018254
-0.018168
-0.018082
-0.017996
-0.017909
-0.017822
-0.017734
-0.017647
-0.017559
-0.017470
-0.017382
-0.017293
-0.017203
-0.017114
-0.017024
-0.016934
-0.016843
-0.016752
-0.016661
-0.016570
-0.016478
-0.016386
-0.016294
-0.016201
-0.016108
-0.016014
-0.015921
-0.015827
-0.015732
-0.015638
-0.015543
-0.015447
-0.015352
-0.015256
-0.015160
-0.015063
-0.014966
-0.014869
-0.014771
-0.014674
-0.014575
-0.014477
-0.014378
-0.014279
-0.014179
-0.014080
-0.013979
-0.013879
-0.013778
-0.013677
-0.013576
-0.013474
-0.013372
-0.013269
-0.013167
-0.013063
-0.012960
-0.012856
-0.012752
-0.012648
-0.012543
-0.012438
-0.012333
-0.012227
-0.012121
-0.012014
-0.011908
-0.011801
-0.011693
-0.011585
-0.011477
-0.011369
-0.011260
-0.011151
-0.011042
-0.010932
-0.010822
-0.010712
-0.010601
-0.010490
-0.010379
-0.010267
-0.010155
-0.010042
-0.009930
-0.009817
-0.009703
-0.009589
-0.009475
-0.009361
-0.009246
-0.009131
-0.009016
-0.008900
-0.008784
-0.008668
-0.008551
-0.008434
-0.008317
-0.008199
-0.008081
-0.007962
-0.007844
-0.007725
-0.007605
-0.007486
-0.007365
-0.007245
-0.007124
-0.007003
-0.006882
-0.006760
-0.006638
-0.006516
-0.006393
-0.006270
-0.006147
-0.006023
-0.005899
-0.005775
-0.005651
-0.005526
-0.005400
-0.005275
-0.005149
-0.005023
-0.004896
-0.004769
-0.004642
-0.004514
-0.004387
-0.004259
-0.004130
-0.004001
-0.003872
-0.003743
-0.003613
-0.003483
-0.003353
-0.003222
-0.003091
-0.002960
-0.002828
-0.002696
-0.002564
-0.002432
-0.002299
-0.002166
-0.002033
-0.001899
-0.001765
-0.001631
-0.001496
-0.001361
-0.001226
-0.001091
-0.000955
-0.000819
-0.000683
-0.000546
-0.000409
-0.000272
-0.000135
0.000003
0.000141
0.000279
0.000418
0.000557
0.000696
0.000835
0.000975
0.001115
0.001255
0.001395
0.001536
0.001677
0.001818
0.001960
0.002101
0.002243
0.002385
0.002528
0.002671
0.002814
0.002957
0.003100
0.003244
0.003388
0.003532
0.003676
0.003821
0.003965
0.004110
0.004256
0.004401
0.004547
0.004693
0.004839
0.004985
0.005131
0.005278
0.005425
0.005572
0.005719
0.005867
0.006015
0.006162
0.006310
0.006459
0.006607
0.006756
0.006904
0.007053
0.007202
0.007352
0.007501
0.007651
0.007800
0.007950
0.008100
0.008250
0.008400
0.008551
0.008701
0.008852
0.009003
0.009154
0.009305
0.009456
0.009607
0.009759
0.009910
0.010062
0.010213
0.010365
0.010517
0.010669
0.010821
0.010973
0.011126
0.011278
0.011430
0.011583
0.011735
0.011888
0.012040
0.012193
0.012346
0.012498
0.012651
0.012804
0.012957
0.013110
0.013262
0.013415
0.013568
0.013721
0.013874
0.014027
0.014180
0.014333
0.014486
0.014639
0.014791
0.014944
0.015097
0.015250
0.015403
0.015555
0.015708
0.015861
0.016013
0.016166
0.016318
0.016470
0.016623
0.016775
0.016927
0.017079
0.017231
0.017383
0.017534
0.017686
0.017837
0.017989
0.018140
0.018291
0.018442
0.018593
0.018744
0.018894
0.019045
0.019195
0.019345
0.019495
0.019645
0.019795
0.019944
0.020093
0.020242
0.020391
0.020540
0.020688
0.020837
0.020985
0.021132
0.021280
0.021427
0.021574
0.021721
0.021868
0.022014
0.022160
0.022306
0.022452
0.022597
0.022742
0.022887
0.023032
0.023176
0.023320
0.023463
0.023607
0.023750
0.023892
0.024035
0.024177
0.024318
0.024460
0.024601
0.024741
0.024882
0.025022
0.025161
0.025300
0.025439
0.025578
0.025716
0.025854
0.025991
0.026128
0.026264
0.026400
0.026536
0.026671
0.026806
0.026941
0.027075
0.027208
0.027341
0.027474
0.027606
0.027738
0.027869
0.028000
0.028131
0.028261
0.028390
0.028519
0.028647
0.028775
0.028903
0.029030
0.029156
0.029282
0.029408
0.029533
0.029657
0.029781
0.029904
0.030027
0.030149
0.030271
0.030392
0.030513
0.030633
0.030752
0.030871
0.030989
0.031107
0.031224
0.031341
0.031456
0.031572
0.031687
0.031801
0.031914
0.032027
0.032140
0.032251
0.032362
0.032473
0.032583
0.032692
0.032800
0.032908
0.033015
0.033122
0.033228
0.033333
0.033438
0.033542
0.033645
0.033748
0.033850
0.033951
0.034052
0.034151
0.034251
0.034349
0.034447
0.034544
0.034640
0.034736
0.034831
0.034925
0.035019
0.035112
0.035204
0.035295
0.035386
0.035476
0.035565
0.035654
0.035742
0.035829
0.035915
0.036000
0.036085
0.036169
0.036253
0.036335
0.036417
0.036498
0.036578
0.036658
0.036736
0.036814
0.036892
0.036968
0.037044
0.037119
0.037193
0.037266
0.037339
0.037410
0.037481
0.037552
0.037621
0.037690
0.037757
0.037825
0.037891
0.037956
0.038021
0.038085
0.038148
0.038210
0.038272
0.038332
0.038392
0.038451
0.038510
0.038567
0.038624
0.038680
0.038735
0.038789
0.038842
0.038895
0.038947
0.038998
0.039048
0.039098
0.039146
0.039194
0.039241
0.039287
0.039332
0.039377
0.039421
0.039464
0.039506
0.039547
0.039588
0.039627
0.039666
0.039704
0.039741
0.039778
0.039814
0.039848
0.039882
0.039916
0.039948
0.039980
0.040010
0.040041
0.040070
0.040098
0.040126
0.040153
0.040179
0.040204
0.040228
0.040252
0.040275
0.040297
0.040318
0.040338
0.040358
0.040377
0.040395
0.040412
0.040429
0.040444
0.040459
0.040473
0.040487
0.040499
0.040511
0.040522
0.040533
0.040542
0.040551
0.040559
0.040566
0.040573
0.040578
0.040583
0.040587
0.040591
0.040594
0.040595
0.040597
0.040597
0.040597
0.040596
0.040594
0.040591
0.040588
0.040584
0.040579
0.040574
0.040568
0.040561
0.040553
0.040545
0.040536
0.040526
0.040516
0.040505
0.040493
0.040480
0.040467
0.040453
0.040439
0.040423
0.040407
0.040390
0.040373
0.040355
0.040336
0.040317
0.040297
0.040276
0.040255
0.040233
0.040210
0.040187
0.040163
0.040138
0.040113
0.040087
0.040060
0.040033
0.040005
0.039977
0.039948
0.039918
0.039888
0.039857
0.039825
0.039793
0.039760
0.039727
0.039693
0.039658
0.039623
0.039588
0.039551
0.039514
0.039477
0.039439
0.039400
0.039361
0.039321
0.039281
0.039240
0.039199
0.039157
0.039115
0.039071
0.039028
0.038984
0.038939
0.038894
0.038848
0.038802
0.038755
0.038708
0.038661
0.038612
0.038564
0.038514
0.038465
0.038414
0.038364
0.038313
0.038261
0.038209
0.038156
0.038103
0.038049
0.037995
0.037941
0.037886
0.037831
0.037775
0.037719
0.037662
0.037605
0.037547
0.037489
0.037431
0.037372
0.037313
0.037253
0.037193
0.037132
0.037072
0.037010
0.036949
0.036887
0.036824
0.036761
0.036698
0.036634
0.036570
0.036506
0.036441
0.036376
0.036311
0.036245
0.036179
0.036112
0.036045
0.035978
0.035910
0.035843
0.035774
0.035706
0.035637
0.035568
0.035498
0.035428
0.035358
0.035288
0.035217
0.035146
0.035075
0.035003
0.034931
0.034859
0.034786
0.034713
0.034640
0.034567
0.034493
0.034419
0.034345
0.034271
0.034196
0.034121
0.034046
0.033970
0.033894
0.033819
0.033742
0.033666
0.033589
0.033512
0.033435
0.033358
0.033280
0.033202
0.033124
0.033046
0.032967
0.032889
0.032810
0.032731
0.032652
0.032572
0.032492
0.032412
0.032332
0.032252
0.032172
0.032091
0.032010
0.031929
0.031848
0.031767
0.031685
0.031604
0.031522
0.031440
0.031358
0.031275
0.031193
0.031110
0.031028
0.030945
0.030862
0.030779
0.030695
0.030612
0.030528
0.030445
0.030361
0.030277
0.030193
0.030109
0.030024
0.029940
0.029855
0.029771
0.029686
0.029601
0.029516
0.029431
0.029346
0.029260
0.029175
0.029090
0.029004
0.028918
0.028833
0.028747
0.028661
0.028575
0.028489
0.028403
0.028316
0.028230
0.028144
0.028057
0.027971
0.027884
0.027797
0.027711
0.027624
0.027537
0.027450
0.027363
0.027276
0.027189
0.027102
0.027015
0.026928
0.026841
0.026753
0.026666
0.026578
0.026491
0.026404
0.026316
0.026229
0.026141
0.026053
0.025966
0.025878
0.025791
0.025703
0.025615
0.025527
0.025440
0.025352
0.025264
0.025176
0.025088
0.025000
0.024913
0.024825
0.024737
0.024649
0.024561
0.024473
0.024385
0.024297
0.024209
0.024121
0.024033
0.023945
0.023857
0.023770
0.023682
0.023594
0.023506
0.023418
0.023330
0.023242
0.023154
0.023066
0.022978
0.022890
0.022803
0.022715
0.022627
0.022539
0.022451
0.022364
0.022276
0.022188
0.022100
0.022013
0.021925
0.021837
0.021750
0.021662
0.021575
0.021487
0.021399
0.021312
0.021225
0.021137
0.021050
0.020962
0.020875
0.020788
0.020700
0.020613
0.020526
0.020439
0.020351
0.020264
0.020177
0.020090
0.020003
0.019916
0.019829
0.019742
0.019655
0.019569
0.019482
0.019395
0.019308
0.019222
0.019135
0.019048
0.018962
0.018875
0.018789
0.018703
0.018616
0.018530
0.018444
0.018357
0.018271
0.018185
0.018099
0.018013
0.017927
0.017841
0.017755
0.017669
0.017583
0.017497
0.017412
0.017326
0.017240
0.017155
0.017069
0.016984
0.016898
0.016813
0.016727
0.016642
0.016557
0.016472
0.016387
0.016301
0.016216
0.016131
0.016046
0.015962
0.015877
0.015792
0.015707
0.015623
0.015538
0.015453
0.015369
0.015284
0.015200
0.015115
0.015031
0.014947
0.014863
0.014778
0.014694
0.014610
0.014526
0.014442
0.014358
0.014274
0.014191
0.014107
0.014023
0.013939
0.013856
0.013772
0.013689
0.013605
0.013522
0.013438
0.013355
0.013272
0.013189
0.013105
0.013022
0.012939
0.012856
0.012773
0.012690
0.012608
0.012525
0.012442
0.012359
0.012277
0.012194
0.012111
0.012029
0.011946
0.011864
0.011782
0.011699
0.011617
0.011535
0.011453
0.011370
0.011288
0.011206
0.011124
0.011042
0.010961
0.010879
0.010797
0.010715
0.010633
0.010552
0.010470
0.010389
0.010307
0.010226
0.010144
0.010063
0.009981
0.009900
0.009819
0.009738
0.009656
0.009575
0.009494
0.009413
0.009332
0.009251
0.009170
0.009089
0.009008
0.008928
0.008847
0.008766
0.008685
0.008605
0.008524
0.008444
0.008363
0.008283
0.008202
0.008122
0.008041
0.007961
0.007881
0.007801
0.007720
0.007640
0.007560
0.007480
0.007400
0.007320
0.007240
0.007160
0.007080
0.007000
0.006920
0.006840
0.006761
0.006681
0.006601
0.006521
0.006442
0.006362
0.006282
0.006203
0.006123
0.006044
0.005964
0.005885
0.005806
0.005726
0.005647
0.005568
0.005488
0.005409
0.005330
0.005251
0.005171
0.005092
0.005013
0.004934
0.004855
0.004776
0.004697
0.004618
0.004539
0.004460
0.004381
0.004302
0.004223
0.004145
0.004066
0.003987
0.003908
0.003830
0.003751
0.003672
0.003594
0.003515
0.003436
0.003358
0.003279
0.003201
0.003122
0.003044
0.002965
0.002887
0.002808
0.002730
0.002652
0.002573
0.002495
0.002417
0.002338
0.002260
0.002182
0.002103
0.002025
0.001947
0.001869
0.001791
0.001712
0.001634
0.001556
0.001478
0.001400
0.001322
0.001244
0.001166
0.001088
0.001010
0.000932
0.000854
0.000776
0.000698
0.000620
0.000542
0.000464
0.000387
0.000309
0.000231
0.000153
0.000075
-0.000003
-0.000080
-0.000158
-0.000236
-0.000314
-0.000391
-0.000469
-0.000547
-0.000624
-0.000702
-0.000780
-0.000857
-0.000935
-0.001012
-0.001090
-0.001168
-0.001245
-0.001323
-0.001400
-0.001478
-0.001555
-0.001633
-0.001710
-0.001788
-0.001865
-0.001943
-0.002020
-0.002098
-0.002175
-0.002252
-0.002330
-0.002407
-0.002484
-0.002562
-0.002639
-0.002716
-0.002794
-0.002871
-0.002948
-0.003026
-0.003103
-0.003180
-0.003257
-0.003335
-0.003412
-0.003489
-0.003566
-0.003643
-0.003721
-0.003798
-0.003875
-0.003952
-0.004029
-0.004106
-0.004183
-0.004260
-0.004337
-0.004414
-0.004491
-0.004568
-0.004645
-0.004722
-0.004799
-0.004876
-0.004953
-0.005030
-0.005107
-0.005184
-0.005261
-0.005338
-0.005415
-0.005492
-0.005568
-0.005645
-0.005722
-0.005799
-0.005876
-0.005952
-0.006029
-0.006106
-0.006183
-0.006259
-0.006336
-0.006413
-0.006489
-0.006566
-0.006643
-0.006719
-0.006796
-0.006872
-0.006949
-0.007025
-0.007102
-0.007178
-0.007255
-0.007331
-0.007408
-0.007484
-0.007561
-0.007637
-0.007713
-0.007790
-0.007866
-0.007942
-0.008019
-0.008095
-0.008171
-0.008247
-0.008323
-0.008400
-0.008476
-0.008552
-0.008628
-0.008704
-0.008780
-0.008856
-0.008932
-0.009008
-0.009084
-0.009160
-0.009236
-0.009312
-0.009388
-0.009463
-0.009539
-0.009615
-0.009691
-0.009766
-0.009842
-0.009918
-0.009993
-0.010069
-0.010145
-0.010220
-0.010296
-0.010371
-0.010446
-0.010522
-0.010597
-0.010673
-0.010748
-0.010823
-0.010898
-0.010974
-0.011049
-0.011124
-0.011199
-0.011274
-0.011349
-0.011424
-0.011499
-0.011574
-0.011649
-0.011724
-0.011799
-0.011873
-0.011948
-0.012023
-0.012097
-0.012172
-0.012246
-0.012321
-0.012395
-0.012470
-0.012544
-0.012619
-0.012693
-0.012767
-0.012841
-0.012915
-0.012990
-0.013064
-0.013138
-0.013212
-0.013285
-0.013359
-0.013433
-0.013507
-0.013581
-0.013654
-0.013728
-0.013801
-0.013875
-0.013948
-0.014022
-0.014095
-0.014168
-0.014242
-0.014315
-0.014388
-0.014461
-0.014534
-0.014607
-0.014680
-0.014752
-0.014825
-0.014898
-0.014970
-0.015043
-0.015115
-0.015188
-0.015260
-0.015333
-0.015405
-0.015477
-0.015549
-0.015621
-0.015693
-0.015765
-0.015837
-0.015909
-0.015980
-0.016052
-0.016123
-0.016195
-0.016266
-0.016337
-0.016409
-0.016480
-0.016551
-0.016622
-0.016693
-0.016764
-0.016835
-0.016905
-0.016976
-0.017046
-0.017117
-0.017187
-0.017257
-0.017328
-0.017398
-0.017468
-0.017538
-0.017608
-0.017677
-0.017747
-0.017817
-0.017886
-0.017956
-0.018025
-0.018094
-0.018163
-0.018232
-0.018301
-0.018370
-0.018439
-0.018508
-0.018576
-0.018645
-0.018713
-0.018781
-0.018849
-0.018917
-0.018985
-0.019053
-0.019121
-0.019189
-0.019256
-0.019324
-0.019391
-0.019458
-0.019526
-0.019593
-0.019659
-0.019726
-0.019793
-0.019860
-0.019926
-0.019992
-0.020059
-0.020125
-0.020191
-0.020257
-0.020323
-0.020388
-0.020454
-0.020519
-0.020585
-0.020650
-0.020715
-0.020780
-0.020845
-0.020909
-0.020974
-0.021039
-0.021103
-0.021167
-0.021231
-0.021295
-0.021359
-0.021423
-0.021486
-0.021550
-0.021613
-0.021676
-0.021739
-0.021802
-0.021865
-0.021928
-0.021990
-0.022053
-0.022115
-0.022177
-0.022239
-0.022301
-0.022363
-0.022424
-0.022486
-0.022547
-0.022608
-0.022669
-0.022730
-0.022791
-0.022851
-0.022911
-0.022972
-0.023032
-0.023092
-0.023152
-0.023211
-0.023271
-0.023330
-0.023389
-0.023448
-0.023507
-0.023566
-0.023625
-0.023683
-0.023741
-0.023799
-0.023857
-0.023915
-0.023973
-0.024030
-0.024088
-0.024145
-0.024202
-0.024259
-0.024315
-0.024372
-0.024428
-0.024484
-0.024540
-0.024596
-0.024652
-0.024707
-0.024763
-0.024818
-0.024873
-0.024927
-0.024982
-0.025036
-0.025091
-0.025145
-0.025199
-0.025253
-0.025306
-0.025360
-0.025413
-0.025466
-0.025519
-0.025571
-0.025624
-0.025676
-0.025728
-0.025780
-0.025832
-0.025883
-0.025935
-0.025986
-0.026037
-0.026088
-0.026139
-0.026189
-0.026239
-0.026289
-0.026339
-0.026389
-0.026438
-0.026488
-0.026537
-0.026586
-0.026634
-0.026683
-0.026731
-0.026779
-0.026827
-0.026875
-0.026922
-0.026970
-0.027017
-0.027064
-0.027110
-0.027157
-0.027203
-0.027249
-0.027295
-0.027341
-0.027387
-0.027432
-0.027477
-0.027522
-0.027566
-0.027611
-0.027655
-0.027699
-0.027743
-0.027787
-0.027830
-0.027873
-0.027916
-0.027959
-0.028002
-0.028044
-0.028086
-0.028128
-0.028170
-0.028211
-0.028252
-0.028293
-0.028334
-0.028375
-0.028415
-0.028455
-0.028495
-0.028535
-0.028574
-0.028614
-0.028653
-0.028692
-0.028730
-0.028769
-0.028807
-0.028845
-0.028882
-0.028920
-0.028957
-0.028994
-0.029031
-0.029067
-0.029104
-0.029140
-0.029176
-0.029211
-0.029247
-0.029282
-0.029317
-0.029352
-0.029386
-0.029420
-0.029454
-0.029488
-0.029522
-0.029555
-0.029588
-0.029621
-0.029654
-0.029686
-0.029718
-0.029750
-0.029782
-0.029813
-0.029844
-0.029875
-0.029906
-0.029936
-0.029967
-0.029997
-0.030026
-0.030056
-0.030085
-0.030114
-0.030143
-0.030172
-0.030200
-0.030228
-0.030256
-0.030283
-0.030310
-0.030338
-0.030364
-0.030391
-0.030417
-0.030443
-0.030469
-0.030495
-0.030520
-0.030545
-0.030570
-0.030595
-0.030619
-0.030643
-0.030667
-0.030690
-0.030714
-0.030737
-0.030760
-0.030782
-0.030805
-0.030827
-0.030849
-0.030870
-0.030892
-0.030913
-0.030933
-0.030954
-0.030974
-0.030994
-0.031014
-0.031034
-0.031053
-0.031072
-0.031091
-0.031109
-0.031128
-0.031146
-0.031163
-0.031181
-0.031198
-0.031215
-0.031232
-0.031248
-0.031265
-0.031281
-0.031296
-0.031312
-0.031327
-0.031342
-0.031357
-0.031371
-0.031385
-0.031399
-0.031413
-0.031426
-0.031439
-0.031452
-0.031465
-0.031477
-0.031489
-0.031501
-0.031513
-0.031524
-0.031535
-0.031546
-0.031556
-0.031566
-0.031576
-0.031586
-0.031596
-0.031605
-0.031614
-0.031623
-0.031631
-0.031639
-0.031647
-0.031655
-0.031662
-0.031669
-0.031676
-0.031683
-0.031689
-0.031695
-0.031701
-0.031706
-0.031712
-0.031717
-0.031721
-0.031726
-0.031730
-0.031734
-0.031738
-0.031741
-0.031745
-0.031747
-0.031750
-0.031752
-0.031755
-0.031756
-0.031758
-0.031759
-0.031760
-0.031761
-0.031762
-0.031762
-0.031762
-0.031762
-0.031761
-0.031761
-0.031760
-0.031758
-0.031757
-0.031755
-0.031753
-0.031750
-0.031748
-0.031745
-0.031742
-0.031738
-0.031735
-0.031731
-0.031727
-0.031722
-0.031717
-0.031712
-0.031707
-0.031702
-0.031696
-0.031690
-0.031683
-0.031677
-0.031670
-0.031663
-0.031656
-0.031648
-0.031640
-0.031632
-0.031623
-0.031615
-0.031606
-0.031597
-0.031587
-0.031577
-0.031567
-0.031557
-0.031547
-0.031536
-0.031525
-0.031514
-0.031502
-0.031490
-0.031478
-0.031466
-0.031453
-0.031440
-0.031427
-0.031414
-0.031400
-0.031386
-0.031372
-0.031357
-0.031343
-0.031328
-0.031313
-0.031297
-0.031281
-0.031265
-0.031249
-0.031232
-0.031216
-0.031199
-0.031181
-0.031164
-0.031146
-0.031128
-0.031109
-0.031091
-0.031072
-0.031053
-0.031033
-0.031014
-0.030994
-0.030974
-0.030953
-0.030932
-0.030911
-0.030890
-0.030869
-0.030847
-0.030825
-0.030803
-0.030780
-0.030757
-0.030734
-0.030711
-0.030687
-0.030664
-0.030640
-0.030615
-0.030591
-0.030566
-0.030541
-0.030515
-0.030490
-0.030464
-0.030438
-0.030411
-0.030385
-0.030358
-0.030331
-0.030303
-0.030275
-0.030248
-0.030219
-0.030191
-0.030162
-0.030133
-0.030104
-0.030074
-0.030045
-0.030015
-0.029984
-0.029954
-0.029923
-0.029892
-0.029861
-0.029829
-0.029798
-0.029765
-0.029733
-0.029701
-0.029668
-0.029635
-0.029601
-0.029568
-0.029534
-0.029500
-0.029465
-0.029431
-0.029396
-0.029361
-0.029325
-0.029290
-0.029254
-0.029218
-0.029181
-0.029145
-0.029108
-0.029071
-0.029033
-0.028995
-0.028958
-0.028919
-0.028881
-0.028842
-0.028803
-0.028764
-0.028724
-0.028685
-0.028645
-0.028604
-0.028564
-0.028523
-0.028482
-0.028441
-0.028399
-0.028358
-0.028316
-0.028273
-0.028231
-0.028188
-0.028145
-0.028102
-0.028058
-0.028014
-0.027970
-0.027926
-0.027881
-0.027836
-0.027791
-0.027746
-0.027700
-0.027654
-0.027608
-0.027562
-0.027515
-0.027468
-0.027421
-0.027373
-0.027326
-0.027278
-0.027230
-0.027181
-0.027132
-0.027083
-0.027034
-0.026985
-0.026935
-0.026885
-0.026835
-0.026784
-0.026733
-0.026682
-0.026631
-0.026579
-0.026527
-0.026475
-0.026423
-0.026370
-0.026318
-0.026264
-0.026211
-0.026157
-0.026103
-0.026049
-0.025995
-0.025940
-0.025885
-0.025830
-0.025774
-0.025719
-0.025663
-0.025606
-0.025550
-0.025493
-0.025436
-0.025379
-0.025321
-0.025263
-0.025205
-0.025147
-0.025088
-0.025029
-0.024970
-0.024910
-0.024851
-0.024791
-0.024730
-0.024670
-0.024609
-0.024548
-0.024487
-0.024425
-0.024363
-0.024301
-0.024239
-0.024176
-0.024113
-0.024050
-0.023986
-0.023922
-0.023858
-0.023794
-0.023730
-0.023665
-0.023600
-0.023534
-0.023468
-0.023403
-0.023336
-0.023270
-0.023203
-0.023136
-0.023069
-0.023001
-0.022933
-0.022865
-0.022797
-0.022728
-0.022659
-0.022590
-0.022520
-0.022450
-0.022380
-0.022310
-0.022239
-0.022168
-0.022097
-0.022026
-0.021954
-0.021882
-0.021809
-0.021737
-0.021664
-0.021591
-0.021517
-0.021443
-0.021369
-0.021295
-0.021220
-0.021145
-0.021070
-0.020995
-0.020919
-0.020843
-0.020766
-0.020690
-0.020613
-0.020535
-0.020458
-0.020380
-0.020302
-0.020224
-0.020145
-0.020066
-0.019987
-0.019907
-0.019827
-0.019747
-0.019666
-0.019586
-0.019505
-0.019423
-0.019342
-0.019260
-0.019177
-0.019095
-0.019012
-0.018929
-0.018845
-0.018762
-0.018678
-0.018593
-0.018508
-0.018423
-0.018338
-0.018253
-0.018167
-0.018081
-0.017994
-0.017907
-0.017820
-0.017733
-0.017645
-0.017557
-0.017469
-0.017380
-0.017291
-0.017202
-0.017112
-0.017022
-0.016932
-0.016841
-0.016750
-0.016659
-0.016568
-0.016476
-0.016384
-0.016292
-0.016199
-0.016106
-0.016012
-0.015919
-0.015825
-0.015730
-0.015636
-0.015541
-0.015445
-0.015350
-0.015254
-0.015158
-0.015061
-0.014964
-0.014867
-0.014770
-0.014672
-0.014573
-0.014475
-0.014376
-0.014277
-0.014178
-0.014078
-0.013978
-0.013877
-0.013776
-0.013675
-0.013574
-0.013472
-0.013370
-0.013268
-0.013165
-0.013062
-0.012958
-0.012855
-0.012751
-0.012646
-0.012541
-0.012436
-0.012331
-0.012225
-0.012119
-0.012013
-0.011906
-0.011799
-0.011692
-0.011584
-0.011476
-0.011368
-0.011259
-0.011150
-0.011041
-0.010931
-0.010821
-0.010710
-0.010600
-0.010489
-0.010377
-0.010266
-0.010154
-0.010041
-0.009929
-0.009816
-0.009702
-0.009588
-0.009474
-0.009360
-0.009245
-0.009130
-0.009015
-0.008899
-0.008783
-0.008667
-0.008550
-0.008433
-0.008316
-0.008198
-0.008080
-0.007962
-0.007843
-0.007724
-0.007605
-0.007485
-0.007365
-0.007245
-0.007124
-0.007003
-0.006882
-0.006760
-0.006638
-0.006516
-0.006393
-0.006270
-0.006147
-0.006023
-0.005899
-0.005775
-0.005650
-0.005525
-0.005400
-0.005274
-0.005149
-0.005022
-0.004896
-0.004769
-0.004642
-0.004514
-0.004387
-0.004258
-0.004130
-0.004001
-0.003872
-0.003743
-0.003613
-0.003483
-0.003353
-0.003222
-0.003091
-0.002960
-0.002828
-0.002697
-0.002564
-0.002432
-0.002299
-0.002166
-0.002033
-0.001899
-0.001765
-0.001631
-0.001496
-0.001361
-0.001226
-0.001091
-0.000955
-0.000819
-0.000683
-0.000546
-0.000409
-0.000272
-0.000135
0.000003
0.000141
0.000279
0.000418
0.000557
0.000696
0.000835
0.000975
0.001114
0.001255
0.001395
0.001536
0.001677
0.001818
0.001959
0.002101
0.002243
0.002385
0.002528
0.002670
0.002813
0.002956
0.003100
0.003243
0.003387
0.003531
0.003676
0.003820
0.003965
0.004110
0.004255
0.004401
0.004546
0.004692
0.004838
0.004985
0.005131
0.005278
0.005425
0.005572
0.005719
0.005866
0.006014
0.006162
0.006310
0.006458
0.006607
0.006755
0.006904
0.007053
0.007202
0.007351
0.007500
0.007650
0.007800
0.007950
0.008100
0.008250
0.008400
0.008550
0.008701
0.008852
0.009002
0.009153
0.009304
0.009456
0.009607
0.009758
0.009910
0.010061
0.010213
0.010365
0.010517
0.010669
0.010821
0.010973
0.011125
0.011277
0.011430
0.011582
0.011735
0.011887
0.012040
0.012192
0.012345
0.012498
0.012651
0.012803
0.012956
0.013109
0.013262
0.013415
0.013568
0.013721
0.013874
0.014027
0.014179
0.014332
0.014485
0.014638
0.014791
0.014944
0.015097
0.015249
0.015402
0.015555
0.015708
0.015860
0.016013
0.016165
0.016318
0.016470
0.016622
0.016774
0.016926
0.017078
0.017230
0.017382
0.017534
0.017686
0.017837
0.017988
0.018140
0.018291
0.018442
0.018593
0.018743
0.018894
0.019044
0.019195
0.019345
0.019495
0.019645
0.019794
0.019944
0.020093
0.020242
0.020391
0.020539
0.020688
0.020836
0.020984
0.021132
0.021280
0.021427
0.021574
0.021721
0.021868
0.022014
0.022160
0.022306
0.022451
0.022597
0.022742
0.022887
0.023031
0.023175
0.023319
0.023463
0.023606
0.023749
0.023892
0.024034
0.024176
0.024318
0.024459
0.024600
0.024741
0.024881
0.025021
0.025161
0.025300
0.025439
0.025577
0.025715
0.025853
0.025990
0.026127
0.026264
0.026400
0.026536
0.026671
0.026806
0.026940
0.027074
0.027208
0.027341
0.027474
0.027606
0.027738
0.027869
0.028000
0.028130
0.028260
0.028390
0.028519
0.028647
0.028775
0.028903
0.029030
0.029156
0.029282
0.029407
0.029532
0.029657
0.029781
0.029904
0.030027
0.030149
0.030271
0.030392
0.030512
0.030632
0.030752
0.030871
0.030989
0.031107
0.031224
0.031340
0.031456
0.031572
0.031686
0.031800
0.031914
0.032027
0.032139
0.032251
0.032362
0.032472
0.032582
0.032691
0.032800
0.032908
0.033015
0.033122
0.033228
0.033333
0.033438
0.033542
0.033645
0.033747
0.033849
0.033951
0.034051
0.034151
0.034250
0.034349
0.034447
0.034544
0.034640
0.034736
0.034831
0.034925
0.035019
0.035112
0.035204
0.035295
0.035386
0.035476
0.035565
0.035654
0.035741
0.035828
0.035915
0.036000
0.036085
0.036169
0.036252
0.036335
0.036417
0.036498
0.036578
0.036658
0.036736
0.036814
0.036891
0.036968
0.037044
0.037118
0.037193
0.037266
0.037338
0.037410
0.037481
0.037551
0.037621
0.037690
0.037757
0.037824
0.037891
0.037956
0.038021
0.038085
0.038148
0.038210
0.038272
0.038332
0.038392
0.038451
0.038509
0.038567
0.038624
0.038680
0.038735
0.038789
0.038842
0.038895
0.038947
0.038998
0.039048
0.039097
0.039146
0.039194
0.039241
0.039287
0.039332
0.039377
0.039421
0.039464
0.039506
0.039547
0.039588
0.039627
0.039666
0.039704
0.039741
0.039778
0.039814
0.039848
0.039882
0.039916
0.039948
0.039980
0.040010
0.040040
0.040070
0.040098
0.040126
0.040153
0.040179
0.040204
0.040228
0.040252
0.040275
0.040297
0.040318
0.040338
0.040358
0.040377
0.040395
0.040412
0.040429
0.040444
0.040459
0.040473
0.040487
0.040499
0.040511
0.040522
0.040533
0.040542
0.040551
0.040559
0.040566
0.040573
0.040578
0.040583
0.040587
0.040591
0.040594
0.040595
0.040597
0.040597
0.040597
0.040596
0.040594
0.040591
0.040588
0.040584
0.040580
0.040574
0.040568
0.040561
0.040553
0.040545
0.040536
0.040526
0.040516
0.040505
0.040493
0.040480
0.040467
0.040453
0.040439
0.040423
0.040407
0.040391
0.040373
0.040355
0.040336
0.040317
0.040297
0.040276
0.040255
0.040233
0.040210
0.040187
0.040163
0.040138
0.040113
0.040087
0.040060
0.040033
0.040005
0.039977
0.039948
0.039918
0.039888
0.039857
0.039825
0.039793
0.039760
0.039727
0.039693
0.039659
0.039623
0.039588
0.039551
0.039515
0.039477
0.039439
0.039400
0.039361
0.039322
0.039281
0.039240
0.039199
0.039157
0.039115
0.039072
0.039028
0.038984
0.038939
0.038894
0.038849
0.038802
0.038756
0.038708
0.038661
0.038612
0.038564
0.038514
0.038465
0.038415
0.038364
0.038313
0.038261
0.038209
0.038156
0.038103
0.038050
0.037996
0.037941
0.037886
0.037831
0.037775
0.037719
0.037662
0.037605
0.037547
0.037489
0.037431
0.037372
0.037313
0.037253
0.037193
0.037133
0.037072
0.037010
0.036949
0.036887
0.036824
0.036761
0.036698
0.036634
0.036570
0.036506
0.036441
0.036376
0.036311
0.036245
0.036179
0.036112
0.036045
0.035978
0.035911
0.035843
0.035775
0.035706
0.035637
0.035568
0.035498
0.035429
0.035358
0.035288
0.035217
0.035146
0.035075
0.035003
0.034931
0.034859
0.034786
0.034713
0.034640
0.034567
0.034493
0.034419
0.034345
0.034271
0.034196
0.034121
0.034046
0.033970
0.033895
0.033819
0.033742
0.033666
0.033589
0.033512
0.033435
0.033358
0.033280
0.033202
0.033124
0.033046
0.032968
0.032889
0.032810
0.032731
0.032652
0.032572
0.032492
0.032413
0.032333
0.032252
0.032172
0.032091
0.032010
0.031929
0.031848
0.031767
0.031685
0.031604
0.031522
0.031440
0.031358
0.031276
0.031193
0.031111
0.031028
0.030945
0.030862
0.030779
0.030695
0.030612
0.030528
0.030445
0.030361
0.030277
0.030193
0.030109
0.030024
0.029940
0.029855
0.029771
0.029686
0.029601
0.029516
0.029431
0.029346
0.029261
0.029175
0.029090
0.029004
0.028918
0.028833
0.028747
0.028661
0.028575
0.028489
0.028403
0.028316
0.028230
0.028144
0.028057
0.027971
0.027884
0.027798
0.027711
0.027624
0.027537
0.027450
0.027363
0.027276
0.027189
0.027102
0.027015
0.026928
0.026841
0.026753
0.026666
0.026579
0.026491
0.026404
0.026316
0.026229
0.026141
0.026054
0.025966
0.025878
0.025791
0.025703
0.025615
0.025527
0.025440
0.025352
0.025264
0.025176
0.025088
0.025001
0.024913
0.024825
0.024737
0.024649
0.024561
0.024473
0.024385
0.024297
0.024209
0.024121
0.024034
0.023946
0.023858
0.023770
0.023682
0.023594
0.023506
0.023418
0.023330
0.023242
0.023154
0.023066
0.022978
0.022891
0.022803
0.022715
0.022627
0.022539
0.022452
0.022364
0.022276
0.022188
0.022101
0.022013
0.021925
0.021838
0.021750
0.021662
0.021575
0.021487
0.021400
0.021312
0.021225
0.021137
0.021050
0.020962
0.020875
0.020788
0.020700
0.020613
0.020526
0.020439
0.020352
0.020264
0.020177
0.020090
0.020003
0.019916
0.019829
0.019742
0.019656
0.019569
0.019482
0.019395
0.019309
0.019222
0.019135
0.019049
0.018962
0.018876
0.018789
0.018703
0.018616
0.018530
0.018444
0.018357
0.018271
0.018185
0.018099
0.018013
0.017927
0.017841
0.017755
0.017669
0.017583
0.017498
0.017412
0.017326
0.017240
0.017155
0.017069
0.016984
0.016898
0.016813
0.016728
0.016642
0.016557
0.016472
0.016387
0.016302
0.016217
0.016132
0.016047
0.015962
0.015877
0.015792
0.015707
0.015623
0.015538
0.015453
0.015369
0.015284
0.015200
0.015116
0.015031
0.014947
0.014863
0.014779
0.014694
0.014610
0.014526
0.014442
0.014358
0.014274
0.014191
0.014107
0.014023
0.013940
0.013856
0.013772
0.013689
0.013605
0.013522
0.013439
0.013355
0.013272
0.013189
0.013106
0.013022
0.012939
0.012856
0.012773
0.012691
0.012608
0.012525
0.012442
0.012359
0.012277
0.012194
0.012112
0.012029
0.011947
0.011864
0.011782
0.011699
0.011617
0.011535
0.011453
0.011371
0.011289
0.011206
0.011125
0.011043
0.010961
0.010879
0.010797
0.010715
0.010634
0.010552
0.010470
0.010389
0.010307
0.010226
0.010144
0.010063
0.009981
0.009900
0.009819
0.009738
0.009656
0.009575
0.009494
0.009413
0.009332
0.009251
0.009170
0.009089
0.009009
0.008928
0.008847
0.008766
0.008686
0.008605
0.008524
0.008444
0.008363
0.008283
0.008202
0.008122
0.008042
0.007961
0.007881
0.007801
0.007720
0.007640
0.007560
0.007480
0.007400
0.007320
0.007240
0.007160
0.007080
0.007000
0.006920
0.006840
0.006761
0.006681
0.006601
0.006521
0.006442
0.006362
0.006283
0.006203
0.006124
0.006044
0.005965
0.005885
0.005806
0.005726
0.005647
0.005568
0.005488
0.005409
0.005330
0.005251
0.005172
0.005092
0.005013
0.004934
0.004855
0.004776
0.004697
0.004618
0.004539
0.004460
0.004381
0.004723
0.004891
0.004908
0.004790
0.004557
0.004223
0.003801
0.003304
0.002743
0.002128
0.001467
0.000769
0.000040
-0.000713
-0.001485
-0.002270
-0.003065
-0.003865
-0.004666
-0.005466
-0.006263
-0.007052
-0.007834
-0.008604
-0.009363
-0.010109
-0.010839
-0.011554
-0.012253
-0.012934
-0.013597
-0.014242
-0.014868
-0.015475
-0.016063
-0.016631
-0.017179
-0.017708
-0.018217
-0.018706
-0.019176
-0.019626
-0.020057
-0.020469
-0.020862
-0.021237
-0.021593
-0.021931
-0.022251
-0.022554
-0.022839
-0.023108
-0.023360
-0.023596
-0.023815
-0.024020
-0.024209
-0.024383
-0.024542
-0.024688
-0.024819
-0.024937
-0.025042
-0.025134
-0.025213
-0.025281
-0.025336
-0.025380
-0.025413
-0.025435
-0.025446
-0.025448
-0.025439
-0.025421
-0.025394
-0.025358
-0.025313
-0.025260
-0.025198
-0.025129
-0.025053
-0.024969
-0.024878
-0.024781
-0.024678
-0.024568
-0.024452
-0.024331
-0.024204
-0.024072
-0.023936
-0.023795
-0.023649
-0.023499
-0.023345
-0.023187
-0.023026
-0.022862
-0.022694
-0.022523
-0.022350
-0.022174
-0.021995
-0.021815
-0.021632
-0.021448
-0.021262
-0.021074
-0.020885
-0.020695
-0.020504
-0.020312
-0.020119
-0.019926
-0.019732
-0.019538
-0.019344
-0.019149
-0.018955
-0.018761
-0.018567
-0.018373
-0.018180
-0.017988
-0.017797
-0.017606
-0.017416
-0.017227
-0.017039
-0.016853
-0.016668
-0.016484
-0.016301
-0.016120
-0.015941
-0.015763
-0.015588
-0.015413
-0.015241
-0.015071
-0.014903
-0.014736
-0.014572
-0.014410
-0.014250
-0.014093
-0.013937
-0.013784
-0.013633
-0.013485
-0.013339
-0.013196
-0.013055
-0.012917
-0.012781
-0.012648
-0.012517
-0.012389
-0.012264
-0.012141
-0.012021
-0.011904
-0.011789
-0.011677
-0.011568
-0.011461
-0.011358
-0.011257
-0.011159
-0.011063
-0.010970
-0.010880
-0.010793
-0.010709
-0.010627
-0.010548
-0.010472
-0.010399
-0.010328
-0.010260
-0.010194
-0.010132
-0.010072
-0.010015
-0.009960
-0.009908
-0.009859
-0.009812
-0.009768
-0.009727
-0.009688
-0.009651
-0.009617
-0.009586
-0.009557
-0.009531
-0.009507
-0.009485
-0.009466
-0.009449
-0.009435
-0.009423
-0.009413
-0.009405
-0.009400
-0.009397
-0.009396
-0.009398
-0.009401
-0.009407
-0.009415
-0.009424
-0.009436
-0.009450
-0.009466
-0.009484
-0.009504
-0.009525
-0.009549
-0.009574
-0.009601
-0.009630
-0.009661
-0.009694
-0.009728
-0.009764
-0.009801
-0.009840
-0.009881
-0.009923
-0.009967
-0.010013
-0.010059
-0.010108
-0.010157
-0.010208
-0.010261
-0.010315
-0.010370
-0.010426
-0.010484
-0.010542
-0.010602
-0.010664
-0.010726
-0.010789
-0.010854
-0.010919
-0.010986
-0.011054
-0.011122
-0.011192
-0.011262
-0.011334
-0.011406
-0.011479
-0.011553
-0.011628
-0.011704
-0.011780
-0.011857
-0.011935
-0.012013
-0.012092
-0.012172
-0.012252
-0.012333
-0.012415
-0.012497
-0.012580
-0.012663
-0.012747
-0.012831
-0.012915
-0.013000
-0.013086
-0.013171
-0.013258
-0.013344
-0.013431
-0.013518
-0.013606
-0.013694
-0.013782
-0.013870
-0.013958
-0.014047
-0.014136
-0.014225
-0.014314
-0.014404
-0.014493
-0.014583
-0.014673
-0.014763
-0.014853
-0.014943
-0.015033
-0.015123
-0.015213
-0.015303
-0.015393
-0.015484
-0.015574
-0.015664
-0.015754
-0.015844
-0.015934
-0.016023
-0.016113
-0.016203
-0.016292
-0.016382
-0.016471
-0.016560
-0.016649
-0.016738
-0.016826
-0.016915
-0.017003
-0.017091
-0.017179
-0.017267
-0.017354
-0.017442
-0.017529
-0.017615
-0.017702
-0.017788
-0.017874
-0.017960
-0.018046
-0.018131
-0.018216
-0.018300
-0.018385
-0.018469
-0.018553
-0.018636
-0.018720
-0.018802
-0.018885
-0.018967
-0.019049
-0.019131
-0.019212
-0.019293
-0.019374
-0.019454
-0.019534
-0.019614
-0.019693
-0.019772
-0.019851
-0.019929
-0.020007
-0.020084
-0.020162
-0.020238
-0.020315
-0.020391
-0.020467
-0.020542
-0.020617
-0.020692
-0.020766
-0.020840
-0.020914
-0.020987
-0.021060
-0.021132
-0.021205
-0.021276
-0.021348
-0.021419
-0.021489
-0.021560
-0.021630
-0.021699
-0.021768
-0.021837
-0.021906
-0.021974
-0.022041
-0.022109
-0.022176
-0.022242
-0.022309
-0.022375
-0.022440
-0.022505
-0.022570
-0.022635
-0.022699
-0.022762
-0.022826
-0.022889
-0.022952
-0.023014
-0.023076
-0.023138
-0.023199
-0.023260
-0.023320
-0.023381
-0.023441
-0.023500
-0.023559
-0.023618
-0.023677
-0.023735
-0.023793
-0.023851
-0.023908
-0.023965
-0.024021
-0.024078
-0.024134
-0.024189
-0.024244
-0.024299
-0.024354
-0.024408
-0.024462
-0.024516
-0.024570
-0.024623
-0.024675
-0.024728
-0.024780
-0.024832
-0.024884
-0.024935
-0.024986
-0.025036
-0.025087
-0.025137
-0.025187
-0.025236
-0.025285
-0.025334
-0.025383
-0.025431
-0.025479
-0.025527
-0.025575
-0.025622
-0.025669
-0.025716
-0.025762
-0.025808
-0.025854
-0.025900
-0.025945
-0.025990
-0.026035
-0.026079
-0.026123
-0.026167
-0.026211
-0.026255
-0.026298
-0.026341
-0.026384
-0.026426
-0.026468
-0.026510
-0.026552
-0.026593
-0.026634
-0.026675
-0.026716
-0.026756
-0.026797
-0.026837
-0.026876
-0.026916
-0.026955
-0.026994
-0.027033
-0.027071
-0.027109
-0.027147
-0.027185
-0.027223
-0.027260
-0.027297
-0.027334
-0.027371
-0.027407
-0.027443
-0.027479
-0.027515
-0.027550
-0.027585
-0.027620
-0.027655
-0.027690
-0.027724
-0.027758
-0.027792
-0.027826
-0.027859
-0.027892
-0.027925
-0.027958
-0.027990
-0.028023
-0.028055
-0.028087
-0.028118
-0.028150
-0.028181
-0.028212
-0.028242
-0.028273
-0.028303
-0.028333
-0.028363
-0.028393
-0.028422
-0.028451
-0.028480
-0.028509
-0.028538
-0.028566
-0.028594
-0.028622
-0.028650
-0.028677
-0.028704
-0.028731
-0.028758
-0.028785
-0.028811
-0.028837
-0.028863
-0.028889
-0.028914
-0.028939
-0.028965
-0.028989
-0.029014
-0.029038
-0.029062
-0.029086
-0.029110
-0.029134
-0.029157
-0.029180
-0.029203
-0.029225
-0.029248
-0.029270
-0.029292
-0.029314
-0.029335
-0.029357
-0.029378
-0.029399
-0.029419
-0.029440
-0.029460
-0.029480
-0.029499
-0.029519
-0.029538
-0.029557
-0.029576
-0.029595
-0.029613
-0.029632
-0.029649
-0.029667
-0.029685
-0.029702
-0.029719
-0.029736
-0.029753
-0.029769
-0.029785
-0.029801
-0.029817
-0.029832
-0.029847
-0.029863
-0.029877
-0.029892
-0.029906
-0.029920
-0.029934
-0.029948
-0.029961
-0.029974
-0.029987
-0.030000
-0.030013
-0.030025
-0.030037
-0.030049
-0.030060
-0.030072
-0.030083
-0.030094
-0.030104
-0.030115
-0.030125
-0.030135
-0.030145
-0.030154
-0.030163
-0.030172
-0.030181
-0.030190
-0.030198
-0.030206
-0.030214
-0.030221
-0.030229
-0.030236
-0.030243
-0.030249
-0.030256
-0.030262
-0.030268
-0.030274
-0.030279
-0.030284
-0.030289
-0.030294
-0.030298
-0.030303
-0.030307
-0.030310
-0.030314
-0.030317
-0.030320
-0.030323
-0.030326
-0.030328
-0.030330
-0.030332
-0.030333
-0.030335
-0.030336
-0.030337
-0.030337
-0.030338
-0.030338
-0.030338
-0.030337
-0.030337
-0.030336
-0.030335
-0.030333
-0.030332
-0.030330
-0.030328
-0.030325
-0.030323
-0.030320
-0.030317
-0.030314
-0.030310
-0.030306
-0.030302
-0.030298
-0.030293
-0.030288
-0.030283
-0.030278
-0.030272
-0.030267
-0.030261
-0.030254
-0.030248
-0.030241
-0.030234
-0.030226
-0.030219
-0.030211
-0.030203
-0.030195
-0.030186
-0.030177
-0.030168
-0.030159
-0.030149
-0.030140
-0.030130
-0.030119
-0.030109
-0.030098
-0.030087
-0.030075
-0.030064
-0.030052
-0.030040
-0.030028
-0.030015
-0.030002
-0.029989
-0.029976
-0.029962
-0.029948
-0.029934
-0.029920
-0.029905
-0.029890
-0.029875
-0.029860
-0.029844
-0.029828
-0.029812
-0.029796
-0.029779
-0.029762
-0.029745
-0.029728
-0.029710
-0.029692
-0.029674
-0.029656
-0.029637
-0.029618
-0.029599
-0.029580
-0.029560
-0.029540
-0.029520
-0.029499
-0.029479
-0.029458
-0.029436
-0.029415
-0.029393
-0.029371
-0.029349
-0.029327
-0.029304
-0.029281
-0.029258
-0.029234
-0.029210
-0.029186
-0.029162
-0.029138
-0.029113
-0.029088
-0.029062
-0.029037
-0.029011
-0.028985
-0.028959
-0.028932
-0.028905
-0.028878
-0.028851
-0.028823
-0.028796
-0.028767
-0.028739
-0.028710
-0.028682
-0.028652
-0.028623
-0.028593
-0.028563
-0.028533
-0.028503
-0.028472
-0.028441
-0.028410
-0.028379
-0.028347
-0.028315
-0.028283
-0.028250
-0.028218
-0.028185
-0.028151
-0.028118
-0.028084
-0.028050
-0.028016
-0.027981
-0.027947
-0.027911
-0.027876
-0.027841
-0.027805
-0.027769
-0.027732
-0.027696
-0.027659
-0.027622
-0.027584
-0.027547
-0.027509
-0.027471
-0.027432
-0.027394
-0.027355
-0.027315
-0.027276
-0.027236
-0.027196
-0.027156
-0.027116
-0.027075
-0.027034
-0.026992
-0.026951
-0.026909
-0.026867
-0.026825
-0.026782
-0.026739
-0.026696
-0.026653
-0.026609
-0.026565
-0.026521
-0.026477
-0.026432
-0.026387
-0.026342
-0.026296
-0.026251
-0.026204
-0.026158
-0.026112
-0.026065
-0.026018
-0.025970
-0.025923
-0.025875
-0.025827
-0.025778
-0.025730
-0.025681
-0.025632
-0.025582
-0.025533
-0.025483
-0.025432
-0.025382
-0.025331
-0.025280
-0.025229
-0.025177
-0.025125
-0.025073
-0.025021
-0.024968
-0.024915
-0.024862
-0.024808
-0.024754
-0.024700
-0.024646
-0.024592
-0.024537
-0.024482
-0.024426
-0.024371
-0.024315
-0.024258
-0.024202
-0.024145
-0.024088
-0.024031
-0.023973
-0.023915
-0.023857
-0.023799
-0.023740
-0.023681
-0.023622
-0.023563
-0.023503
-0.023443
-0.023382
-0.023322
-0.023261
-0.023200
-0.023138
-0.023077
-0.023015
-0.022952
-0.022890
-0.022827
-0.022764
-0.022700
-0.022637
-0.022573
-0.022509
-0.022444
-0.022379
-0.022314
-0.022249
-0.022183
-0.022117
-0.022051
-0.021984
-0.021918
-0.021850
-0.021783
-0.021715
-0.021647
-0.021579
-0.021511
-0.021442
-0.021373
-0.021303
-0.021234
-0.021164
-0.021094
-0.021023
-0.020952
-0.020881
-0.020810
-0.020738
-0.020666
-0.020594
-0.020521
-0.020448
-0.020375
-0.020302
-0.020228
-0.020154
-0.020079
-0.020005
-0.019930
-0.019855
-0.019779
-0.019703
-0.019627
-0.019551
-0.019474
-0.019397
-0.019319
-0.019242
-0.019164
-0.019086
-0.019007
-0.018928
-0.018849
-0.018770
-0.018690
-0.018610
-0.018530
-0.018449
-0.018368
-0.018287
-0.018205
-0.018123
-0.018041
-0.017959
-0.017876
-0.017793
-0.017710
-0.017626
-0.017542
-0.017458
-0.017373
-0.017288
-0.017203
-0.017117
-0.017031
-0.016945
-0.016859
-0.016772
-0.016685
-0.016597
-0.016510
-0.016422
-0.016333
-0.016245
-0.016156
-0.016066
-0.015977
-0.015887
-0.015797
-0.015706
-0.015615
-0.015524
-0.015432
-0.012476
-0.012736
-0.012957
-0.013145
-0.013302
-0.013432
-0.013537
-0.013620
-0.013683
-0.010864
-0.011246
-0.011576
-0.011860
-0.012101
-0.012306
-0.012477
-0.009753
-0.010219
-0.010624
-0.010973
-0.011273
-0.011529
-0.008879
-0.009411
-0.009874
-0.010275
-0.010620
-0.008049
-0.008652
-0.009177
-0.009632
-0.010025
-0.007496
-0.008135
-0.008693
-0.009176
-0.006727
-0.007438
-0.008058
-0.008597
-0.006197
-0.006951
-0.007609
-0.008181
-0.005810
-0.006589
-0.007269
-0.007861
-0.005505
-0.006298
-0.006991
-0.007592
-0.005245
-0.006045
-0.006743
-0.004481
-0.005357
-0.006122
-0.006787
-0.004495
-0.005345
-0.006085
-0.003860
-0.004768
-0.005560
-0.006249
-0.003977
-0.004843
-0.005598
-0.003383
-0.004301
-0.005101
-0.005795
-0.003526
-0.004395
-0.005150
-0.002936
-0.003853
-0.004651
-0.002474
-0.003424
-0.004251
-0.004968
-0.002719
-0.003603
-0.004372
-0.002167
-0.003092
-0.003896
-0.004592
-0.002322
-0.003188
-0.003939
-0.001717
-0.002626
-0.003416
-0.004098
-0.001814
-0.002668
-0.003407
-0.001174
-0.002073
-0.002852
-0.003524
-0.001231
-0.002076
-0.002806
-0.003435
-0.001102
-0.001912
-0.002610
-0.003210
-0.000851
-0.001637
-0.002314
-0.002895
-0.000519
-0.001289
-0.001952
-0.002520
-0.000132
-0.000891
-0.001545
-0.002104
-0.002578
-0.000106
-0.000790
-0.001377
-0.001876
-0.002296
0.000224
-0.000418
-0.000966
-0.001430
-0.001820
-0.002143
0.000465
-0.000099
-0.000578
-0.000980
-0.001314
-0.001588
-0.001808
0.000892
0.000411
0.000006
-0.000331
-0.000607
-0.000829
-0.001003
-0.001133
-0.001225
-0.001282
-0.001309
-0.001309
-0.001284
-0.001238
-0.001173
-0.001091
-0.000994
-0.000884
-0.000762
-0.000629
-0.000487
-0.000338
-0.000181
-0.000018
0.000151
0.000324
0.000501
0.000682
0.000866
0.001053
0.001242
0.001432
0.001625
0.001819
0.002013
0.002209
0.002405
0.002602
0.002799
0.002997
0.003194
0.003392
0.003589
0.003786
0.003983
0.004180
0.004376
0.004572
0.004767
0.004962
0.005157
0.005351
0.005544
0.005737
0.005929
0.006120
0.006311
0.006501
0.006691
0.006880
0.007068
0.007256
0.007443
0.007630
0.007815
0.008000
0.008185
0.008369
0.008552
0.008735
0.008917
0.009098
0.009279
0.009459
0.009639
0.009818
0.009996
0.010174
0.010351
0.010528
0.010704
0.010879
0.011054
0.011229
0.011402
0.011576
0.011748
0.011921
0.012092
0.012264
0.012434
0.012604
0.012774
0.012943
0.013112
0.013280
0.013448
0.013615
0.013781
0.013948
0.014113
0.014278
0.014443
0.014607
0.014771
0.014934
0.015097
0.015260
0.015422
0.015583
0.015744
0.015905
0.016065
0.016224
0.016383
0.016542
0.016700
0.016858
0.017016
0.017173
0.017329
0.017485
0.017641
0.017796
0.017950
0.018105
0.018258
0.018412
0.018565
0.018717
0.018869
0.019021
0.019172
0.019323
0.019473
0.019623
0.019772
0.019921
0.020069
0.020217
0.020365
0.020512
0.020658
0.020804
0.020950
0.021095
0.021240
0.021384
0.021528
0.021672
0.021815
0.021957
0.022099
0.022241
0.022382
0.022522
0.022662
0.022802
0.022941
0.023080
0.023218
0.023355
0.023493
0.023629
0.023765
0.023901
0.024036
0.024171
0.024305
0.024439
0.024572
0.024705
0.024837
0.024969
0.025100
0.025230
0.025360
0.025490
0.025619
0.025747
0.025875
0.026003
0.026130
0.026256
0.026382
0.026507
0.026632
0.026756
0.026880
0.027003
0.027125
0.027247
0.027369
0.027489
0.027610
0.027729
0.027848
0.027967
0.028085
0.028202
0.028319
0.028435
0.028551
0.028666
0.028780
0.028894
0.029007
0.029120
0.029232
0.029343
0.029454
0.029564
0.029674
0.029783
0.029891
0.029998
0.030106
0.030212
0.030318
0.030423
0.030527
0.030631
0.030734
0.030837
0.030939
0.031040
0.031141
0.031241
0.031340
0.031439
0.031537
0.031634
0.031731
0.031827
0.031922
0.032017
0.032111
0.032204
0.032296
0.032388
0.032480
0.032570
0.032660
0.032749
0.032838
0.032926
0.033013
0.033099
0.033185
0.033270
0.033354
0.033438
0.033521
0.033603
0.033684
0.033765
0.033845
0.033924
0.034003
0.034081
0.034158
0.034234
0.034310
0.034385
0.034459
0.034533
0.034606
0.034678
0.034749
0.034820
0.034890
0.034959
0.035028
0.035095
0.035162
0.035228
0.035294
0.035359
0.035423
0.035486
0.035549
0.035610
0.035671
0.035732
0.035791
0.035850
0.035908
0.035966
0.036022
0.036078
0.036133
0.036187
0.036241
0.036294
0.036346
0.036397
0.036448
0.036498
0.036547
0.036595
0.036643
0.036690
0.036736
0.036781
0.036826
0.036870
0.036913
0.036955
0.036997
0.037038
0.037078
0.037117
0.037156
0.037194
0.037231
0.037267
0.037303
0.037338
0.037372
0.037406
0.037438
0.037470
0.037502
0.037532
0.037562
0.037591
0.037619
0.037647
0.037673
0.037700
0.037725
0.037750
0.037773
0.037797
0.037819
0.037841
0.037862
0.037882
0.037901
0.037920
0.037938
0.037956
0.037972
0.037988
0.038004
0.038018
0.038032
0.038045
0.038057
0.038069
0.038080
0.038090
0.038100
0.038109
0.038117
0.038125
0.038131
0.038138
0.038143
0.038148
0.038152
0.038155
0.038158
0.038160
0.038161
0.038162
0.038162
0.038161
0.038160
0.038158
0.038155
0.038152
0.038148
0.038143
0.038138
0.038132
0.038126
0.038118
0.038111
0.038102
0.038093
0.038083
0.038073
0.038062
0.038050
0.038038
0.038025
0.038011
0.037997
0.037982
0.037967
0.037951
0.037934
0.037917
0.037899
0.037881
0.037862
0.037842
0.037822
0.037801
0.037779
0.037758
0.037735
0.037712
0.037688
0.037664
0.037639
0.037614
0.037588
0.037561
0.037534
0.037506
0.037478
0.037449
0.037420
0.037390
0.037360
0.037329
0.037298
0.037266
0.037233
0.037200
0.037167
0.037133
0.037098
0.037063
0.037027
0.036991
0.036955
0.036918
0.036880
0.036842
0.036804
0.036765
0.036725
0.036685
0.036644
0.036604
0.036562
0.036520
0.036478
0.036435
0.036392
0.036348
0.036304
0.036259
0.036214
0.036169
0.036123
0.036076
0.036029
0.035982
0.035934
0.035886
0.035838
0.035789
0.035740
0.035690
0.035640
0.035589
0.035538
0.035487
0.035435
0.035383
0.035330
0.035277
0.035224
0.035170
0.035116
0.035062
0.035007
0.034952
0.034896
0.034840
0.034784
0.034727
0.034670
0.034613
0.034555
0.034497
0.034439
0.034380
0.034321
0.034262
0.034202
0.034142
0.034082
0.034021
0.033960
0.033899
0.033837
0.033776
0.033713
0.033651
0.033588
0.033525
0.033462
0.033398
0.033334
0.033270
0.033205
0.033140
0.033075
0.033010
0.032944
0.032879
0.032812
0.032746
0.032679
0.032612
0.032545
0.032478
0.032410
0.032342
0.032274
0.032206
0.032137
0.032068
0.031999
0.031930
0.031860
0.031791
0.031721
0.031650
0.031580
0.031509
0.031438
0.031367
0.031296
0.031225
0.031153
0.031081
0.031009
0.030937
0.030864
0.030792
0.030719
0.030646
0.030573
0.030500
0.030426
0.030352
0.030278
0.030204
0.030130
0.030056
0.029981
0.029907
0.029832
0.029757
0.029682
0.029606
0.029531
0.029455
0.029379
0.029304
0.029228
0.029151
0.029075
0.028999
0.028922
0.028845
0.028768
0.028692
0.028614
0.028537
0.028460
0.028383
0.028305
0.028227
0.028150
0.028072
0.027994
0.027916
0.027837
0.027759
0.027681
0.027602
0.027523
0.027445
0.027366
0.027287
0.027208
0.027129
0.027050
0.026971
0.026891
0.026812
0.026733
0.026653
0.026573
0.026494
0.026414
0.026334
0.026254
0.026174
0.026094
0.026014
0.025934
0.025853
0.025773
0.025693
0.025612
0.025532
0.025451
0.025371
0.025290
0.025209
0.025129
0.025048
0.024967
0.024886
0.024805
0.024724
0.024643
0.024562
0.024481
0.024400
0.024319
0.024238
0.024156
0.024075
0.023994
0.023913
0.023831
0.023750
0.023668
0.023587
0.023506
0.023424
0.023343
0.023261
0.023179
0.023098
0.023016
0.022935
0.022853
0.022771
0.022690
0.022608
0.022527
0.022445
0.022363
0.022281
0.022200
0.022118
0.022036
0.021955
0.021873
0.021791
0.021709
0.021628
0.021546
0.021464
0.021382
0.021301
0.021219
0.021137
0.021056
0.020974
0.020892
0.020810
0.020729
0.020647
0.020565
0.020484
0.020402
0.020320
0.020239
0.020157
0.020075
0.019994
0.019912
0.019831
0.019749
0.019668
0.019586
0.019504
0.019423
0.019341
0.019260
0.019179
0.019097
0.019016
0.018934
0.018853
0.018772
0.018690
0.018609
0.018528
0.018446
0.018365
0.018284
0.018203
0.018122
0.018040
0.017959
0.017878
0.017797
0.017716
0.017635
0.017554
0.017473
0.017392
0.017311
0.017230
0.017150
0.017069
0.016988
0.016907
0.016827
0.016746
0.016665
0.016585
0.016504
0.016423
0.016343
0.016262
0.016182
0.016101
0.016021
0.015941
0.015860
0.015780
0.015700
0.015619
0.015539
0.015459
0.015379
0.015299
0.015219
0.015139
0.015059
0.014979
0.014899
0.014819
0.014739
0.014659
0.014579
0.014500
0.014420
0.014340
0.014261
0.014181
0.014101
0.014022
0.013942
0.013863
0.013783
0.013704
0.013625
0.013545
0.013466
0.013387
0.013308
0.013229
0.013149
0.013070
0.012991
0.012912
0.012833
0.012754
0.012675
0.012596
0.012518
0.012439
0.012360
0.012281
0.012203
0.012124
0.012045
0.011967
0.011888
0.011810
0.011731
0.011653
0.011574
0.011496
0.011418
0.011339
0.011261
0.011183
0.011105
0.011026
0.010948
0.010870
0.010792
0.010714
0.010636
0.010558
0.010480
0.010402
0.010325
0.010247
0.010169
0.010091
0.010013
0.009936
0.009858
0.009781
0.009703
0.009625
0.009548
0.009470
0.009393
0.009316
0.009238
0.009161
0.009084
0.009006
0.008929
0.008852
0.008775
0.008698
0.008620
0.008543
0.008466
0.008389
0.008312
0.008235
0.008158
0.008081
0.008005
0.007928
0.007851
0.007774
0.007697
0.007621
0.007544
0.007467
0.007391
0.007314
0.007238
0.007161
0.007085
0.007008
0.006932
0.006855
0.006779
0.006702
0.006626
0.006550
0.006473
0.006397
0.006321
0.006245
0.006169
0.006092
0.006016
0.005940
0.005864
0.005788
0.005712
0.005636
0.005560
0.005484
0.005408
0.005332
0.005256
0.005180
0.005105
0.005029
0.004953
0.004877
0.004801
0.004726
0.004650
0.004574
0.004499
0.004423
0.004348
0.004272
0.004196
0.004121
0.004045
0.003970
0.003894
0.003819
0.003743
0.003668
0.003593
0.003517
0.003442
0.003367
0.003291
0.003216
0.003141
0.003066
0.002990
0.002915
0.002840
0.002765
0.002690
0.002614
0.002539
0.002464
0.002389
0.002314
0.002239
0.002164
0.002089
0.002014
0.001939
0.001864
0.001789
0.001714
0.001639
0.001565
0.001490
0.001415
0.001340
0.001265
0.001190
0.001116
0.001041
0.000966
0.000891
0.000817
0.000742
0.000667
0.000593
0.000518
0.000443
0.000369
0.000294
0.000220
0.000145
0.000070
-0.000004
-0.000079
-0.000153
-0.000228
-0.000302
-0.000377
-0.000451
-0.000525
-0.000600
-0.000674
-0.000749
-0.000823
-0.000897
-0.000972
-0.001046
-0.001120
-0.001195
-0.001269
-0.001343
-0.001418
-0.001492
-0.001566
-0.001640
-0.001714
-0.001789
-0.001863
-0.001937
-0.002011
-0.002085
-0.002159
-0.002233
-0.002307
-0.002381
-0.002456
-0.002530
-0.002604
-0.002678
-0.002752
-0.002826
-0.002900
-0.002973
-0.003047
-0.003121
-0.003195
-0.003269
-0.003343
-0.003417
-0.003491
-0.003564
-0.003638
-0.003712
-0.003786
-0.003860
-0.003933
-0.004007
-0.004081
-0.004154
-0.004228
-0.004302
-0.004375
-0.004449
-0.004523
-0.004596
-0.004670
-0.004743
-0.004817
-0.004890
-0.004964
-0.005037
-0.005111
-0.005184
-0.005258
-0.005331
-0.005405
-0.005478
-0.005551
-0.005625
-0.005698
-0.005771
-0.005845
-0.005918
-0.005991
-0.006064
-0.006137
-0.006211
-0.006284
-0.006357
-0.006430
-0.006503
-0.006576
-0.006649
-0.006722
-0.006795
-0.006868
-0.006941
-0.007014
-0.007087
-0.007160
-0.007233
-0.007306
-0.007379
-0.007451
-0.007524
-0.007597
-0.007670
-0.007742
-0.007815
-0.007888
-0.007960
-0.008033
-0.008105
-0.008178
-0.008251
-0.008323
-0.008395
-0.008468
-0.008540
-0.008613
-0.008685
-0.008757
-0.008830
-0.008902
-0.008974
-0.009046
-0.009119
-0.009191
-0.009263
-0.009335
-0.009407
-0.009479
-0.009551
-0.009623
-0.009695
-0.009767
-0.009838
-0.009910
-0.009982
-0.010054
-0.010125
-0.010197
-0.010269
-0.010340
-0.010412
-0.010483
-0.010555
-0.010626
-0.010698
-0.010769
-0.010840
-0.010912
-0.010983
-0.011054
-0.011125
-0.011196
-0.011267
-0.011338
-0.011409
-0.011480
-0.011551
-0.011622
-0.011693
-0.011764
-0.011834
-0.011905
-0.011976
-0.012046
-0.012117
-0.012187
-0.012258
-0.012328
-0.012399
-0.012469
-0.012539
-0.012609
-0.012679
-0.012749
-0.012820
-0.012889
-0.012959
-0.013029
-0.013099
-0.013169
-0.013239
-0.013308
-0.013378
-0.013447
-0.013517
-0.013586
-0.013656
-0.013725
-0.013794
-0.013863
-0.013933
-0.014002
-0.014071
-0.014140
-0.014209
-0.014277
-0.014346
-0.014415
-0.014483
-0.014552
-0.014621
-0.014689
-0.014757
-0.014826
-0.014894
-0.014962
-0.015030
-0.015098
-0.015166
-0.015234
-0.015302
-0.015370
-0.015437
-0.015505
-0.015572
-0.015640
-0.015707
-0.015775
-0.015842
-0.015909
-0.015976
-0.016043
-0.016110
-0.016177
-0.016244
-0.016310
-0.016377
-0.016443
-0.016510
-0.016576
-0.016642
-0.016709
-0.016775
-0.016841
-0.016907
-0.016972
-0.017038
-0.017104
-0.017170
-0.017235
-0.017300
-0.017366
-0.017431
-0.017496
-0.017561
-0.017626
-0.017691
-0.017756
-0.017820
-0.017885
-0.017950
-0.018014
-0.018078
-0.018142
-0.018207
-0.018271
-0.018334
-0.018398
-0.018462
-0.018526
-0.018589
-0.018652
-0.018716
-0.018779
-0.018842
-0.018905
-0.018968
-0.019031
-0.019093
-0.019156
-0.019218
-0.019281
-0.019343
-0.019405
-0.019467
-0.019529
-0.019591
-0.019652
-0.019714
-0.019775
-0.019837
-0.019898
-0.019959
-0.020020
-0.020081
-0.020142
-0.020202
-0.020263
-0.020323
-0.020383
-0.020443
-0.020503
-0.020563
-0.020623
-0.020683
-0.020742
-0.020802
-0.020861
-0.020920
-0.020979
-0.021038
-0.021097
-0.021155
-0.021214
-0.021272
-0.021331
-0.021389
-0.021447
-0.021505
-0.021562
-0.021620
-0.021677
-0.021735
-0.021792
-0.021849
-0.021906
-0.021962
-0.022019
-0.022076
-0.022132
-0.022188
-0.022244
-0.022300
-0.022356
-0.022411
-0.022467
-0.022522
-0.022577
-0.022632
-0.022687
-0.022742
-0.022797
-0.022851
-0.022905
-0.022960
-0.023014
-0.023067
-0.023121
-0.023175
-0.023228
-0.023281
-0.023334
-0.023387
-0.023440
-0.023493
-0.023545
-0.023597
-0.023649
-0.023701
-0.023753
-0.023805
-0.023856
-0.023908
-0.023959
-0.024010
-0.024061
-0.024111
-0.024162
-0.024212
-0.024262
-0.024312
-0.024362
-0.024412
-0.024461
-0.024511
-0.024560
-0.024609
-0.024658
-0.024706
-0.024755
-0.024803
-0.024851
-0.024899
-0.024947
-0.024995
-0.025042
-0.025089
-0.025136
-0.025183
-0.025230
-0.025277
-0.025323
-0.025369
-0.025415
-0.025461
-0.025507
-0.025552
-0.025597
-0.025642
-0.025687
-0.025732
-0.025777
-0.025821
-0.025865
-0.025909
-0.025953
-0.025996
-0.026040
-0.026083
-0.026126
-0.026169
-0.026211
-0.026254
-0.026296
-0.026338
-0.026380
-0.026422
-0.026463
-0.026505
-0.026546
-0.026587
-0.026627
-0.026668
-0.026708
-0.026748
-0.026788
-0.026828
-0.026867
-0.026907
-0.026946
-0.026985
-0.027023
-0.027062
-0.027100
-0.027138
-0.027176
-0.027214
-0.027251
-0.027289
-0.027326
-0.027363
-0.027399
-0.027436
-0.027472
-0.027508
-0.027544
-0.027579
-0.027615
-0.027650
-0.027685
-0.027720
-0.027754
-0.027789
-0.027823
-0.027857
-0.027891
-0.027924
-0.027957
-0.027990
-0.028023
-0.028056
-0.028088
-0.028121
-0.028153
-0.028184
-0.028216
-0.028247
-0.028278
-0.028309
-0.028340
-0.028370
-0.028401
-0.028431
-0.028461
-0.028490
-0.028519
-0.028549
-0.028578
-0.028606
-0.028635
-0.028663
-0.028691
-0.028719
-0.028746
-0.028774
-0.028801
-0.028828
-0.028854
-0.028881
-0.028907
-0.028933
-0.028959
-0.028984
-0.029010
-0.029035
-0.029060
-0.029084
-0.029109
-0.029133
-0.029157
-0.029180
-0.029204
-0.029227
-0.029250
-0.029273
-0.029296
-0.029318
-0.029340
-0.029362
-0.029383
-0.029405
-0.029426
-0.029447
-0.029468
-0.029488
-0.029508
-0.029528
-0.029548
-0.029567
-0.029587
-0.029606
-0.029624
-0.029643
-0.029661
-0.029679
-0.029697
-0.029715
-0.029732
-0.029749
-0.029766
-0.029783
-0.029799
-0.029816
-0.029831
-0.029847
-0.029863
-0.029878
-0.029893
-0.029907
-0.029922
-0.029936
-0.029950
-0.029964
-0.029978
-0.029991
-0.030004
-0.030017
-0.030029
-0.030042
-0.030054
-0.030065
-0.030077
-0.030088
-0.030099
-0.030110
-0.030121
-0.030131
-0.030141
-0.030151
-0.030161
-0.030170
-0.030179
-0.030188
-0.030197
-0.030205
-0.030213
-0.030221
-0.030229
-0.030236
-0.030244
-0.030250
-0.030257
-0.030264
-0.030270
-0.030276
-0.030281
-0.030287
-0.030292
-0.030297
-0.030302
-0.030306
-0.030310
-0.030314
-0.030318
-0.030321
-0.030325
-0.030327
-0.030330
-0.030333
-0.030335
-0.030337
-0.030338
-0.030340
-0.030341
-0.030342
-0.030343
-0.030343
-0.030343
-0.030343
-0.030343
-0.030343
-0.030342
-0.030341
-0.030339
-0.030338
-0.030336
-0.030334
-0.030332
-0.030329
-0.030326
-0.030323
-0.030320
-0.030316
-0.030313
-0.030309
-0.030304
-0.030300
-0.030295
-0.030290
-0.030285
-0.030279
-0.030273
-0.030267
-0.030261
-0.030254
-0.030247
-0.030240
-0.030233
-0.030225
-0.030218
-0.030209
-0.030201
-0.030193
-0.030184
-0.030175
-0.030165
-0.030156
-0.030146
-0.030136
-0.030125
-0.030115
-0.030104
-0.030093
-0.030081
-0.030070
-0.030058
-0.030046
-0.030033
-0.030021
-0.030008
-0.029995
-0.029981
-0.029968
-0.029954
-0.029939
-0.029925
-0.029910
-0.029895
-0.029880
-0.029865
-0.029849
-0.029833
-0.029817
-0.029801
-0.029784
-0.029767
-0.029750
-0.029732
-0.029715
-0.029697
-0.029678
-0.029660
-0.029641
-0.029622
-0.029603
-0.029583
-0.029564
-0.029544
-0.029523
-0.029503
-0.029482
-0.029461
-0.029440
-0.029418
-0.029397
-0.029375
-0.029352
-0.029330
-0.029307
-0.029284
-0.029261
-0.029237
-0.029213
-0.029189
-0.029165
-0.029140
-0.029115
-0.029090
-0.029065
-0.029039
-0.029014
-0.028987
-0.028961
-0.028934
-0.028908
-0.028880
-0.028853
-0.028825
-0.028797
-0.028769
-0.028741
-0.028712
-0.028683
-0.028654
-0.028625
-0.028595
-0.028565
-0.028535
-0.028504
-0.028474
-0.028443
-0.028412
-0.028380
-0.028348
-0.028316
-0.028284
-0.028252
-0.028219
-0.028186
-0.028152
-0.028119
-0.028085
-0.028051
-0.028017
-0.027982
-0.027947
-0.027912
-0.027877
-0.027841
-0.027805
-0.027769
-0.027733
-0.027696
-0.027659
-0.027622
-0.027585
-0.027547
-0.027509
-0.027471
-0.027433
-0.027394
-0.027355
-0.027316
-0.027276
-0.027237
-0.027197
-0.027156
-0.027116
-0.027075
-0.027034
-0.026993
-0.026951
-0.026909
-0.026867
-0.026825
-0.026782
-0.026739
-0.026696
-0.026653
-0.026609
-0.026565
-0.026521
-0.026477
-0.026432
-0.026387
-0.026342
-0.026296
-0.026251
-0.026205
-0.026158
-0.026112
-0.026065
-0.026018
-0.025970
-0.025923
-0.025875
-0.025827
-0.025778
-0.025730
-0.025681
-0.025632
-0.025582
-0.025532
-0.025482
-0.025432
-0.025382
-0.025331
-0.025280
-0.025228
-0.025177
-0.025125
-0.025073
-0.025020
-0.024968
-0.024915
-0.024862
-0.024808
-0.024754
-0.024700
-0.024646
-0.024591
-0.024537
-0.024481
-0.024426
-0.024370
-0.024314
-0.024258
-0.024202
-0.024145
-0.024088
-0.024031
-0.023973
-0.023915
-0.023857
-0.023799
-0.023740
-0.023681
-0.023622
-0.023562
-0.023503
-0.023443
-0.023382
-0.023322
-0.023261
-0.023200
-0.023138
-0.023077
-0.023015
-0.022952
-0.022890
-0.022827
-0.022764
-0.022700
-0.022637
-0.022573
-0.022508
-0.022444
-0.022379
-0.022314
-0.022249
-0.022183
-0.022117
-0.022051
-0.021984
-0.021917
-0.021850
-0.021783
-0.021715
-0.021647
-0.021579
-0.021511
-0.021442
-0.021373
-0.021303
-0.021234
-0.021164
-0.021094
-0.021023
-0.020952
-0.020881
-0.020810
-0.020738
-0.020666
-0.020594
-0.020521
-0.020448
-0.020375
-0.020302
-0.020228
-0.020154
-0.020079
-0.020005
-0.019930
-0.019855
-0.019779
-0.019703
-0.019627
-0.019551
-0.019474
-0.019397
-0.019320
-0.019242
-0.019164
-0.019086
-0.019007
-0.018928
-0.018849
-0.018770
-0.018690
-0.018610
-0.018530
-0.018449
-0.018368
-0.018287
-0.018205
-0.018124
-0.018041
-0.017959
-0.017876
-0.017793
-0.017710
-0.017626
-0.017542
-0.017458
-0.017373
-0.017288
-0.017203
-0.017117
-0.017031
-0.016945
-0.016859
-0.016772
-0.016685
-0.016597
-0.016510
-0.016422
-0.016333
-0.016245
-0.016156
-0.016066
-0.015977
-0.015887
-0.015797
-0.015706
-0.015615
-0.015524
-0.015433
-0.012476
-0.012736
-0.012958
-0.013145
-0.013302
-0.013432
-0.013537
-0.013620
-0.013684
-0.010864
-0.011246
-0.011576
-0.011860
-0.012102
-0.012306
-0.012477
-0.009753
-0.010219
-0.010624
-0.010974
-0.011273
-0.011529
-0.008879
-0.009412
-0.009875
-0.010275
-0.010620
-0.008049
-0.008652
-0.009177
-0.009632
-0.010025
-0.007496
-0.008136
-0.008693
-0.009176
-0.006727
-0.007438
-0.008058
-0.008597
-0.006197
-0.006951
-0.007609
-0.008181
-0.005810
-0.006589
-0.007269
-0.007861
-0.005505
-0.006299
-0.006991
-0.007592
-0.005245
-0.006045
-0.006743
-0.004481
-0.005357
-0.006122
-0.006787
-0.004496
-0.005345
-0.006085
-0.003860
-0.004768
-0.005561
-0.006250
-0.003977
-0.004844
-0.005598
-0.003383
-0.004301
-0.005101
-0.005795
-0.003526
-0.004395
-0.005151
-0.002936
-0.003853
-0.004651
-0.002474
-0.003424
-0.004251
-0.004969
-0.002719
-0.003604
-0.004372
-0.002167
-0.003092
-0.003896
-0.004592
-0.002322
-0.003188
-0.003939
-0.001717
-0.002627
-0.003416
-0.004098
-0.001814
-0.002668
-0.003407
-0.001174
-0.002073
-0.002852
-0.003525
-0.001231
-0.002076
-0.002807
-0.003435
-0.001102
-0.001912
-0.002610
-0.003210
-0.000851
-0.001637
-0.002315
-0.002895
-0.000519
-0.001289
-0.001952
-0.002520
-0.000132
-0.000891
-0.001545
-0.002104
-0.002578
-0.000106
-0.000791
-0.001377
-0.001876
-0.002297
0.000224
-0.000418
-0.000966
-0.001430
-0.001820
-0.002143
0.000464
-0.000099
-0.000578
-0.000980
-0.001315
-0.001588
-0.001808
0.000892
0.000411
0.000005
-0.000332
-0.000608
-0.000830
-0.001003
-0.001133
-0.001225
-0.001282
-0.001309
-0.001309
-0.001284
-0.001238
-0.001173
-0.001091
-0.000994
-0.000884
-0.000762
-0.000629
-0.000488
-0.000338
-0.000181
-0.000018
0.000150
0.000324
0.000501
0.000682
0.000866
0.001052
0.001241
0.001432
0.001625
0.001818
0.002013
0.002209
0.002405
0.002602
0.002799
0.002997
0.003194
0.003392
0.003589
0.003786
0.003983
0.004180
0.004376
0.004572
0.004767
0.004962
0.005157
0.005350
0.005544
0.005736
0.005929
0.006120
0.006311
0.006501
0.006691
0.006880
0.007068
0.007256
0.007443
0.007629
0.007815
0.008000
0.008185
0.008369
0.008552
0.008734
0.008916
0.009098
0.009279
0.009459
0.009638
0.009817
0.009996
0.010173
0.010351
0.010527
0.010703
0.010879
0.011054
0.011228
0.011402
0.011575
0.011748
0.011920
0.012092
0.012263
0.012434
0.012604
0.012774
0.012943
0.013112
0.013280
0.013447
0.013614
0.013781
0.013947
0.014113
0.014278
0.014443
0.014607
0.014771
0.014934
0.015097
0.015259
0.015421
0.015583
0.015744
0.015904
0.016064
0.016224
0.016383
0.016542
0.016700
0.016858
0.017015
0.017172
0.017329
0.017485
0.017640
0.017795
0.017950
0.018104
0.018258
0.018412
0.018564
0.018717
0.018869
0.019020
0.019172
0.019322
0.019473
0.019622
0.019772
0.019920
0.020069
0.020217
0.020364
0.020511
0.020658
0.020804
0.020950
0.021095
0.021240
0.021384
0.021528
0.021671
0.021814
0.021957
0.022099
0.022240
0.022381
0.022522
0.022662
0.022802
0.022941
0.023079
0.023217
0.023355
0.023492
0.023629
0.023765
0.023901
0.024036
0.024171
0.024305
0.024439
0.024572
0.024705
0.024837
0.024968
0.025099
0.025230
0.025360
0.025490
0.025619
0.025747
0.025875
0.026003
0.026130
0.026256
0.026382
0.026507
0.026632
0.026756
0.026880
0.027003
0.027125
0.027247
0.027368
0.027489
0.027609
0.027729
0.027848
0.027967
0.028085
0.028202
0.028319
0.028435
0.028551
0.028666
0.028780
0.028894
0.029007
0.029120
0.029232
0.029343
0.029454
0.029564
0.029673
0.029782
0.029891
0.029998
0.030105
0.030212
0.030318
0.030423
0.030527
0.030631
0.030734
0.030837
0.030939
0.031040
0.031141
0.031241
0.031340
0.031439
0.031537
0.031634
0.031731
0.031826
0.031922
0.032016
0.032110
0.032204
0.032296
0.032388
0.032479
0.032570
0.032660
0.032749
0.032838
0.032925
0.033012
0.033099
0.033185
0.033270
0.033354
0.033437
0.033520
0.033603
0.033684
0.033765
0.033845
0.033924
0.034003
0.034081
0.034158
0.034234
0.034310
0.034385
0.034459
0.034533
0.034606
0.034678
0.034749
0.034820
0.034890
0.034959
0.035027
0.035095
0.035162
0.035228
0.035294
0.035359
0.035423
0.035486
0.035548
0.035610
0.035671
0.035732
0.035791
0.035850
0.035908
0.035965
0.036022
0.036078
0.036133
0.036187
0.036241
0.036294
0.036346
0.036397
0.036448
0.036498
0.036547
0.036595
0.036643
0.036690
0.036736
0.036781
0.036826
0.036870
0.036913
0.036955
0.036997
0.037038
0.037078
0.037117
0.037156
0.037194
0.037231
0.037267
0.037303
0.037338
0.037372
0.037406
0.037438
0.037470
0.037502
0.037532
0.037562
0.037591
0.037619
0.037647
0.037673
0.037700
0.037725
0.037749
0.037773
0.037797
0.037819
0.037841
0.037862
0.037882
0.037901
0.037920
0.037938
0.037956
0.037972
0.037988
0.038004
0.038018
0.038032
0.038045
0.038057
0.038069
0.038080
0.038090
0.038100
0.038109
0.038117
0.038125
0.038131
0.038138
0.038143
0.038148
0.038152
0.038155
0.038158
0.038160
0.038161
0.038162
0.038162
0.038161
0.038160
0.038158
0.038155
0.038152
0.038148
0.038143
0.038138
0.038132
0.038126
0.038118
0.038111
0.038102
0.038093
0.038083
0.038073
0.038062
0.038050
0.038038
0.038025
0.038011
0.037997
0.037982
0.037967
0.037951
0.037934
0.037917
0.037899
0.037881
0.037862
0.037842
0.037822
0.037801
0.037780
0.037758
0.037735
0.037712
0.037688
0.037664
0.037639
0.037614
0.037588
0.037561
0.037534
0.037506
0.037478
0.037450
0.037420
0.037390
0.037360
0.037329
0.037298
0.037266
0.037233
0.037200
0.037167
0.037133
0.037098
0.037063
0.037028
0.036991
0.036955
0.036918
0.036880
0.036842
0.036804
0.036765
0.036725
0.036685
0.036645
0.036604
0.036562
0.036520
0.036478
0.036435
0.036392
0.036348
0.036304
0.036259
0.036214
0.036169
0.036123
0.036076
0.036029
0.035982
0.035935
0.035886
0.035838
0.035789
0.035740
0.035690
0.035640
0.035589
0.035538
0.035487
0.035435
0.035383
0.035330
0.035277
0.035224
0.035170
0.035116
0.035062
0.035007
0.034952
0.034896
0.034840
0.034784
0.034727
0.034670
0.034613
0.034555
0.034497
0.034439
0.034380
0.034321
0.034262
0.034202
0.034142
0.034082
0.034021
0.033960
0.033899
0.033838
0.033776
0.033713
0.033651
0.033588
0.033525
0.033462
0.033398
0.033334
0.033270
0.033205
0.033141
0.033075
0.033010
0.032945
0.032879
0.032813
0.032746
0.032679
0.032613
0.032545
0.032478
0.032410
0.032342
0.032274
0.032206
0.032137
0.032068
0.031999
0.031930
0.031860
0.031791
0.031721
0.031650
0.031580
0.031509
0.031439
0.031368
0.031296
0.031225
0.031153
0.031081
0.031009
0.030937
0.030865
0.030792
0.030719
0.030646
0.030573
0.030500
0.030426
0.030352
0.030279
0.030204
0.030130
0.030056
0.029981
0.029907
0.029832
0.029757
0.029682
0.029606
0.029531
0.029455
0.029380
0.029304
0.029228
0.029151
0.029075
0.028999
0.028922
0.028845
0.028769
0.028692
0.028615
0.028537
0.028460
0.028383
0.028305
0.028227
0.028150
0.028072
0.027994
0.027916
0.027837
0.027759
0.027681
0.027602
0.027524
0.027445
0.027366
0.027287
0.027208
0.027129
0.027050
0.026971
0.026892
0.026812
0.026733
0.026653
0.026573
0.026494
0.026414
0.026334
0.026254
0.026174
0.026094
0.026014
0.025934
0.025854
0.025773
0.025693
0.025612
0.025532
0.025451
0.025371
0.025290
0.025210
0.025129
0.025048
0.024967
0.024886
0.024805
0.024724
0.024643
0.024562
0.024481
0.024400
0.024319
0.024238
0.024157
0.024075
0.023994
0.023913
0.023831
0.023750
0.023669
0.023587
0.023506
0.023424
0.023343
0.023261
0.023180
0.023098
0.023016
0.022935
0.022853
0.022772
0.022690
0.022608
0.022527
0.022445
0.022363
0.022282
0.022200
0.022118
0.022036
0.021955
0.021873
0.021791
0.021710
0.021628
0.021546
0.021464
0.021383
0.021301
0.021219
0.021137
0.021056
0.020974
0.020892
0.020811
0.020729
0.020647
0.020565
0.020484
0.020402
0.020320
0.020239
0.020157
0.020076
0.019994
0.019912
0.019831
0.019749
0.019668
0.019586
0.019505
0.019423
0.019342
0.019260
0.019179
0.019097
0.019016
0.018934
0.018853
0.018772
0.018690
0.018609
0.018528
0.018447
0.018365
0.018284
0.018203
0.018122
0.018041
0.017959
0.017878
0.017797
0.017716
0.017635
0.017554
0.017473
0.017392
0.017311
0.017231
0.017150
0.017069
0.016988
0.016907
0.016827
0.016746
0.016665
0.016585
0.016504
0.016423
0.016343
0.016262
0.016182
0.016102
0.016021
0.015941
0.015860
0.015780
0.015700
0.015620
0.015539
0.015459
0.015379
0.015299
0.015219
0.015139
0.015059
0.014979
0.014899
0.014819
0.014739
0.014659
0.014580
0.014500
0.014420
0.014340
0.014261
0.014181
0.014102
0.014022
0.013943
0.013863
0.013784
0.013704
0.013625
0.013546
0.013466
0.013387
0.013308
0.013229
0.013149
0.013070
0.012991
0.012912
0.012833
0.012754
0.012675
0.012597
0.012518
0.012439
0.012360
0.012281
0.012203
0.012124
0.012045
0.011967
0.011888
0.011810
0.011731
0.011653
0.011574
0.011496
0.011418
0.011339
0.011261
0.011183
0.011105
0.011027
0.010948
0.010870
0.010792
0.010714
0.010636
0.010558
0.010480
0.010402
0.010325
0.010247
0.010169
0.010091
0.010014
0.009936
0.009858
0.009781
0.009703
0.009626
0.009548
0.009471
0.009393
0.009316
0.009238
0.009161
0.009084
0.009006
0.008929
0.008852
0.008775
0.008698
0.008621
0.008543
0.008466
0.008389
0.008312
0.008235
0.008159
0.008082
0.008005
0.007928
0.007851
0.007774
0.007698
0.007621
0.007544
0.007468
0.007391
0.007314
0.007238
0.007161
0.007085
0.007008
0.006932
0.006855
0.006779
0.006703
0.006626
0.006550
0.006474
0.006397
0.006321
0.006245
0.006169
0.006092
0.006016
0.005940
0.005864
0.005788
0.005712
0.005636
0.005560
0.005484
0.005408
0.005332
0.005256
0.005181
0.005105
0.005029
0.004953
0.004877
0.004802
0.004726
0.004650
0.004575
0.004499
0.004423
0.004348
0.004272
0.004197
0.004121
0.004045
0.003970
0.003894
0.003819
0.003744
0.003668
0.003593
0.003517
0.003442
0.003367
0.003291
0.003216
0.003141
0.003066
0.002990
0.002915
0.002840
0.002765
0.002690
0.002615
0.002539
0.002464
0.002389
0.002314
0.002239
0.002164
0.002089
0.002014
0.001939
0.001864
0.001789
0.001714
0.001640
0.001565
0.001490
0.001415
0.001340
0.001265
0.001191
0.001116
0.001041
0.000966
0.000891
0.000817
0.000742
0.000667
0.000593
0.000518
0.000443
0.000369
0.000294
0.000220
0.000145
0.000071
-0.000004
-0.000079
-0.000153
-0.000228
-0.000302
-0.000376
-0.000451
-0.000525
-0.000600
-0.000674
-0.000749
-0.000823
-0.000897
-0.000972
-0.001046
-0.001120
-0.001195
-0.001269
-0.001343
-0.001417
-0.001492
-0.001566
-0.001640
-0.001714
-0.001788
-0.001863
-0.001937
-0.002011
-0.002085
-0.002159
-0.002233
-0.002307
-0.002381
-0.002455
-0.002529
-0.002603
-0.002677
-0.002751
-0.002825
-0.002899
-0.002973
-0.003047
-0.003121
-0.003195
-0.003269
-0.003343
-0.003417
-0.003490
-0.003564
-0.003638
-0.003712
-0.003786
-0.003859
-0.003933
-0.004007
-0.004081
-0.004154
-0.004228
-0.004302
-0.004375
-0.004449
-0.004523
-0.004596
-0.004670
-0.004743
-0.004817
-0.004890
-0.004964
-0.005037
-0.005111
-0.005184
-0.005258
-0.005331
-0.005404
-0.005478
-0.005551
-0.005625
-0.005698
-0.005771
-0.005844
-0.005918
-0.005991
-0.006064
-0.006137
-0.006211
-0.006284
-0.006357
-0.006430
-0.006503
-0.006576
-0.006649
-0.006722
-0.006795
-0.006868
-0.006941
-0.007014
-0.007087
-0.007160
-0.007233
-0.007306
-0.007378
-0.007451
-0.007524
-0.007597
-0.007670
-0.007742
-0.007815
-0.007888
-0.007960
-0.008033
-0.008105
-0.008178
-0.008250
-0.008323
-0.008395
-0.008468
-0.008540
-0.008613
-0.008685
-0.008757
-0.008830
-0.008902
-0.008974
-0.009046
-0.009118
-0.009191
-0.009263
-0.009335
-0.009407
-0.009479
-0.009551
-0.009623
-0.009695
-0.009766
-0.009838
-0.009910
-0.009982
-0.010054
-0.010125
-0.010197
-0.010269
-0.010340
-0.010412
-0.010483
-0.010555
-0.010626
-0.010698
-0.010769
-0.010840
-0.010912
-0.010983
-0.011054
-0.011125
-0.011196
-0.011267
-0.011338
-0.011409
-0.011480
-0.011551
-0.011622
-0.011693
-0.011764
-0.011834
-0.011905
-0.011976
-0.012046
-0.012117
-0.012187
-0.012258
-0.012328
-0.012398
-0.012469
-0.012539
-0.012609
-0.012679
-0.012749
-0.012819
-0.012889
-0.012959
-0.013029
-0.013099
-0.013169
-0.013238
-0.013308
-0.013378
-0.013447
-0.013517
-0.013586
-0.013656
-0.013725
-0.013794
-0.013863
-0.013932
-0.014002
-0.014071
-0.014140
-0.014208
-0.014277
-0.014346
-0.014415
-0.014483
-0.014552
-0.014620
-0.014689
-0.014757
-0.014826
-0.014894
-0.014962
-0.015030
-0.015098
-0.015166
-0.015234
-0.015302
-0.015369
-0.015437
-0.015505
-0.015572
-0.015640
-0.015707
-0.015774
-0.015842
-0.015909
-0.015976
-0.016043
-0.016110
-0.016177
-0.016243
-0.016310
-0.016377
-0.016443
-0.016510
-0.016576
-0.016642
-0.016708
-0.016775
-0.016841
-0.016907
-0.016972
-0.017038
-0.017104
-0.017169
-0.017235
-0.017300
-0.017366
-0.017431
-0.017496
-0.017561
-0.017626
-0.017691
-0.017756
-0.017820
-0.017885
-0.017949
-0.018014
-0.018078
-0.018142
-0.018206
-0.018270
-0.018334
-0.018398
-0.018462
-0.018525
-0.018589
-0.018652
-0.018716
-0.018779
-0.018842
-0.018905
-0.018968
-0.019030
-0.019093
-0.019156
-0.019218
-0.019281
-0.019343
-0.019405
-0.019467
-0.019529
-0.019591
-0.019652
-0.019714
-0.019775
-0.019837
-0.019898
-0.019959
-0.020020
-0.020081
-0.020141
-0.020202
-0.020263
-0.020323
-0.020383
-0.020443
-0.020503
-0.020563
-0.020623
-0.020683
-0.020742
-0.020802
-0.020861
-0.020920
-0.020979
-0.021038
-0.021097
-0.021155
-0.021214
-0.021272
-0.021331
-0.021389
-0.021447
-0.021504
-0.021562
-0.021620
-0.021677
-0.021734
-0.021792
-0.021849
-0.021906
-0.021962
-0.022019
-0.022075
-0.022132
-0.022188
-0.022244
-0.022300
-0.022356
-0.022411
-0.022467
-0.022522
-0.022577
-0.022632
-0.022687
-0.022742
-0.022797
-0.022851
-0.022905
-0.022959
-0.023013
-0.023067
-0.023121
-0.023175
-0.023228
-0.023281
-0.023334
-0.023387
-0.023440
-0.023493
-0.023545
-0.023597
-0.023649
-0.023701
-0.023753
-0.023805
-0.023856
-0.023908
-0.023959
-0.024010
-0.024061
-0.024111
-0.024162
-0.024212
-0.024262
-0.024312
-0.024362
-0.024412
-0.024461
-0.024511
-0.024560
-0.024609
-0.024658
-0.024706
-0.024755
-0.024803
-0.024851
-0.024899
-0.024947
-0.024995
-0.025042
-0.025089
-0.025136
-0.025183
-0.025230
-0.025277
-0.025323
-0.025369
-0.025415
-0.025461
-0.025507
-0.025552
-0.025597
-0.025642
-0.025687
-0.025732
-0.025776
-0.025821
-0.025865
-0.025909
-0.025953
-0.025996
-0.026040
-0.026083
-0.026126
-0.026169
-0.026211
-0.026254
-0.026296
-0.026338
-0.026380
-0.026422
-0.026463
-0.026505
-0.026546
-0.026587
-0.026627
-0.026668
-0.026708
-0.026748
-0.026788
-0.026828
-0.026867
-0.026907
-0.026946
-0.026985
-0.027023
-0.027062
-0.027100
-0.027138
-0.027176
-0.027214
-0.027251
-0.027289
-0.027326
-0.027363
-0.027399
-0.027436
-0.027472
-0.027508
-0.027544
-0.027579
-0.027615
-0.027650
-0.027685
-0.027720
-0.027754
-0.027789
-0.027823
-0.027857
-0.027890
-0.027924
-0.027957
-0.027990
-0.028023
-0.028056
-0.028088
-0.028120
-0.028152
-0.028184
-0.028216
-0.028247
-0.028278
-0.028309
-0.028340
-0.028370
-0.028401
-0.028431
-0.028460
-0.028490
-0.028519
-0.028549
-0.028577
-0.028606
-0.028635
-0.028663
-0.028691
-0.028719
-0.028746
-0.028774
-0.028801
-0.028828
-0.028854
-0.028881
-0.028907
-0.028933
-0.028959
-0.028984
-0.029010
-0.029035
-0.029060
-0.029084
-0.029109
-0.029133
-0.029157
-0.029180
-0.029204
-0.029227
-0.029250
-0.029273
-0.029295
-0.029318
-0.029340
-0.029362
-0.029383
-0.029405
-0.029426
-0.029447
-0.029467
-0.029488
-0.029508
-0.029528
-0.029548
-0.029567
-0.029587
-0.029606
-0.029624
-0.029643
-0.029661
-0.029679
-0.029697
-0.029715
-0.029732
-0.029749
-0.029766
-0.029783
-0.029799
-0.029815
-0.029831
-0.029847
-0.029863
-0.029878
-0.029893
-0.029907
-0.029922
-0.029936
-0.029950
-0.029964
-0.029978
-0.029991
-0.030004
-0.030017
-0.030029
-0.030041
-0.030054
-0.030065
-0.030077
-0.030088
-0.030099
-0.030110
-0.030121
-0.030131
-0.030141
-0.030151
-0.030161
-0.030170
-0.030179
-0.030188
-0.030197
-0.030205
-0.030213
-0.030221
-0.030229
-0.030236
-0.030244
-0.030250
-0.030257
-0.030264
-0.030270
-0.030276
-0.030281
-0.030287
-0.030292
-0.030297
-0.030302
-0.030306
-0.030310
-0.030314
-0.030318
-0.030321
-0.030325
-0.030327
-0.030330
-0.030333
-0.030335
-0.030337
-0.030338
-0.030340
-0.030341
-0.030342
-0.030343
-0.030343
-0.030343
-0.030343
-0.030343
-0.030343
-0.030342
-0.030341
-0.030339
-0.030338
-0.030336
-0.030334
-0.030332
-0.030329
-0.030326
-0.030323
-0.030320
-0.030317
-0.030313
-0.030309
-0.030304
-0.030300
-0.030295
-0.030290
-0.030285
-0.030279
-0.030273
-0.030267
-0.030261
-0.030254
-0.030247
-0.030240
-0.030233
-0.030225
-0.030218
-0.030209
-0.030201
-0.030193
-0.030184
-0.030175
-0.030165
-0.030156
-0.030146
-0.030136
-0.030125
-0.030115
-0.030104
-0.030093
-0.030081
-0.030070
-0.030058
-0.030046
-0.030033
-0.030021
-0.030008
-0.029995
-0.029981
-0.029968
-0.029954
-0.029939
-0.029925
-0.029910
-0.029895
-0.029880
-0.029865
-0.029849
-0.029833
-0.029817
-0.029801
-0.029784
-0.029767
-0.029750
-0.029732
-0.029715
-0.029697
-0.029678
-0.029660
-0.029641
-0.029622
-0.029603
-0.029584
-0.029564
-0.029544
-0.029524
-0.029503
-0.029482
-0.029461
-0.029440
-0.029418
-0.029397
-0.029375
-0.029352
-0.029330
-0.029307
-0.029284
-0.029261
-0.029237
-0.029213
-0.029189
-0.029165
-0.029140
-0.029115
-0.029090
-0.029065
-0.029039
-0.029014
-0.028987
-0.028961
-0.028934
-0.028908
-0.028880
-0.028853
-0.028825
-0.028798
-0.028769
-0.028741
-0.028712
-0.028683
-0.028654
-0.028625
-0.028595
-0.028565
-0.028535
-0.028504
-0.028474
-0.028443
-0.028412
-0.028380
-0.028348
-0.028316
-0.028284
-0.028252
-0.028219
-0.028186
-0.028153
-0.028119
-0.028085
-0.028051
-0.028017
-0.027982
-0.027947
-0.027912
-0.027877
-0.027841
-0.027806
-0.027769
-0.027733
-0.027696
-0.027660
-0.027622
-0.027585
-0.027547
-0.027509
-0.027471
-0.027433
-0.027394
-0.027355
-0.027316
-0.027276
-0.027237
-0.027197
-0.027156
-0.027116
-0.027075
-0.027034
-0.026993
-0.026951
-0.026909
-0.026867
-0.026825
-0.026782
-0.026739
-0.026696
-0.026653
-0.026609
-0.026565
-0.026521
-0.026477
-0.026432
-0.026387
-0.026342
-0.026296
-0.026251
-0.026205
-0.026158
-0.026112
-0.026065
-0.026018
-0.025971
-0.025923
-0.025875
-0.025827
-0.025779
-0.025730
-0.025681
-0.025632
-0.025582
-0.025533
-0.025483
-0.025432
-0.025382
-0.025331
-0.025280
-0.025229
-0.025177
-0.025125
-0.025073
-0.025020
-0.024968
-0.024915
-0.024862
-0.024808
-0.024754
-0.024700
-0.024646
-0.024592
-0.024537
-0.024482
-0.024426
-0.024371
-0.024315
-0.024258
-0.024202
-0.024145
-0.024088
-0.024031
-0.023973
-0.023915
-0.023857
-0.023799
-0.023740
-0.023681
-0.023622
-0.023563
-0.023503
-0.023443
-0.023382
-0.023322
-0.023261
-0.023200
-0.023138
-0.023077
-0.023015
-0.022952
-0.022890
-0.022827
-0.022764
-0.022700
-0.022637
-0.022573
-0.022509
-0.022444
-0.022379
-0.022314
-0.022249
-0.022183
-0.022117
-0.022051
-0.021984
-0.021918
-0.021851
-0.021783
-0.021715
-0.021648
-0.021579
-0.021511
-0.021442
-0.021373
-0.021304
-0.021234
-0.021164
-0.021094
-0.021023
-0.020952
-0.020881
-0.020810
-0.020738
-0.020666
-0.020594
-0.020521
-0.020448
-0.020375
-0.020302
-0.020228
-0.020154
-0.020079
-0.020005
-0.019930
-0.019855
-0.019779
-0.019703
-0.019627
-0.019551
-0.019474
-0.019397
-0.019320
-0.019242
-0.019164
-0.019086
-0.019007
-0.018929
-0.018849
-0.018770
-0.018690
-0.018610
-0.018530
-0.018449
-0.018368
-0.018287
-0.018206
-0.018124
-0.018042
-0.017959
-0.017876
-0.017793
-0.017710
-0.017626
-0.017542
-0.017458
-0.017373
-0.017288
-0.017203
-0.017117
-0.017032
-0.016945
-0.016859
-0.016772
-0.016685
-0.016598
-0.016510
-0.016422
-0.016334
-0.016245
-0.016156
-0.016067
-0.015977
-0.015887
-0.015797
-0.015706
-0.015615
-0.015524
-0.015433
-0.012476
-0.012736
-0.012958
-0.013145
-0.013302
-0.013432
-0.013537
-0.013620
-0.013684
-0.010864
-0.011246
-0.011576
-0.011860
-0.012102
-0.012306
-0.012477
-0.009753
-0.010220
-0.010624
-0.010974
-0.011274
-0.011529
-0.008879
-0.009412
-0.009875
-0.010276
-0.010621
-0.008049
-0.008652
-0.009177
-0.009632
-0.010025
-0.007496
-0.008136
-0.008693
-0.009177
-0.006727
-0.007438
-0.008058
-0.008598
-0.006197
-0.006951
-0.007609
-0.008182
-0.005810
-0.006589
-0.007269
-0.007861
-0.005505
-0.006299
-0.006991
-0.007592
-0.005245
-0.006045
-0.006743
-0.004481
-0.005357
-0.006122
-0.006788
-0.004496
-0.005345
-0.006086
-0.003860
-0.004768
-0.005561
-0.006250
-0.003978
-0.004844
-0.005598
-0.003384
-0.004301
-0.005101
-0.005795
-0.003527
-0.004395
-0.005151
-0.002936
-0.003853
-0.004651
-0.002474
-0.003424
-0.004251
-0.004969
-0.002719
-0.003604
-0.004372
-0.002168
-0.003092
-0.003896
-0.004592
-0.002322
-0.003188
-0.003939
-0.001717
-0.002627
-0.003416
-0.004098
-0.001815
-0.002668
-0.003408
-0.001175
-0.002073
-0.002853
-0.003525
-0.001232
-0.002076
-0.002807
-0.003435
-0.001103
-0.001912
-0.002611
-0.003210
-0.000852
-0.001637
-0.002315
-0.002896
-0.000519
-0.001289
-0.001953
-0.002520
-0.000132
-0.000892
-0.001545
-0.002104
-0.002578
-0.000106
-0.000791
-0.001377
-0.001876
-0.002297
0.000224
-0.000418
-0.000966
-0.001431
-0.001820
-0.002143
0.000464
-0.000100
-0.000578
-0.000981
-0.001315
-0.001589
-0.001808
0.000892
0.000410
0.000005
-0.000332
-0.000608
-0.000830
-0.001003
-0.001133
-0.001225
-0.001282
-0.001309
-0.001309
-0.001285
-0.001239
-0.001173
-0.001091
-0.000994
-0.000884
-0.000762
-0.000630
-0.000488
-0.000338
-0.000181
-0.000018
0.000150
0.000323
0.000501
0.000682
0.000866
0.001052
0.001241
0.001432
0.001624
0.001818
0.002013
0.002209
0.002405
0.002602
0.002799
0.002996
0.003194
0.003391
0.003589
0.003786
0.003983
0.004179
0.004376
0.004572
0.004767
0.004962
0.005156
0.005350
0.005543
0.005736
0.005928
0.006120
0.006311
0.006501
0.006691
0.006880
0.007068
0.007256
0.007443
0.007629
0.007815
0.008000
0.008184
0.008368
0.008552
0.008734
0.008916
0.009098
0.009278
0.009459
0.009638
0.009817
0.009995
0.010173
0.010350
0.010527
0.010703
0.010879
0.011054
0.011228
0.011402
0.011575
0.011748
0.011920
0.012092
0.012263
0.012434
0.012604
0.012774
0.012943
0.013111
0.013279
0.013447
0.013614
0.013781
0.013947
0.014113
0.014278
0.014443
0.014607
0.014771
0.014934
0.015097
0.015259
0.015421
0.015583
0.015744
0.015904
0.016064
0.016224
0.016383
0.016542
0.016700
0.016858
0.017015
0.017172
0.017329
0.017485
0.017640
0.017795
0.017950
0.018104
0.018258
0.018411
0.018564
0.018717
0.018869
0.019020
0.019171
0.019322
0.019472
0.019622
0.019771
0.019920
0.020069
0.020217
0.020364
0.020511
0.020658
0.020804
0.020950
0.021095
0.021240
0.021384
0.021528
0.021671
0.021814
0.021957
0.022099
0.022240
0.022381
0.022522
0.022662
0.022801
0.022940
0.023079
0.023217
0.023355
0.023492
0.023629
0.023765
0.023901
0.024036
0.024171
0.024305
0.024438
0.024572
0.024704
0.024836
0.024968
0.025099
0.025230
0.025360
0.025489
0.025619
0.025747
0.025875
0.026002
0.026129
0.026256
0.026382
0.026507
0.026632
0.026756
0.026879
0.027002
0.027125
0.027247
0.027368
0.027489
0.027609
0.027729
0.027848
0.027967
0.028085
0.028202
0.028319
0.028435
0.028550
0.028665
0.028780
0.028894
0.029007
0.029119
0.029231
0.029343
0.029454
0.029564
0.029673
0.029782
0.029890
0.029998
0.030105
0.030212
0.030317
0.030422
0.030527
0.030631
0.030734
0.030837
0.030939
0.031040
0.031140
0.031240
0.031340
0.031438
0.031536
0.031634
0.031730
0.031826
0.031922
0.032016
0.032110
0.032204
0.032296
0.032388
0.032479
0.032570
0.032660
0.032749
0.032837
0.032925
0.033012
0.033099
0.033184
0.033269
0.033354
0.033437
0.033520
0.033602
0.033684
0.033765
0.033845
0.033924
0.034003
0.034081
0.034158
0.034234
0.034310
0.034385
0.034459
0.034533
0.034606
0.034678
0.034749
0.034820
0.034890
0.034959
0.035027
0.035095
0.035162
0.035228
0.035294
0.035358
0.035423
0.035486
0.035548
0.035610
0.035671
0.035732
0.035791
0.035850
0.035908
0.035965
0.036022
0.036078
0.036133
0.036187
0.036241
0.036294
0.036346
0.036397
0.036448
0.036498
0.036547
0.036595
0.036643
0.036690
0.036736
0.036781
0.036826
0.036870
0.036913
0.036955
0.036997
0.037038
0.037078
0.037117
0.037156
0.037194
0.037231
0.037267
0.037303
0.037338
0.037372
0.037406
0.037438
0.037470
0.037501
0.037532
0.037562
0.037591
0.037619
0.037647
0.037673
0.037699
0.037725
0.037749
0.037773
0.037796
0.037819
0.037841
0.037862
0.037882
0.037901
0.037920
0.037938
0.037956
0.037972
0.037988
0.038004
0.038018
0.038032
0.038045
0.038057
0.038069
0.038080
0.038090
0.038100
0.038109
0.038117
0.038125
0.038131
0.038138
0.038143
0.038148
0.038152
0.038155
0.038158
0.038160
0.038161
0.038162
0.038162
0.038161
0.038160
0.038158
0.038155
0.038152
0.038148
0.038143
0.038138
0.038132
0.038126
0.038118
0.038111
0.038102
0.038093
0.038083
0.038073
0.038062
0.038050
0.038038
0.038025
0.038011
0.037997
0.037982
0.037967
0.037951
0.037934
0.037917
0.037899
0.037881
0.037862
0.037842
0.037822
0.037801
0.037780
0.037758
0.037735
0.037712
0.037688
0.037664
0.037639
0.037614
0.037588
0.037561
0.037534
0.037507
0.037478
0.037450
0.037420
0.037390
0.037360
0.037329
0.037298
0.037266
0.037233
0.037200
0.037167
0.037133
0.037098
0.037063
0.037028
0.036992
0.036955
0.036918
0.036880
0.036842
0.036804
0.036765
0.036725
0.036685
0.036645
0.036604
0.036562
0.036520
0.036478
0.036435
0.036392
0.036348
0.036304
0.036259
0.036214
0.036169
0.036123
0.036076
0.036030
0.035982
0.035935
0.035887
0.035838
0.035789
0.035740
0.035690
0.035640
0.035589
0.035538
0.035487
0.035435
0.035383
0.035330
0.035277
0.035224
0.035170
0.035116
0.035062
0.035007
0.034952
0.034896
0.034840
0.034784
0.034727
0.034670
0.034613
0.034555
0.034497
0.034439
0.034380
0.034321
0.034262
0.034202
0.034142
0.034082
0.034021
0.033960
0.033899
0.033838
0.033776
0.033714
0.033651
0.033588
0.033525
0.033462
0.033398
0.033334
0.033270
0.033205
0.033141
0.033076
0.033010
0.032945
0.032879
0.032813
0.032746
0.032680
0.032613
0.032545
0.032478
0.032410
0.032342
0.032274
0.032206
0.032137
0.032068
0.031999
0.031930
0.031861
0.031791
0.031721
0.031651
0.031580
0.031510
0.031439
0.031368
0.031296
0.031225
0.031153
0.031081
0.031009
0.030937
0.030865
0.030792
0.030719
0.030646
0.030573
0.030500
0.030426
0.030353
0.030279
0.030205
0.030130
0.030056
0.029982
0.029907
0.029832
0.029757
0.029682
0.029607
0.029531
0.029455
0.029380
0.029304
0.029228
0.029152
0.029075
0.028999
0.028922
0.028846
0.028769
0.028692
0.028615
0.028538
0.028460
0.028383
0.028305
0.028228
0.028150
0.028072
0.027994
0.027916
0.027838
0.027759
0.027681
0.027602
0.027524
0.027445
0.027366
0.027287
0.027208
0.027129
0.027050
0.026971
0.026892
0.026812
0.026733
0.026653
0.026574
0.026494
0.026414
0.026334
0.026254
0.026174
0.026094
0.026014
0.025934
0.025854
0.025773
0.025693
0.025613
0.025532
0.025452
0.025371
0.025290
0.025210
0.025129
0.025048
0.024967
0.024886
0.024806
0.024725
0.024644
0.024562
0.024481
0.024400
0.024319
0.024238
0.024157
0.024075
0.023994
0.023913
0.023831
0.023750
0.023669
0.023587
0.023506
0.023424
0.023343
0.023261
0.023180
0.023098
0.023017
0.022935
0.022853
0.022772
0.022690
0.022608
0.022527
0.022445
0.022363
0.022282
0.022200
0.022118
0.022037
0.021955
0.021873
0.021791
0.021710
0.021628
0.021546
0.021465
0.021383
0.021301
0.021219
0.021138
0.021056
0.020974
0.020892
0.020811
0.020729
0.020647
0.020566
0.020484
0.020402
0.020321
0.020239
0.020157
0.020076
0.019994
0.019912
0.019831
0.019749
0.019668
0.019586
0.019505
0.019423
0.019342
0.019260
0.019179
0.019097
0.019016
0.018935
0.018853
0.018772
0.018691
0.018609
0.018528
0.018447
0.018365
0.018284
0.018203
0.018122
0.018041
0.017960
0.017878
0.017797
0.017716
0.017635
0.017554
0.017473
0.017392
0.017312
0.017231
0.017150
0.017069
0.016988
0.016908
0.016827
0.016746
0.016665
0.016585
0.016504
0.016424
0.016343
0.016263
0.016182
0.016102
0.016021
0.015941
0.015861
0.015780
0.015700
0.015620
0.015540
0.015459
0.015379
0.015299
0.015219
0.015139
0.015059
0.014979
0.014899
0.014819
0.014739
0.014659
0.014580
0.014500
0.014420
0.014341
0.014261
0.014181
0.014102
0.014022
0.013943
0.013863
0.013784
0.013704
0.013625
0.013546
0.013466
0.013387
0.013308
0.013229
0.013150
0.013071
0.012991
0.012912
0.012833
0.012754
0.012676
0.012597
0.012518
0.012439
0.012360
0.012282
0.012203
0.012124
0.012046
0.011967
0.011888
0.011810
0.011731
0.011653
0.011575
0.011496
0.011418
0.011339
0.011261
0.011183
0.011105
0.011027
0.010949
0.010870
0.010792
0.010714
0.010636
0.010558
0.010480
0.010403
0.010325
0.010247
0.010169
0.010091
0.010014
0.009936
0.009858
0.009781
0.009703
0.009626
0.009548
0.009471
0.009393
0.009316
0.009239
0.009161
0.009084
0.009007
0.008929
0.008852
0.008775
0.008698
0.008621
0.008544
0.008467
0.008390
0.008313
0.008236
0.008159
0.008082
0.008005
0.007928
0.007851
0.007774
0.007698
0.007621
0.007544
0.007468
0.007391
0.007314
0.007238
0.007161
0.007085
0.007008
0.006932
0.006855
0.006779
0.006703
0.006626
0.006550
0.006474
0.006397
0.006321
0.006245
0.006169
0.006093
0.006016
0.005940
0.005864
0.005788
0.005712
0.005636
0.005560
0.005484
0.005408
0.005332
0.005257
0.005181
0.005105
0.005029
0.004953
0.004877
0.004802
0.004726
0.004650
