151.201483
143.727864
136.629559
129.864634
123.398927
117.204651
111.259260
105.544505
100.045660
94.750869
89.650594
84.737159
80.004356
75.447118
71.061241
66.843155
62.789731
58.898127
55.165659
51.589704
48.167622
44.896697
41.774100
38.796862
35.961858
33.265806
30.705265
28.276651
25.976246
23.800219
21.744641
19.805509
17.978766
16.260322
14.646074
13.131926
11.713803
10.387674
9.149562
7.995557
6.921830
5.924640
5.000342
4.145399
3.356380
2.629967
1.962958
1.352272
0.794941
-0.911880
-1.304426
-1.654875
-1.965610
-2.238897
-2.476898
-2.681669
-2.855168
-2.999254
-3.115693
-3.206161
-3.272252
-3.315473
-3.337257
-3.338959
-3.321865
-3.287193
-3.236096
-3.169666
-3.088938
-2.994889
-2.888447
-2.770487
-2.641840
-2.503291
-2.355583
-2.199419
-2.035463
-1.864346
-1.686661
-1.502973
-1.313814
-1.119687
-0.921071
-0.718414
0.687856
0.834970
0.987573
1.145194
1.307387
1.473729
1.643818
1.817276
1.993741
2.172874
2.354352
2.537870
2.723139
2.909885
3.097851
3.286791
3.476476
3.666688
3.857220
4.047878
4.238480
4.428853
4.618834
4.808272
4.997022
5.184949
5.371927
5.557837
5.742569
5.926017
6.108087
6.288686
6.467732
6.645146
6.820856
6.994795
7.166902
7.337120
7.505396
7.671685
7.835942
7.998129
8.158211
8.316157
8.471938
8.625532
8.776916
8.926073
9.072988
9.217648
9.360045
9.500171
9.638021
9.773593
9.906887
10.037905
10.166650
10.293128
10.417346
10.539313
10.659039
10.776537
10.891819
11.004900
11.115796
11.224523
11.331099
11.435544
11.537876
11.638116
11.736286
11.832407
11.926503
12.018595
12.108709
12.196869
12.283099
12.367424
12.449870
12.530463
12.609228
12.686193
12.761383
12.834826
12.906548
12.976575
13.044936
13.111656
13.176764
13.240285
13.302247
13.362677
13.421601
13.479047
13.535040
13.589607
13.642775
13.694568
13.745014
13.794138
13.841965
13.888520
13.933828
13.977914
14.020802
14.062517
14.103082
14.142520
14.180855
14.218109
14.254306
14.289467
14.323614
14.356769
14.388953
14.420188
14.450492
14.479888
14.508394
14.536030
14.562816
14.588769
14.613910
14.638254
14.661822
14.684629
14.706693
14.728031
14.748660
14.768594
14.787850
14.806444
14.824390
14.841703
14.858398
14.874488
14.889988
14.904911
14.919269
14.933076
14.946345
14.959087
14.971314
14.983039
14.994272
15.005024
15.015307
15.025130
15.034504
15.043439
15.051945
15.060031
15.067706
15.074979
15.081859
15.088354
15.094473
15.100223
15.105613
15.110649
15.115340
15.119692
15.123712
15.127407
15.130784
15.133848
15.136606
15.139064
15.141228
15.143102
15.144694
15.146007
15.147047
15.147818
15.148327
15.148576
15.148571
15.148317
15.147816
15.147074
15.146093
15.144879
15.143434
15.141763
15.139868
15.137753
15.135421
15.132875
15.130118
15.127154
15.123984
15.120612
15.117040
15.113270
15.109306
15.105149
15.100801
15.096266
15.091545
15.086639
15.081552
15.076284
15.070839
15.065217
15.059420
15.053450
15.047308
15.040997
15.034517
15.027870
15.021057
15.014080
15.006941
14.999639
14.992177
14.984556
14.976777
14.968841
14.960749
14.952503
14.944102
14.935549
14.926844
14.917988
14.908983
14.899828
14.890525
14.881075
14.871478
14.861736
14.851849
14.841818
14.831644
14.821327
14.810869
14.800269
14.789530
14.778651
14.767632
14.756476
14.745182
14.733752
14.722185
14.710483
14.698646
14.686675
14.674571
14.662333
14.649964
14.637463
14.624831
14.612068
14.599177
14.586156
14.573007
14.559730
14.546326
14.532795
14.519139
14.505358
14.491452
14.477422
14.463269
14.448993
14.434596
14.420077
14.405438
14.390678
14.375800
14.360803
14.345687
14.330455
14.315106
14.299641
14.284061
14.268366
14.252557
14.236635
14.220601
14.204455
14.188198
14.171831
14.155354
14.138768
14.122074
14.105272
14.088364
14.071349
14.054230
14.037006
14.019678
14.002247
13.984714
13.967080
13.949344
13.931509
13.913574
13.895542
13.877411
13.859183
13.840860
13.822441
13.803927
13.785320
13.766619
13.747827
13.728943
13.709968
13.690904
13.671751
13.652509
13.633180
13.613764
13.594263
13.574676
13.555005
13.535251
13.515415
13.495496
13.475496
13.455417
13.435257
13.415020
13.394704
13.374312
13.353843
13.333299
13.312680
13.291988
13.271223
13.250385
13.229476
13.208497
13.187448
13.166330
13.145143
13.123890
13.102569
13.081183
13.059732
13.038217
13.016638
12.994996
12.973293
12.951528
12.929703
12.907818
12.885875
12.863873
12.841814
12.819699
12.797528
12.775301
12.753020
12.730686
12.708299
12.685859
12.663369
12.640827
12.618235
12.595595
12.572905
12.550168
12.527384
12.504553
12.481677
12.458755
12.435789
12.412779
12.389727
12.366632
12.343495
12.320317
12.297099
12.273841
12.250544
12.227209
12.203835
12.180425
12.156978
12.133495
12.109977
12.086424
12.062837
12.039216
12.015563
11.991877
11.968159
11.944410
11.920631
11.896822
11.872983
11.849115
11.825219
11.801295
11.777344
11.753366
11.729362
11.705332
11.681277
11.657197
11.633093
11.608966
11.584815
11.560642
11.536447
11.512230
11.487991
11.463732
11.439453
11.415154
11.390836
11.366499
11.342143
11.317769
11.293378
11.268969
11.244544
11.220103
11.195646
11.171173
11.146685
11.122183
11.097666
11.073135
11.048591
11.024034
10.999465
10.974882
10.950288
10.925683
10.901066
10.876438
10.851799
10.827151
10.802492
10.777824
10.753147
10.728461
10.703767
10.679064
10.654354
10.629636
10.604910
10.580178
10.555439
10.530694
10.505942
10.481185
10.456423
10.431655
10.406882
10.382105
10.357323
10.332537
10.307748
10.282955
10.258158
10.233359
10.208556
10.183751
10.158944
10.134135
10.109324
10.084511
10.059698
10.034882
10.010067
9.985250
9.960433
9.935616
9.910799
9.885982
9.861165
9.836349
9.811534
9.786720
9.761908
9.737097
9.712287
9.687480
9.662674
9.637871
9.613070
9.588272
9.563477
9.538684
9.513895
9.489110
9.464327
9.439549
9.414775
9.390004
9.365238
9.340477
9.315719
9.290967
9.266220
9.241478
9.216741
9.192010
9.167284
9.142564
9.117850
9.093142
9.068440
9.043745
9.019056
8.994374
8.969699
8.945030
8.920369
8.895716
8.871070
8.846431
8.821801
8.797178
8.772563
8.747957
8.723358
8.698769
8.674188
8.649616
8.625053
8.600499
8.575954
8.551418
8.526892
8.502376
8.477870
8.453373
8.428887
8.404411
8.379945
8.355490
8.331045
8.306611
8.282189
8.257777
8.233376
8.208987
8.184609
8.160243
8.135889
8.111547
8.087216
8.062898
8.038592
8.014299
7.990019
7.965751
7.941496
7.917254
7.893025
7.868809
7.844607
7.820419
7.796244
7.772084
7.747937
7.723804
7.699686
7.675582
7.651493
7.627419
7.603359
7.579315
7.555285
7.531271
7.507273
7.483290
7.459323
7.435371
7.411436
7.387517
7.363615
7.339728
7.315859
7.292006
7.268170
7.244352
7.220550
7.196766
7.173000
7.149251
7.125520
7.101807
7.078112
7.054436
7.030778
7.007138
6.983517
6.959916
6.936333
6.912770
6.889226
6.865701
6.842196
6.818712
6.795247
6.771802
6.748378
6.724974
6.701591
6.678229
6.654887
6.631567
6.608268
6.584991
6.561735
6.538501
6.515290
6.492100
6.468932
6.445787
6.422665
6.399566
6.376489
6.353436
6.330406
6.307399
6.284416
6.261457
6.238522
6.215611
6.192725
6.169863
6.147026
6.124213
6.101426
6.078663
6.055927
6.033215
6.010530
5.987870
5.965237
5.942630
5.920049
5.897495
5.874968
5.852467
5.829994
5.807548
5.785130
5.762740
5.740377
5.718042
5.695736
5.673458
5.651209
5.628989
5.606797
5.584635
5.562502
5.540399
5.518325
5.496281
5.474268
5.452284
5.430332
5.408409
5.386518
5.364658
5.342829
5.321031
5.299265
5.277531
5.255829
5.234159
5.212521
5.190916
5.169344
5.147804
5.126298
5.104825
5.083386
5.061980
5.040608
5.019271
4.997967
4.976699
4.955464
4.934265
4.913101
4.891972
4.870878
4.849821
4.828799
4.807813
4.786863
4.765950
4.745074
4.724234
4.703431
4.682666
4.661938
4.641248
4.620595
4.599981
4.579405
4.558867
4.538368
4.517908
4.497487
4.477105
4.456763
4.436460
4.416197
4.395974
4.375791
4.355649
4.335548
4.315487
4.295468
4.275489
4.255552
4.235657
4.215804
4.195993
4.176224
4.156498
4.136814
4.117174
4.097576
4.078022
4.058511
4.039044
4.019621
4.000242
3.980908
3.961618
3.942373
3.923173
3.904018
3.884908
3.865844
3.846826
3.827854
3.808928
3.790049
3.771216
3.752430
3.733692
3.715000
3.696356
3.677760
3.659212
3.640712
3.622260
3.603857
3.585502
3.567197
3.548941
3.530734
3.512577
3.494470
3.476413
3.458406
3.440449
3.422544
3.404689
3.386885
3.369133
3.351432
3.333783
3.316187
3.298642
3.281150
3.263710
3.246324
3.228990
3.211710
3.194484
3.177311
3.160192
3.143127
3.126117
3.109161
3.092261
3.075415
3.058625
3.041890
3.025211
3.008588
2.992021
2.975511
2.959057
2.942661
2.926321
2.910038
2.893814
2.877647
2.861538
2.845487
2.829494
2.813561
2.797686
2.781871
2.766114
2.750418
2.734781
2.719204
2.703688
2.688232
2.672837
2.657503
2.642230
2.627018
2.611869
2.596781
2.581755
2.566792
2.551891
2.537053
2.522278
2.507567
2.492919
2.478335
2.463814
2.449359
2.434967
2.420641
2.406379
2.392183
2.378052
2.363986
2.349987
2.336054
2.322187
2.308387
2.294654
2.280988
2.267389
2.253858
2.240395
2.227000
2.213673
2.200415
2.187226
2.174105
2.161055
2.148073
2.135162
2.122320
2.109549
2.096849
2.084219
2.071661
2.059173
2.046758
2.034414
2.022142
2.009942
1.997815
1.985761
1.973780
1.961872
1.950038
1.938278
1.926591
1.914979
1.903442
1.891979
1.880592
1.869280
1.858043
1.846883
1.835798
1.824790
1.813859
1.803004
1.792227
1.781527
1.770904
1.760360
1.749894
1.739506
1.729197
1.718967
1.708816
1.698745
1.688753
1.678841
1.669010
1.659259
1.649589
1.640001
1.630493
1.621067
1.611723
1.602461
1.593281
1.584184
1.575170
1.566240
1.557392
1.548629
1.539949
1.531354
1.522843
1.514417
1.506075
1.497820
1.489650
1.481565
1.473567
1.465655
1.457830
1.450092
1.442441
1.434878
1.427402
1.420014
1.412714
1.405503
1.398381
1.391348
1.384404
1.377550
1.370786
1.364112
1.357528
1.351035
1.344633
1.338323
1.332104
1.325976
1.319941
1.313998
1.308147
1.302389
1.296725
1.291154
1.285676
1.280293
1.275003
1.269808
1.264708
1.259703
1.254793
1.249979
1.245260
1.240638
1.236111
1.231682
1.227349
1.223114
1.218976
1.214935
1.210993
1.207148
1.203402
1.199755
1.196207
1.192758
1.189409
1.186159
1.183009
1.179960
1.177011
1.174163
1.171417
1.168771
1.166227
1.163785
1.161445
1.159207
1.157072
1.155040
1.153111
1.151286
1.149564
1.147946
1.146432
1.145022
1.143717
1.142517
1.141422
1.140432
1.139549
1.138770
1.138098
1.137533
1.137074
1.136722
1.136477
1.136339
1.136308
1.136386
1.136572
1.136865
1.137268
1.137779
1.138399
1.139128
1.139966
1.140914
1.141972
1.143141
1.144419
1.145808
1.147308
1.148918
1.150640
1.152473
1.154418
1.156475
1.158643
1.160924
1.163318
1.165824
1.168443
1.171174
1.174020
1.176978
1.180050
1.183237
1.186537
1.189951
1.193480
1.197123
1.200881
1.204755
1.208743
1.212847
1.217066
1.221401
1.225851
1.230418
1.235101
1.239900
1.244816
1.249849
1.254998
1.260265
1.265648
1.271149
1.276767
1.282503
1.288357
1.294329
1.300419
1.306626
1.312953
1.319397
1.325961
1.332643
1.339443
1.346363
1.353402
1.360560
1.367838
1.375235
1.382751
1.390387
1.398143
1.406018
1.414014
1.422129
1.430365
1.438721
1.447197
1.455794
1.464511
1.473349
1.482307
1.491386
1.500586
1.509906
1.519348
1.528910
1.538594
1.548398
1.558323
1.568370
1.578538
1.588827
1.599237
1.609769
1.620422
1.631196
1.642091
1.653108
1.664246
1.675506
1.686887
1.698390
1.710013
1.721759
1.733625
1.745613
1.757723
1.769953
1.782305
1.794778
1.807373
1.820089
1.832926
1.845884
1.858963
1.872163
1.885484
1.898926
1.912489
1.926173
1.939977
1.953902
1.967948
1.982114
1.996400
2.010807
2.025334
2.039981
2.054749
2.069636
2.084643
2.099769
2.115015
2.130381
2.145866
2.161470
2.177193
2.193035
2.208996
2.225075
2.241273
2.257589
2.274023
2.290575
2.307245
2.324032
2.340937
2.357960
2.375099
2.392355
2.409728
2.427217
2.444823
2.462544
2.480382
2.498335
2.516403
2.534587
2.552886
2.571299
2.589827
2.608469
2.627225
2.646094
2.665077
2.684173
2.703383
2.722704
2.742139
2.761685
2.781343
2.801112
2.820993
2.840985
2.861087
2.881300
2.901622
2.922055
2.942596
2.963247
2.984006
3.004874
3.025850
3.046933
3.068124
3.089422
3.110826
3.132337
3.153954
3.175676
3.197503
3.219435
3.241472
3.263612
3.285856
3.308204
3.330654
3.353206
3.375861
3.398617
3.421475
3.444433
3.467492
3.490650
3.513908
3.537266
3.560721
3.584275
3.607927
3.631676
3.655522
3.679464
3.703502
3.727635
3.751864
3.776186
3.800603
3.825114
3.849717
3.874413
3.899201
3.924081
3.949052
3.974113
3.999264
4.024505
4.049835
4.075253
4.100759
4.126353
4.152034
4.177801
4.203654
4.229592
4.255615
4.281722
4.307913
4.334186
4.360543
4.386981
4.413501
4.440102
4.466783
4.493544
4.520384
4.547302
4.574298
4.601372
4.628523
4.655750
4.683052
4.710430
4.737882
4.765408
4.793007
4.820679
4.848423
4.876238
4.904124
4.932080
4.960106
4.988200
5.016363
5.044594
5.072892
5.101256
5.129686
5.158181
5.186741
5.215365
5.244052
5.272802
5.301613
5.330486
5.359420
5.388413
5.417466
5.446578
5.475748
5.504975
5.534260
5.563600
5.592995
5.622446
5.651951
5.681509
5.711120
5.740783
5.770497
5.800262
5.830078
5.859943
5.889856
5.919818
5.949828
5.979884
6.009986
6.040133
6.070326
6.100562
6.130842
6.161164
6.191529
6.221934
6.252381
6.282867
6.313393
6.343958
6.374560
6.405200
6.435876
6.466588
6.497335
6.528117
6.558933
6.589782
6.620663
6.651576
6.682520
6.713495
6.744500
6.775533
6.806595
6.837685
6.868802
6.899945
6.931114
6.962307
6.993525
7.024767
7.056032
7.087319
7.118627
7.149957
7.181307
7.212676
7.244065
7.275471
7.306896
7.338337
7.369794
7.401267
7.432755
7.464257
7.495773
7.527302
7.558843
7.590395
7.621959
7.653533
7.685116
7.716709
7.748310
7.779918
7.811534
7.843156
7.874784
7.906417
7.938054
7.969696
8.001340
8.032987
8.064636
8.096287
8.127938
8.159589
8.191239
8.222889
8.254536
8.286181
8.317823
8.349462
8.381096
8.412725
8.444349
8.475966
8.507577
8.539181
8.570777
8.602364
8.633942
8.665510
8.697069
8.728616
8.760152
8.791676
8.823187
8.854685
8.886170
8.917640
8.949095
8.980535
9.011959
9.043366
9.074757
9.106129
9.137484
9.168819
9.200135
9.231432
9.262708
9.293963
9.325197
9.356409
9.387598
9.418764
9.449907
9.481025
9.512119
9.543188
9.574232
9.605249
9.636239
9.667203
9.698139
9.729047
9.759926
9.790776
9.821597
9.852388
9.883148
9.913877
9.944575
9.975241
10.005874
10.036475
10.067042
10.097576
10.128075
10.158540
10.188970
10.219364
10.249722
10.280044
10.310329
10.340577
10.370787
10.400959
10.431093
10.461187
10.491242
10.521258
10.551233
10.581168
10.611062
10.640915
10.670726
10.700494
10.730221
10.759904
10.789544
10.819141
10.848693
10.878201
10.907665
10.937083
10.966456
10.995783
11.025064
11.054299
11.083487
11.112627
11.141720
11.170766
11.199763
11.228711
11.257611
11.286462
11.315263
11.344014
11.372716
11.401367
11.429967
11.458516
11.487014
11.515461
11.543855
11.572198
11.600488
11.628725
11.656909
11.685040
11.713118
11.741142
11.769111
11.797027
11.824887
11.852693
11.880444
11.908139
11.935779
11.963363
11.990891
12.018363
12.045778
12.073136
12.100437
12.127681
12.154868
12.181996
12.209067
12.236080
12.263035
12.289931
12.316768
12.343547
12.370266
12.396926
12.423526
12.450067
12.476548
12.502968
12.529329
12.555629
12.581868
12.608047
12.634165
12.660221
12.686217
12.712150
12.738022
12.763833
12.789581
12.815268
12.840892
12.866454
12.891953
12.917389
12.942763
12.968074
12.993322
13.018506
13.043627
13.068685
13.093679
13.118610
13.143476
13.168279
13.193017
13.217692
13.242302
13.266847
13.291329
13.315745
13.340097
13.364384
13.388606
13.412763
13.436855
13.460882
13.484843
13.508739
13.532570
13.556335
13.580034
13.603668
13.627236
13.650738
13.674174
13.697544
13.720849
13.744087
13.767258
13.790364
13.813403
13.836376
13.859282
13.882122
13.904896
13.927602
13.950242
13.972816
13.995322
14.017762
14.040135
14.062441
14.084680
14.106853
14.128958
14.150996
14.172967
14.194871
14.216708
14.238478
14.260180
14.281815
14.303383
14.324884
14.346318
14.367684
14.388983
14.410214
14.431378
14.452475
14.473504
14.494466
14.515361
14.536188
14.556948
14.577640
14.598265
14.618822
14.639312
14.659734
14.680089
14.700376
14.720596
14.740749
14.760834
14.780851
14.800802
14.820684
14.840500
14.860247
14.879928
14.899541
14.919086
14.938564
14.957975
14.977319
14.996595
15.015804
15.034945
15.054019
15.073026
15.091966
15.110838
15.129643
15.148381
15.167052
15.185656
15.204192
15.222662
15.241064
15.259399
15.277668
15.295869
15.314003
15.332071
15.350071
15.368005
15.385871
15.403671
15.421405
15.439071
15.456671
15.474204
15.491670
15.509070
15.526403
15.543670
15.560870
15.578004
15.595071
15.612072
15.629007
15.645875
15.662677
15.679413
15.696082
15.712686
15.729223
15.745694
15.762100
15.778439
15.794712
15.810920
15.827061
15.843137
15.859147
15.875091
15.890970
15.906783
15.922531
15.938213
15.953829
15.969380
15.984866
16.000286
16.015641
16.030931
16.046155
16.061315
16.076409
16.091438
16.106402
16.121302
16.136136
16.150905
16.165610
16.180250
16.194825
16.209336
16.223782
16.238163
16.252480
16.266732
16.280920
16.295044
16.309103
16.323098
16.337029
16.350895
16.364698
16.378436
16.392111
16.405721
16.419268
16.432750
16.446169
16.459524
16.472816
16.486044
16.499208
16.512308
16.525345
16.538319
16.551229
16.564076
16.576860
16.589580
16.602237
16.614831
16.627362
16.639829
16.652234
16.664576
16.676855
16.689071
16.701224
16.713314
16.725342
16.737307
16.749210
16.761050
16.772827
16.784542
16.796194
16.807784
16.819312
16.830778
16.842181
16.853522
16.864801
16.876018
16.887173
16.898266
16.909297
16.920266
16.931173
16.942018
16.952802
16.963524
16.974184
16.984782
16.995319
17.005795
17.016209
17.026562
17.036853
17.047082
17.057251
17.067358
17.077404
17.087389
17.097313
17.107175
17.116977
17.126717
17.136397
17.146015
17.155573
17.165070
17.174506
17.183881
17.193196
17.202450
17.211643
17.220776
17.229848
17.238860
17.247811
17.256701
17.265531
17.274301
17.283011
17.291660
17.300249
17.308778
17.317246
17.325654
17.334003
17.342291
17.350519
17.358687
17.366795
17.374843
17.382832
17.390760
17.398629
17.406437
17.414186
17.421876
17.429505
17.437075
17.444585
17.452036
17.459427
17.466758
17.474030
17.481242
17.488395
17.495489
17.502523
17.509498
17.516413
17.523269
17.530066
17.536803
17.543482
17.550101
17.556661
17.563161
17.569603
17.575985
17.582309
17.588573
17.594778
17.600925
17.607012
17.613040
17.619010
17.624920
17.630772
17.636565
17.642299
17.647974
17.653590
17.659147
17.664646
17.670086
17.675468
17.680790
17.686054
17.691259
17.696406
17.701494
17.706523
17.711494
17.716407
17.721260
17.726055
17.730792
17.735470
17.740090
17.744651
17.749154
17.753598
17.757984
17.762312
17.766581
17.770792
17.774944
17.779038
17.783074
17.787052
17.790971
17.794832
17.798634
17.802379
17.806065
17.809693
17.813262
17.816774
17.820227
17.823622
17.826959
17.830237
17.833458
17.836620
17.839724
17.842770
17.845758
17.848688
17.851560
17.854373
17.857129
17.859826
17.862465
17.865047
17.867570
17.870035
17.872442
17.874791
17.877082
17.879315
17.881490
17.883607
17.885666
17.887667
17.889609
17.891494
17.893321
17.895090
17.896801
17.898454
17.900049
17.901586
17.903065
17.904486
17.905849
17.907154
17.908401
17.909590
17.910721
17.911794
17.912810
17.913767
17.914666
17.915508
17.916291
17.917017
17.917684
17.918294
17.918845
17.919339
17.919775
17.920153
17.920473
17.920734
17.920938
17.921084
17.921172
17.921203
17.921175
17.921089
17.920945
17.920744
17.920484
17.920166
17.919791
17.919357
17.918866
17.918316
17.917709
17.917043
17.916320
17.915539
17.914699
17.913802
17.912847
17.911834
17.910762
17.909633
17.908446
17.907201
17.905897
17.904536
17.903117
17.901640
17.900105
17.898511
17.896860
17.895151
17.893384
17.891558
17.889675
17.887734
17.885734
17.883677
17.881562
17.879388
17.877157
17.874867
17.872519
17.870114
17.867650
17.865128
17.862548
17.859910
17.857214
17.854460
17.851648
17.848778
17.845850
17.842863
17.839819
17.836716
17.833556
17.830337
17.827060
17.823725
17.820332
17.816881
17.813372
17.809805
17.806179
17.802496
17.798754
17.794954
17.791097
17.787181
17.783206
17.779174
17.775084
17.770935
17.766729
17.762464
17.758141
17.753760
17.749321
17.744824
17.740269
17.735655
17.730984
17.726254
17.721466
17.716620
17.711716
17.706754
17.701733
17.696655
17.691518
17.686324
17.681071
17.675760
17.670391
17.664964
17.659479
17.653935
17.648334
17.642675
17.636957
17.631181
17.625347
17.619456
17.613506
17.607498
17.601432
17.595307
17.589125
17.582885
17.576587
17.570230
17.563816
17.557344
17.550813
17.544225
17.537579
17.530874
17.524112
17.517291
17.510413
17.503477
17.496483
17.489430
17.482320
17.475152
17.467926
17.460642
17.453301
17.445901
17.438444
17.430928
17.423355
17.415724
17.408035
17.400289
17.392484
17.384622
17.376702
17.368724
17.360689
17.352596
17.344445
17.336236
17.327970
17.319646
17.311265
17.302826
17.294329
17.285775
17.277163
17.268493
17.259767
17.250982
17.242140
17.233241
17.224284
17.215270
17.206198
17.197069
17.187883
17.178639
17.169338
17.159980
17.150565
17.141092
17.131562
17.121975
17.112331
17.102629
17.092871
17.083055
17.073183
17.063253
17.053267
17.043223
17.033123
17.022965
17.012751
17.002480
16.992152
16.981767
16.971326
16.960828
16.950273
16.939662
16.928994
16.918269
16.907488
16.896651
16.885757
16.874806
16.863800
16.852736
16.841617
16.830441
16.819209
16.807921
16.796577
16.785177
16.773720
16.762208
16.750639
16.739015
16.727335
16.715599
16.703807
16.691959
16.680056
16.668097
16.656082
16.644012
16.631886
16.619705
16.607469
16.595177
16.582829
16.570427
16.557969
16.545456
16.532888
16.520265
16.507587
16.494854
16.482066
16.469223
16.456326
16.443374
16.430367
16.417305
16.404189
16.391019
16.377794
16.364514
16.351181
16.337793
16.324351
16.310854
16.297304
16.283700
16.270042
16.256329
16.242564
16.228744
16.214871
16.200944
16.186963
16.172930
16.158842
16.144702
16.130508
16.116261
16.101961
16.087608
16.073201
16.058742
16.044231
16.029666
16.015049
16.000379
15.985656
15.970882
15.956055
15.941175
15.926244
15.911260
15.896224
15.881136
15.865997
15.850805
15.835562
15.820267
15.804921
15.789523
15.774074
15.758574
15.743022
15.727419
15.711766
15.696061
15.680305
15.664499
15.648642
15.632735
15.616777
15.600768
15.584709
15.568600
15.552441
15.536232
15.519973
15.503665
15.487306
15.470898
15.454440
15.437933
15.421377
15.404771
15.388116
15.371413
15.354660
15.337858
15.321008
15.304109
15.287162
15.270166
15.253122
15.236029
15.218889
15.201701
15.184464
15.167180
15.149849
15.132470
15.115043
15.097569
15.080048
15.062479
15.044864
15.027202
15.009493
14.991738
14.973936
14.956087
14.938193
14.920252
14.902265
14.884232
14.866153
14.848029
14.829859
14.811643
14.793383
14.775077
14.756726
14.738330
14.719889
14.701403
14.682873
14.664299
14.645680
14.627017
14.608310
14.589559
14.570764
14.551925
14.533043
14.514117
14.495148
14.476136
14.457081
14.437983
14.418843
14.399659
14.380434
14.361165
14.341855
14.322503
14.303108
14.283672
14.264194
14.244675
14.225114
14.205512
14.185869
14.166185
14.146460
14.126695
14.106889
14.087042
14.067155
14.047229
14.027262
14.007255
13.987209
13.967123
13.946998
13.926834
13.906631
13.886389
13.866108
13.845788
13.825430
13.805034
13.784599
13.764126
13.743616
13.723068
13.702482
13.681859
13.661199
13.640502
13.619768
13.598997
13.578189
13.557345
13.536465
13.515548
13.494596
13.473608
13.452584
13.431524
13.410430
13.389300
13.368135
13.346935
13.325701
13.304432
13.283129
13.261792
13.240420
13.219015
13.197576
13.176104
13.154598
13.133059
13.111487
13.089882
13.068245
13.046575
13.024873
13.003138
12.981372
12.959573
12.937744
12.915882
12.893990
12.872066
12.850111
12.828125
12.806109
12.784063
12.761986
12.739879
12.717742
12.695576
12.673380
12.651154
12.628900
12.606616
12.584303
12.561962
12.539593
12.517195
12.494769
12.472315
12.449833
12.427324
12.404787
12.382223
12.359632
12.337014
12.314370
12.291699
12.269002
12.246278
12.223529
12.200754
12.177954
12.155128
12.132277
12.109400
12.086500
12.063574
12.040624
12.017650
11.994651
11.971629
11.948583
11.925514
11.902421
11.879306
11.856167
11.833005
11.809821
11.786615
11.763387
11.740136
11.716864
11.693570
11.670255
11.646918
11.623561
11.600182
11.576783
11.553364
11.529924
11.506465
11.482985
11.459486
11.435967
11.412429
11.388872
11.365296
11.341702
11.318089
11.294457
11.270808
11.247141
11.223455
11.199753
11.176033
11.152296
11.128542
11.104771
11.080984
11.057181
11.033361
11.009526
10.985674
10.961808
10.937925
10.914028
10.890116
10.866189
10.842248
10.818292
10.794322
10.770338
10.746341
10.722330
10.698305
10.674268
10.650217
10.626154
10.602078
10.577990
10.553890
10.529778
10.505654
10.481519
10.457372
10.433214
10.409046
10.384866
10.360676
10.336476
10.312266
10.288046
10.263816
10.239576
10.215328
10.191070
10.166803
10.142528
10.118244
10.093952
10.069652
10.045344
10.021028
9.996705
9.972375
9.948037
9.923693
9.899342
9.874984
9.850621
9.826251
9.801876
9.777495
9.753108
9.728716
9.704320
9.679918
9.655512
9.631102
9.606687
9.582268
9.557846
9.533420
9.508990
9.484558
9.460122
9.435684
9.411243
9.386800
9.362354
9.337907
9.313458
9.289007
9.264555
9.240102
9.215648
9.191194
9.166739
9.142283
9.117828
9.093372
9.068917
9.044462
9.020008
8.995555
8.971104
8.946653
8.922204
8.897757
8.873312
8.848869
8.824428
8.799990
8.775554
8.751122
8.726692
8.702267
8.677844
8.653426
8.629011
8.604601
8.580195
8.555794
8.531397
8.507005
8.482619
8.458238
8.433863
8.409494
8.385130
8.360773
8.336422
8.312078
8.287741
8.263411
8.239088
8.214772
8.190464
8.166164
8.141872
8.117589
8.093313
8.069047
8.044789
8.020540
7.996301
7.972071
7.947851
7.923641
7.899441
7.875251
7.851071
7.826902
7.802744
7.778598
7.754462
7.730338
7.706226
7.682125
7.658037
7.633961
7.609898
7.585847
7.561809
7.537784
7.513773
7.489775
7.465790
7.441820
7.417864
7.393922
7.369994
7.346081
7.322184
7.298301
7.274433
7.250581
7.226745
7.202925
7.179120
7.155333
7.131561
7.107806
7.084068
7.060348
7.036644
7.012958
6.989290
6.965640
6.942007
6.918393
6.894798
6.871221
6.847663
6.824124
6.800604
6.777104
6.753624
6.730163
6.706722
6.683302
6.659902
6.636523
6.613165
6.589828
6.566511
6.543217
6.519944
6.496693
6.473464
6.450257
6.427073
6.403911
6.380772
6.357656
6.334563
6.311494
6.288448
6.265426
6.242428
6.219455
6.196505
6.173581
6.150681
6.127806
6.104956
6.082131
6.059332
6.036559
6.013812
5.991091
5.968396
5.945728
5.923087
5.900472
5.877885
5.855325
5.832792
5.810288
5.787811
5.765362
5.742941
5.720549
5.698186
5.675851
5.653546
5.631270
5.609023
5.586806
5.564619
5.542462
5.520335
5.498239
5.476173
5.454138
5.432134
5.410161
5.388220
5.366310
5.344432
5.322586
5.300772
5.278991
5.257242
5.235526
5.213843
5.192193
5.170576
5.148993
5.127444
5.105928
5.084447
5.063000
5.041588
5.020210
4.998868
4.977560
4.956288
4.935051
4.913850
4.892685
4.871555
4.850462
4.829406
4.808386
4.787404
4.766458
4.745549
4.724678
4.703845
4.683049
4.662292
4.641572
4.620892
4.600249
4.579646
4.559082
4.538557
4.518071
4.497625
4.477219
4.456852
4.436526
4.416241
4.395996
4.375792
4.355628
4.335506
4.315426
4.295387
4.275390
4.255435
4.235522
4.215651
4.195823
4.176038
4.156296
4.136597
4.116941
4.097329
4.077761
4.058237
4.038757
4.019321
3.999930
3.980584
3.961283
3.942027
3.922816
3.903651
3.884532
3.865459
3.846432
3.827452
3.808518
3.789631
3.770791
3.751999
3.733253
3.714556
3.695906
3.677304
3.658751
3.640246
3.621790
3.603383
3.585024
3.566715
3.548456
3.530246
3.512087
3.493977
3.475918
3.457909
3.439951
3.422044
3.404188
3.386384
3.368631
3.350930
3.333281
3.315685
3.298140
3.280649
3.263210
3.245824
3.228492
3.211213
3.193988
3.176817
3.159700
3.142638
3.125630
3.108677
3.091779
3.074936
3.058148
3.041417
3.024741
3.008121
2.991558
2.975051
2.958601
2.942208
2.925872
2.909594
2.893373
2.877210
2.861105
2.845059
2.829071
2.813142
2.797272
2.781461
2.765710
2.750018
2.734386
2.718814
2.703303
2.687852
2.672462
2.657133
2.641865
2.626659
2.611514
2.596432
2.581411
2.566453
2.551558
2.536726
2.521956
2.507250
2.492608
2.478029
2.463514
2.449064
2.434678
2.420357
2.406101
2.391910
2.377784
2.363724
2.349730
2.335803
2.321941
2.308146
2.294419
2.280758
2.267165
2.253639
2.240181
2.226791
2.213469
2.200216
2.187032
2.173917
2.160871
2.147895
2.134989
2.122152
2.109386
2.096690
2.084066
2.071512
2.059029
2.046618
2.034279
2.022011
2.009816
1.997694
1.985644
1.973667
1.961764
1.949934
1.938178
1.926496
1.914888
1.903355
1.891896
1.880513
1.869204
1.857972
1.846815
1.835734
1.824730
1.813802
1.802951
1.792177
1.781480
1.770862
1.760320
1.749858
1.739473
1.729167
1.718940
1.708792
1.698724
1.688735
1.678826
1.668998
1.659250
1.649583
1.639996
1.630491
1.621068
1.611726
1.602467
1.593290
1.584195
1.575183
1.566255
1.557409
1.548648
1.539970
1.531377
1.522868
1.514444
1.506104
1.497850
1.489682
1.481599
1.473603
1.465693
1.457869
1.450132
1.442483
1.434920
1.427446
1.420059
1.412761
1.405551
1.398430
1.391398
1.384456
1.377603
1.370839
1.364166
1.357583
1.351091
1.344690
1.338380
1.332162
1.326035
1.320000
1.314058
1.308208
1.302450
1.296786
1.291216
1.285739
1.280355
1.275066
1.269872
1.264772
1.259767
1.254857
1.250043
1.245325
1.240702
1.236176
1.231747
1.227414
1.223179
1.219041
1.215000
1.211058
1.207213
1.203467
1.199820
1.196272
1.192822
1.189473
1.186223
1.183073
1.180024
1.177075
1.174226
1.171479
1.168833
1.166289
1.163847
1.161506
1.159268
1.157133
1.155100
1.153171
1.151345
1.149622
1.148004
1.146489
1.145079
1.143774
1.142573
1.141478
1.140488
1.139603
1.138824
1.138152
1.137586
1.137126
1.136773
1.136527
1.136389
1.136358
1.136435
1.136620
1.136913
1.137315
1.137825
1.138444
1.139173
1.140011
1.140958
1.142016
1.143183
1.144461
1.145849
1.147348
1.148958
1.150679
1.152512
1.154456
1.156512
1.158680
1.160960
1.163353
1.165858
1.168476
1.171207
1.174052
1.177010
1.180081
1.183267
1.186566
1.189980
1.193508
1.197150
1.200908
1.204780
1.208768
1.212871
1.217090
1.221424
1.225874
1.230440
1.235122
1.239921
1.244836
1.249868
1.255017
1.260282
1.265665
1.271165
1.276783
1.282519
1.288372
1.294343
1.300432
1.306639
1.312965
1.319409
1.325971
1.332653
1.339453
1.346372
1.353411
1.360568
1.367845
1.375241
1.382757
1.390392
1.398148
1.406023
1.414018
1.422133
1.430368
1.438723
1.447199
1.455795
1.464512
1.473349
1.482307
1.491385
1.500584
1.509904
1.519345
1.528907
1.538590
1.548394
1.558319
1.568365
1.578532
1.588821
1.599230
1.609762
1.620414
1.631188
1.642083
1.653099
1.664237
1.675496
1.686877
1.698379
1.710002
1.721747
1.733613
1.745601
1.757710
1.769940
1.782291
1.794764
1.807358
1.820074
1.832910
1.845868
1.858946
1.872146
1.885467
1.898909
1.912471
1.926154
1.939958
1.953883
1.967928
1.982094
1.996380
2.010787
2.025314
2.039960
2.054727
2.069614
2.084621
2.099747
2.114992
2.130358
2.145842
2.161446
2.177169
2.193010
2.208971
2.225050
2.241247
2.257563
2.273997
2.290549
2.307218
2.324005
2.340910
2.357932
2.375071
2.392327
2.409699
2.427188
2.444794
2.462515
2.480352
2.498305
2.516373
2.534556
2.552855
2.571268
2.589795
2.608437
2.627192
2.646062
2.665044
2.684140
2.703349
2.722671
2.742105
2.761651
2.781308
2.801078
2.820958
2.840950
2.861052
2.881264
2.901586
2.922018
2.942560
2.963210
2.983969
3.004837
3.025812
3.046896
3.068086
3.089384
3.110788
3.132298
3.153915
3.175636
3.197464
3.219395
3.241432
3.263572
3.285816
3.308163
3.330613
3.353165
3.375820
3.398576
3.421433
3.444391
3.467449
3.490608
3.513866
3.537223
3.560678
3.584232
3.607883
3.631632
3.655477
3.679419
3.703457
3.727590
3.751819
3.776141
3.800558
3.825068
3.849672
3.874367
3.899155
3.924035
3.949005
3.974066
3.999217
4.024458
4.049787
4.075206
4.100712
4.126305
4.151986
4.177752
4.203605
4.229543
4.255566
4.281673
4.307863
4.334137
4.360493
4.386931
4.413451
4.440052
4.466733
4.493493
4.520333
4.547251
4.574247
4.601321
4.628472
4.655698
4.683001
4.710378
4.737830
4.765356
4.792955
4.820626
4.848370
4.876185
4.904071
4.932027
4.960052
4.988147
5.016310
5.044540
5.072838
5.101202
5.129632
5.158127
5.186687
5.215311
5.243997
5.272747
5.301558
5.330431
5.359365
5.388358
5.417411
5.446523
5.475693
5.504920
5.534204
5.563544
5.592940
5.622390
5.651895
5.681453
5.711063
5.740726
5.770441
5.800206
5.830021
5.859886
5.889800
5.919761
5.949771
5.979827
6.009929
6.040076
6.070268
6.100505
6.130784
6.161107
6.191471
6.221877
6.252323
6.282810
6.313336
6.343900
6.374502
6.405142
6.435818
6.466530
6.497277
6.528059
6.558875
6.589724
6.620605
6.651518
6.682462
6.713437
6.744442
6.775475
6.806537
6.837627
6.868744
6.899887
6.931055
6.962249
6.993467
7.024709
7.055974
7.087261
7.118569
7.149899
7.181249
7.212618
7.244007
7.275413
7.306837
7.338279
7.369736
7.401209
7.432697
7.464199
7.495715
7.527244
7.558785
7.590337
7.621901
7.653475
7.685059
7.716651
7.748252
7.779861
7.811476
7.843099
7.874726
7.906359
7.937997
7.969638
8.001283
8.032930
8.064579
8.096229
8.127880
8.159532
8.191182
8.222832
8.254479
8.286124
8.317766
8.349405
8.381039
8.412668
8.444292
8.475910
8.507521
8.539124
8.570720
8.602307
8.633886
8.665454
8.697012
8.728560
8.760096
8.791620
8.823131
8.854630
8.886114
8.917584
8.949040
8.980480
9.011904
9.043311
9.074701
9.106074
9.137429
9.168764
9.200081
9.231377
9.262653
9.293909
9.325142
9.356354
9.387543
9.418710
9.449853
9.480971
9.512065
9.543134
9.574178
9.605195
9.636186
9.667150
9.698086
9.728994
9.759873
9.790723
9.821544
9.852335
9.883095
9.913825
9.944522
9.975188
10.005822
10.036423
10.066990
10.097524
10.128023
10.158488
10.188918
10.219312
10.249671
10.279993
10.310278
10.340526
10.370736
10.400908
10.431042
10.461136
10.491192
10.521207
10.551183
10.581118
10.611012
10.640865
10.670676
10.700444
10.730171
10.759854
10.789495
10.819091
10.848644
10.878152
10.907616
10.937034
10.966407
10.995735
11.025016
11.054250
11.083438
11.112579
11.141672
11.170718
11.199715
11.228663
11.257563
11.286414
11.315215
11.343967
11.372668
11.401319
11.429920
11.458469
11.486967
11.515414
11.543809
11.572151
11.600441
11.628679
11.656863
11.684994
11.713072
11.741096
11.769065
11.796981
11.824842
11.852648
11.880398
11.908094
11.935734
11.963318
11.990846
12.018318
12.045733
12.073091
12.100392
12.127637
12.154823
12.181952
12.209023
12.236036
12.262991
12.289887
12.316725
12.343503
12.370222
12.396882
12.423483
12.450024
12.476505
12.502926
12.529286
12.555586
12.581826
12.608005
12.634122
12.660179
12.686174
12.712108
12.737980
12.763791
12.789540
12.815226
12.840850
12.866412
12.891911
12.917348
12.942722
12.968033
12.993281
13.018465
13.043587
13.068644
13.093639
13.118569
13.143436
13.168239
13.192977
13.217652
13.242262
13.266808
13.291289
13.315705
13.340057
13.364344
13.388566
13.412724
13.436816
13.460842
13.484804
13.508700
13.532531
13.556296
13.579996
13.603629
13.627198
13.650700
13.674136
13.697506
13.720811
13.744049
13.767221
13.790326
13.813366
13.836338
13.859245
13.882085
13.904858
13.927565
13.950205
13.972779
13.995286
14.017725
14.040099
14.062405
14.084644
14.106816
14.128922
14.150960
14.172931
14.194835
14.216672
14.238442
14.260145
14.281780
14.303348
14.324849
14.346283
14.367649
14.388948
14.410179
14.431344
14.452440
14.473470
14.494432
14.515326
14.536154
14.556913
14.577606
14.598231
14.618788
14.639278
14.659700
14.680055
14.700343
14.720563
14.740716
14.760801
14.780818
14.800769
14.820651
14.840467
14.860215
14.879895
14.899508
14.919054
14.938532
14.957943
14.977287
14.996563
15.015772
15.034913
15.053987
15.072994
15.091934
15.110807
15.129612
15.148350
15.167021
15.185625
15.204161
15.222631
15.241033
15.259369
15.277637
15.295838
15.313973
15.332040
15.350041
15.367975
15.385842
15.403642
15.421375
15.439041
15.456641
15.474174
15.491641
15.509041
15.526374
15.543641
15.560841
15.577975
15.595042
15.612043
15.628978
15.645846
15.662649
15.679384
15.696054
15.712658
15.729195
15.745666
15.762072
15.778411
15.794685
15.810892
15.827034
15.843110
15.859120
15.875064
15.890943
15.906756
15.922504
15.938186
15.953803
15.969354
15.984839
16.000260
16.015615
16.030905
16.046129
16.061289
16.076383
16.091413
16.106377
16.121276
16.136111
16.150880
16.165585
16.180225
16.194800
16.209311
16.223757
16.238139
16.252456
16.266708
16.280896
16.295020
16.309079
16.323074
16.337005
16.350872
16.364674
16.378413
16.392088
16.405698
16.419245
16.432728
16.446147
16.459502
16.472793
16.486021
16.499185
16.512286
16.525323
16.538297
16.551207
16.564054
16.576838
16.589558
16.602215
16.614809
16.627340
16.639808
16.652213
16.664555
16.676834
16.689050
16.701203
16.713294
16.725322
16.737287
16.749189
16.761029
16.772807
16.784522
16.796174
16.807765
16.819292
16.830758
16.842161
16.853503
16.864782
16.875999
16.887154
16.898247
16.909278
16.920247
16.931154
16.942000
16.952783
16.963505
16.974166
16.984764
16.995301
17.005777
17.016191
17.026544
17.036835
17.047065
17.057234
17.067341
17.077387
17.087372
17.097296
17.107158
17.116960
17.126701
17.136380
17.145999
17.155557
17.165054
17.174490
17.183865
17.193180
17.202434
17.211628
17.220760
17.229832
17.238844
17.247795
17.256686
17.265516
17.274286
17.282996
17.291645
17.300234
17.308763
17.317232
17.325640
17.333988
17.342277
17.350505
17.358673
17.366781
17.374830
17.382818
17.390747
17.398615
17.406424
17.414173
17.421862
17.429492
17.437062
17.444572
17.452023
17.459414
17.466746
17.474018
17.481230
17.488383
17.495477
17.502511
17.509486
17.516401
17.523258
17.530054
17.536792
17.543470
17.550090
17.556649
17.563150
17.569592
17.575975
17.582298
17.588562
17.594768
17.600914
17.607002
17.613030
17.619000
17.624910
17.630762
17.636555
17.642289
17.647964
17.653580
17.659138
17.664637
17.670077
17.675458
17.680781
17.686045
17.691251
17.696397
17.701485
17.706515
17.711486
17.716398
17.721252
17.726047
17.730784
17.735462
17.740082
17.744644
17.749146
17.753591
17.757977
17.762305
17.766574
17.770785
17.774937
17.779032
17.783067
17.787045
17.790964
17.794825
17.798628
17.802372
17.806059
17.809686
17.813256
17.816768
17.820221
17.823616
17.826953
17.830232
17.833452
17.836615
17.839719
17.842765
17.845753
17.848683
17.851555
17.854368
17.857124
17.859821
17.862461
17.865042
17.867566
17.870031
17.872438
17.874787
17.877078
17.879311
17.881486
17.883603
17.885662
17.887663
17.889606
17.891491
17.893318
17.895087
17.896798
17.898451
17.900046
17.901583
17.903062
17.904483
17.905846
17.907152
17.908399
17.909588
17.910719
17.911793
17.912808
17.913765
17.914665
17.915506
17.916290
17.917016
17.917683
17.918293
17.918845
17.919338
17.919774
17.920152
17.920472
17.920734
17.920938
17.921084
17.921172
17.942532
17.955370
17.960625
17.959139
17.951675
17.938918
17.921484
17.899929
17.874754
17.846410
17.815301
17.781793
17.746215
17.708860
17.669996
17.629861
17.588669
17.546613
17.503867
17.460586
17.416908
17.372959
17.328851
17.284683
17.240546
17.196518
17.152672
17.109071
17.065770
17.022820
16.980266
16.938146
16.896495
16.855343
16.814716
16.774637
16.735127
16.696202
16.657876
16.620162
16.583069
16.546607
16.510781
16.475596
16.441057
16.407164
16.373921
16.341326
16.309379
16.278078
16.247422
16.217406
16.188028
16.159283
16.131166
16.103673
16.076798
16.050534
16.024876
15.999817
15.975351
15.951469
15.928166
15.905432
15.883262
15.861646
15.840578
15.820049
15.800051
15.780575
15.761614
15.743160
15.725202
15.707735
15.690748
15.674233
15.658182
15.642586
15.627437
15.612726
15.598445
15.584585
15.571138
15.558094
15.545447
15.533187
15.521305
15.509794
15.498646
15.487851
15.477402
15.467291
15.457509
15.448049
15.438902
15.430060
15.421516
15.413262
15.405290
15.397592
15.390161
15.382989
15.376069
15.369392
15.362953
15.356743
15.350756
15.344984
15.339420
15.334058
15.328890
15.323909
15.319110
15.314485
15.310027
15.305731
15.301589
15.297596
15.293745
15.290030
15.286445
15.282985
15.279642
15.276412
15.273289
15.270266
15.267339
15.264502
15.261749
15.259075
15.256476
15.253946
15.251479
15.249071
15.246717
15.244413
15.242153
15.239932
15.237747
15.235593
15.233465
15.231360
15.229272
15.227198
15.225134
15.223076
15.221020
15.218961
15.216897
15.214824
15.212737
15.210634
15.208511
15.206366
15.204193
15.201991
15.199756
15.197485
15.195175
15.192824
15.190428
15.187984
15.185491
15.182944
15.180343
15.177683
15.174964
15.172182
15.169335
15.166421
15.163438
15.160384
15.157256
15.154054
15.150773
15.147414
15.143974
15.140452
15.136845
15.133152
15.129372
15.125503
15.121543
15.117492
15.113347
15.109109
15.104774
15.100343
15.095813
15.091185
15.086457
15.081627
15.076696
15.071661
15.066523
15.061280
15.055931
15.050477
15.044916
15.039247
15.033470
15.027585
15.021591
15.015487
15.009273
15.002948
14.996513
14.989967
14.983309
14.976539
14.969657
14.962664
14.955557
14.948339
14.941007
14.933563
14.926007
14.918337
14.910555
14.902659
14.894652
14.886531
14.878298
14.869953
14.861495
14.852925
14.844243
14.835450
14.826545
14.817529
14.808402
14.799164
14.789816
14.780358
14.770791
14.761114
14.751328
14.741434
14.731431
14.721321
14.711104
14.700780
14.690350
14.679813
14.669172
14.658426
14.647575
14.636620
14.625563
14.614402
14.603139
14.591775
14.580310
14.568744
14.557078
14.545314
14.533450
14.521488
14.509429
14.497273
14.485021
14.472674
14.460231
14.447694
14.435064
14.422340
14.409524
14.396616
14.383618
14.370529
14.357350
14.344082
14.330726
14.317282
14.303751
14.290133
14.276430
14.262642
14.248769
14.234812
14.220773
14.206651
14.192447
14.178163
14.163798
14.149353
14.134829
14.120227
14.105547
14.090790
14.075956
14.061047
14.046062
14.031003
14.015871
14.000665
13.985386
13.970036
13.954614
13.939121
13.923559
13.907927
13.892226
13.876457
13.860620
13.844717
13.828747
13.812711
13.796610
13.780444
13.764215
13.747922
13.731566
13.715148
13.698667
13.682126
13.665524
13.648862
13.632141
13.615360
13.598521
13.581625
13.564670
13.547659
13.530591
13.513468
13.496289
13.479055
13.461767
13.444425
13.427030
13.409581
13.392081
13.374528
13.356924
13.339268
13.321562
13.303806
13.286000
13.268145
13.250241
13.232288
13.214288
13.196240
13.178144
13.160002
13.141814
13.123579
13.105299
13.086974
13.068604
13.050189
13.031731
13.013228
12.994683
12.976094
12.957463
12.938789
12.920074
12.901316
12.882518
12.863678
12.844798
12.825878
12.806918
12.787918
12.768878
12.749800
12.730683
12.711527
12.692333
12.673102
12.653832
12.634526
12.615182
12.595802
12.576385
12.556932
12.537442
12.517918
12.498357
12.478762
12.459131
12.439466
12.419766
12.400032
12.380265
12.360463
12.340628
12.320759
12.300857
12.280923
12.260956
12.240956
12.220924
12.200860
12.180764
12.160637
12.140478
12.120288
12.100067
12.079815
12.059533
12.039220
12.018877
11.998504
11.978101
11.957668
11.937205
11.916714
11.896193
11.875643
11.855064
11.834457
11.813821
11.793157
11.772464
11.751744
11.730996
11.710220
11.689416
11.668585
11.647727
11.626842
11.605930
11.584992
11.564026
11.543035
11.522016
11.500972
11.479902
11.458806
11.437684
11.416537
11.395364
11.374166
11.352943
11.331695
11.310421
11.289124
11.267801
11.246455
11.225083
11.203688
11.182269
11.160826
11.139359
11.117868
11.096354
11.074817
11.053256
11.031672
11.010066
10.988436
10.966784
10.945109
10.923412
10.901693
10.879951
10.858188
10.836402
10.814595
10.792766
10.770916
10.749044
10.727151
10.705238
10.683303
10.661347
10.639371
10.617374
10.595356
10.573319
10.551261
10.529183
10.507086
10.484968
10.462831
10.440675
10.418499
10.396304
10.374090
10.351857
10.329605
10.307335
10.285046
10.262739
10.240413
10.218070
10.195708
10.173329
10.150932
10.128518
10.106086
10.083636
10.061170
10.038687
10.016187
9.993670
9.971137
9.948587
9.926022
9.903440
9.880842
9.858228
9.835599
9.812954
9.790294
9.767619
9.744928
9.722223
9.699503
9.676768
9.654019
9.631256
9.608478
9.585687
9.562881
9.540063
9.517230
9.494384
9.471525
9.448653
9.425768
9.402870
9.379960
9.357037
9.334102
9.311155
9.288196
9.265225
9.242243
9.219249
9.196244
9.173228
9.150201
9.127163
9.104114
9.081055
9.057986
9.034906
9.011817
8.988718
8.965609
8.942491
8.919363
8.896227
8.873081
8.849927
8.826764
8.803593
8.780413
8.757226
8.734030
8.710827
8.687616
8.664398
8.641173
8.617940
8.594701
8.571455
8.548203
8.524944
8.501680
8.478409
8.455132
8.431850
8.408563
8.385270
8.361972
8.338670
8.315362
8.292051
8.268734
8.245414
8.222090
8.198762
8.175430
8.152095
8.128757
8.105416
8.082071
8.058725
8.035375
8.012024
7.988670
7.965315
7.941957
7.918599
7.895238
7.871877
7.848515
7.825152
7.801788
7.778424
7.755060
7.731695
7.708331
7.684967
7.661604
7.638241
7.614880
7.591519
7.568160
7.544802
7.521446
7.498092
7.474740
7.451390
7.428043
7.404698
7.381356
7.358017
7.334682
7.311350
7.288021
7.264696
7.241376
7.218059
7.194747
7.171440
7.148137
7.124839
7.101547
7.078260
7.054978
7.031702
7.008432
6.985169
6.961911
6.938660
6.915416
6.892179
6.868949
6.845726
6.822511
6.799304
6.776104
6.752913
6.729730
6.706555
6.683389
6.660232
6.637085
6.613946
6.590817
6.567698
6.544588
6.521489
6.498400
6.475321
6.452253
6.429196
6.406150
6.383115
6.360092
6.337080
6.314081
6.291093
6.268118
6.245155
6.222204
6.199267
6.176342
6.153431
6.130534
6.107650
6.084779
6.061923
6.039081
6.016254
5.993441
5.970643
5.947860
5.925092
5.902340
5.879603
5.856882
5.834177
5.811488
5.788816
5.766160
5.743522
5.720900
5.698295
5.675708
5.653138
5.630586
5.608053
5.585537
5.563040
5.540561
5.518101
5.495660
5.473239
5.450837
5.428454
5.406091
5.383748
5.361425
5.339123
5.316841
5.294580
5.272340
5.250121
5.227923
5.205747
5.183593
5.161461
5.139351
5.117263
5.095198
5.073156
5.051136
5.029140
5.007167
4.985217
4.963292
4.941390
4.919512
4.897659
4.875830
4.854027
4.832247
4.810494
4.788765
4.767062
4.745385
4.723733
4.702108
4.680509
4.658937
4.637391
4.615872
4.594380
4.572916
4.551479
4.530070
4.508689
4.487336
4.466011
4.444715
4.423447
4.402209
4.380999
4.359819
4.338668
4.317547
4.296456
4.275395
4.254365
4.233365
4.212395
4.191457
4.170549
4.149673
4.128829
4.108016
4.087235
4.066486
4.045769
4.025085
4.004434
3.983815
3.963230
3.942678
3.922160
3.901675
3.881224
3.860807
3.840425
3.820077
3.799764
3.779485
3.759242
3.739035
3.718862
3.698726
3.678625
3.658561
3.638533
3.618541
3.598587
3.578669
3.558788
3.538945
3.519139
3.499371
3.479641
3.459949
3.440296
3.420681
3.401105
3.381568
3.362070
3.342612
3.323193
3.303814
3.284475
3.265176
3.245918
3.226700
3.207524
3.188388
3.169294
3.150241
3.131229
3.112260
3.093333
3.074448
3.055605
3.036805
3.018049
2.999335
2.980665
2.962038
2.943455
2.924916
2.906421
2.887971
2.869565
2.851204
2.832888
2.814618
2.796392
2.778213
2.760079
2.741992
2.723951
2.705956
2.688008
2.670107
2.652253
2.634447
2.616688
2.598977
2.581314
2.563699
2.546133
2.528615
2.511146
2.493727
2.476357
2.459036
2.441765
2.424544
2.407373
2.390253
2.373183
2.356164
2.339196
2.322280
2.305415
2.288601
2.271840
2.255131
2.238474
2.221870
2.205319
2.188821
2.172376
2.155984
2.139647
2.123363
2.107133
2.090958
2.074838
2.058772
2.042762
2.026806
2.010907
1.995063
1.979275
1.963543
1.947868
1.932249
1.916688
1.901183
1.885736
1.870346
1.855015
1.839741
1.824526
1.809369
1.794271
1.779231
1.764251
1.749331
1.734470
1.719669
1.704928
1.690248
1.675628
1.661069
1.646571
1.632135
1.617760
1.603447
1.589195
1.575007
1.560880
1.546816
1.532816
1.518878
1.505004
1.491194
1.477448
1.463765
1.450148
1.436594
1.423106
1.409683
1.396325
1.383033
1.369807
1.356647
1.343553
1.330526
1.317566
1.304672
1.291846
1.279088
1.266398
1.253775
1.241221
1.228735
1.216319
1.203971
1.191692
1.179484
1.167344
1.155275
1.143277
1.131348
1.119491
1.107705
1.095990
1.084346
1.072774
1.061274
1.049847
1.038492
1.027210
1.016001
1.004865
0.993803
0.982815
0.971900
0.961060
0.950295
0.939604
0.928989
0.918449
0.907984
0.897595
0.887282
0.877046
0.866886
0.856803
0.846798
0.836869
0.827019
0.817246
0.807551
0.797935
0.788397
0.778938
0.769558
0.760258
0.751038
0.741897
0.732837
0.723857
0.714958
0.706140
0.697403
0.688747
0.680173
0.671682
0.663272
0.654945
0.646701
0.638540
0.630462
0.622468
0.614557
0.606731
-0.601011
0.736763
0.713478
0.691930
0.671945
0.653370
0.636067
0.619911
0.604792
-0.609390
0.722738
0.694455
0.668523
0.644704
0.622787
0.602583
-0.616079
0.712134
0.680393
0.651437
0.624986
0.600785
-0.621390
0.703760
0.669320
0.638013
0.609521
-0.616442
0.705388
0.668013
0.634133
0.603393
-0.624526
0.695623
0.656781
0.621644
-0.610165
0.706559
0.664684
0.626877
-0.607276
0.707408
0.663739
0.624373
-0.611130
0.702404
0.657738
0.617527
-0.618687
0.694269
0.649119
0.608521
-0.627992
0.684754
0.639450
-0.601239
0.707814
0.659231
0.615643
-0.623463
0.687064
0.639836
-0.602492
0.705197
0.655455
0.610914
-0.628962
0.680978
0.633289
-0.609368
0.698127
0.648277
0.603722
-0.636081
0.674026
0.626550
-0.615832
0.692012
0.642538
-0.601595
0.704726
0.653917
0.608627
-0.631713
0.678058
0.630377
-0.612067
0.695867
0.646569
0.602715
-0.636254
0.674846
0.628420
-0.612815
0.696301
0.648129
0.605368
-0.632537
0.679614
0.634198
-0.606048
0.704053
0.656831
0.615007
-0.621976
0.691101
0.646583
0.607227
-0.627499
0.687653
0.645033
0.607423
-0.625691
0.690958
0.649718
0.613392
-0.618526
0.699250
0.659058
0.623718
-0.607268
0.711395
0.672039
0.637496
0.607271
-0.619078
0.703801
0.668270
0.637210
0.610161
-0.613287
0.712255
0.679158
0.650335
0.625349
0.603806
-0.614643
0.715447
0.686485
0.661433
0.639891
0.621501
0.605943
-0.607069
0.727973
0.703518
0.682580
0.664800
0.649858
0.637468
0.627371
0.619338
0.613162
0.608661
0.605668
0.604035
0.603632
0.604339
0.606050
0.608671
0.612117
0.616312
0.621188
0.626684
0.632746
0.639325
0.646378
0.653866
0.661753
0.670009
0.678606
0.687518
0.696724
0.706204
0.715939
0.725913
0.736113
0.746526
0.757140
0.767945
0.778932
0.790092
0.801419
0.812906
0.824547
0.836337
0.848271
0.860345
0.872556
0.884900
0.897374
0.909976
0.922703
0.935553
0.948525
0.961616
0.974825
0.988151
1.001592
1.015148
1.028817
1.042599
1.056493
1.070499
1.084614
1.098840
1.113176
1.127620
1.142174
1.156835
1.171605
1.186482
1.201467
1.216559
1.231758
1.247063
1.262476
1.277994
1.293618
1.309349
1.325185
1.341127
1.357174
1.373326
1.389584
1.405946
1.422413
1.438985
1.455662
1.472443
1.489328
1.506317
1.523410
1.540606
1.557906
1.575310
1.592817
1.610427
1.628139
1.645955
1.663872
1.681893
1.700015
1.718239
1.736565
1.754992
1.773521
1.792151
1.810881
1.829712
1.848644
1.867676
1.886807
1.906039
1.925369
1.944799
1.964328
1.983955
2.003681
2.023505
2.043427
2.063446
2.083562
2.103776
2.124086
2.144492
2.164995
2.185593
2.206286
2.227075
2.247959
2.268936
2.290008
2.311174
2.332433
2.353786
2.375231
2.396768
2.418398
2.440119
2.461931
2.483834
2.505828
2.527912
2.550086
2.572349
2.594701
2.617141
2.639670
2.662287
2.684991
2.707781
2.730659
2.753622
2.776671
2.799806
2.823025
2.846329
2.869716
2.893187
2.916741
2.940378
2.964097
2.987897
3.011779
3.035741
3.059784
3.083907
3.108109
3.132389
3.156748
3.181185
3.205700
3.230291
3.254959
3.279702
3.304521
3.329415
3.354384
3.379426
3.404541
3.429730
3.454991
3.480323
3.505727
3.531202
3.556746
3.582361
3.608045
3.633797
3.659618
3.685506
3.711461
3.737482
3.763569
3.789722
3.815940
3.842221
3.868567
3.894975
3.921446
3.947980
3.974574
4.001229
4.027945
4.054720
4.081555
4.108448
4.135399
4.162407
4.189473
4.216594
4.243771
4.271004
4.298290
4.325631
4.353025
4.380471
4.407970
4.435520
4.463121
4.490773
4.518474
4.546224
4.574023
4.601870
4.629764
4.657704
4.685691
4.713723
4.741801
4.769922
4.798087
4.826296
4.854546
4.882839
4.911173
4.939547
4.967962
4.996415
5.024908
5.053439
5.082007
5.110613
5.139254
5.167932
5.196644
5.225391
5.254172
5.282986
5.311833
5.340712
5.369622
5.398563
5.427534
5.456535
5.485565
5.514623
5.543709
5.572822
5.601961
5.631127
5.660318
5.689533
5.718772
5.748035
5.777321
5.806629
5.835959
5.865309
5.894680
5.924071
5.953481
5.982910
6.012357
6.041821
6.071302
6.100799
6.130312
6.159839
6.189382
6.218937
6.248507
6.278088
6.307682
6.337287
6.366903
6.396530
6.426166
6.455811
6.485465
6.515126
6.544795
6.574471
6.604153
6.633840
6.663533
6.693230
6.722931
6.752635
6.782342
6.812051
6.841762
6.871474
6.901186
6.930898
6.960610
6.990321
7.020030
7.049736
7.079440
7.109140
7.138837
7.168529
7.198216
7.227898
7.257573
7.287242
7.316904
7.346558
7.376204
7.405842
7.435470
7.465088
7.494696
7.524293
7.553879
7.583454
7.613015
7.642565
7.672100
7.701622
7.731130
7.760623
7.790100
7.819562
7.849007
7.878436
7.907847
7.937241
7.966617
7.995973
8.025311
8.054629
8.083927
8.113204
8.142461
8.171695
8.200908
8.230099
8.259267
8.288411
8.317532
8.346628
8.375700
8.404747
8.433768
8.462763
8.491732
8.520674
8.549589
8.578477
8.607336
8.636167
8.664969
8.693742
8.722485
8.751198
8.779880
8.808532
8.837152
8.865740
8.894297
8.922821
8.951312
8.979770
9.008195
9.036585
9.064941
9.093263
9.121549
9.149800
9.178015
9.206194
9.234336
9.262442
9.290510
9.318541
9.346534
9.374488
9.402405
9.430282
9.458119
9.485918
9.513676
9.541394
9.569072
9.596709
9.624304
9.651858
9.679371
9.706841
9.734268
9.761653
9.788995
9.816294
9.843549
9.870761
9.897928
9.925050
9.952128
9.979161
10.006149
10.033091
10.059987
10.086837
10.113641
10.140398
10.167108
10.193771
10.220387
10.246955
10.273475
10.299947
10.326370
10.352745
10.379072
10.405349
10.431576
10.457755
10.483883
10.509961
10.535989
10.561967
10.587894
10.613770
10.639596
10.665369
10.691092
10.716762
10.742381
10.767947
10.793462
10.818923
10.844332
10.869689
10.894992
10.920241
10.945438
10.970581
10.995670
11.020705
11.045686
11.070612
11.095484
11.120302
11.145064
11.169772
11.194425
11.219022
11.243564
11.268050
11.292481
11.316855
11.341174
11.365436
11.389642
11.413792
11.437885
11.461922
11.485901
11.509824
11.533689
11.557497
11.581248
11.604941
11.628577
11.652155
11.675675
11.699137
11.722541
11.745887
11.769174
11.792403
11.815574
11.838686
11.861739
11.884734
11.907669
11.930546
11.953364
11.976122
11.998821
12.021461
12.044041
12.066561
12.089022
12.111424
12.133765
12.156047
12.178269
12.200430
12.222532
12.244574
12.266555
12.288476
12.310336
12.332137
12.353876
12.375555
12.397174
12.418732
12.440229
12.461665
12.483040
12.504355
12.525609
12.546801
12.567933
12.589003
12.610012
12.630961
12.651847
12.672673
12.693437
12.714140
12.734782
12.755362
12.775880
12.796337
12.816733
12.837067
12.857339
12.877550
12.897699
12.917786
12.937812
12.957776
12.977678
12.997519
13.017297
13.037014
13.056669
13.076262
13.095793
13.115262
13.134669
13.154015
13.173298
13.192520
13.211679
13.230777
13.249812
13.268786
13.287697
13.306547
13.325334
13.344060
13.362723
13.381324
13.399864
13.418341
13.436756
13.455109
13.473401
13.491630
13.509797
13.527902
13.545945
13.563926
13.581845
13.599702
13.617497
13.635230
13.652900
13.670509
13.688056
13.705541
13.722964
13.740326
13.757625
13.774862
13.792037
13.809151
13.826202
13.843192
13.860120
13.876986
13.893790
13.910533
13.927214
13.943832
13.960390
13.976885
13.993319
14.009691
14.026001
14.042250
14.058437
14.074563
14.090627
14.106629
14.122570
14.138449
14.154267
14.170024
14.185719
14.201352
14.216924
14.232435
14.247885
14.263273
14.278600
14.293866
14.309070
14.324214
14.339296
14.354317
14.369277
14.384176
14.399013
14.413790
14.428506
14.443161
14.457755
14.472288
14.486760
14.501171
14.515522
14.529811
14.544040
14.558209
14.572316
14.586363
14.600349
14.614275
14.628140
14.641945
14.655689
14.669373
14.682997
14.696560
14.710062
14.723505
14.736887
14.750208
14.763470
14.776671
14.789813
14.802894
14.815915
14.828876
14.841777
14.854618
14.867399
14.880121
14.892782
14.905384
14.917925
14.930407
14.942830
14.955192
14.967495
14.979738
14.991922
15.004046
15.016111
15.028116
15.040062
15.051948
15.063775
15.075543
15.087251
15.098900
15.110490
15.122020
15.133491
15.144904
15.156257
15.167551
15.178786
15.189962
15.201079
15.212137
15.223136
15.234077
15.244958
15.255781
15.266545
15.277250
15.287897
15.298485
15.309014
15.319485
15.329897
15.340250
15.350546
15.360782
15.370960
15.381080
15.391142
15.401145
15.411089
15.420976
15.430804
15.440574
15.450286
15.459940
15.469535
15.479073
15.488553
15.497974
15.507337
15.516643
15.525891
15.535080
15.544212
15.553286
15.562302
15.571260
15.580161
15.589004
15.597789
15.606517
15.615187
15.623799
15.632354
15.640851
15.649290
15.657672
15.665997
15.674264
15.682474
15.690626
15.698721
15.706759
15.714739
15.722662
15.730528
15.738337
15.746088
15.753782
15.761419
15.768999
15.776522
15.783987
15.791396
15.798747
15.806042
15.813279
15.820460
15.827583
15.834650
15.841660
15.848613
15.855509
15.862348
15.869130
15.875856
15.882525
15.889137
15.895692
15.902191
15.908632
15.915018
15.921346
15.927618
15.933833
15.939992
15.946094
15.952140
15.958129
15.964061
15.969937
15.975757
15.981520
15.987227
15.992877
15.998470
16.004008
16.009489
16.014913
16.020282
16.025594
16.030849
16.036048
16.041191
16.046278
16.051309
16.056283
16.061201
16.066063
16.070868
16.075618
16.080311
16.084948
16.089529
16.094053
16.098522
16.102935
16.107291
16.111591
16.115835
16.120024
16.124156
16.128232
16.132252
16.136216
16.140124
16.143976
16.147772
16.151512
16.155196
16.158824
16.162396
16.165913
16.169373
16.172777
16.176126
16.179418
16.182655
16.185836
16.188961
16.192030
16.195043
16.198000
16.200901
16.203747
16.206537
16.209271
16.211949
16.214571
16.217137
16.219648
16.222103
16.224502
16.226845
16.229133
16.231364
16.233540
16.235660
16.237725
16.239733
16.241686
16.243583
16.245425
16.247210
16.248940
16.250614
16.252233
16.253796
16.255303
16.256754
16.258149
16.259489
16.260773
16.262002
16.263174
16.264291
16.265353
16.266358
16.267308
16.268202
16.269041
16.269824
16.270551
16.271222
16.271838
16.272398
16.272903
16.273351
16.273744
16.274082
16.274364
16.274590
16.274760
16.274875
16.274934
16.274937
16.274885
16.274777
16.274613
16.274394
16.274119
16.273788
16.273402
16.272960
16.272462
16.271909
16.271300
16.270635
16.269915
16.269139
16.268307
16.267420
16.266477
16.265478
16.264424
16.263314
16.262148
16.260927
16.259650
16.258318
16.256929
16.255485
16.253986
16.252430
16.250820
16.249153
16.247431
16.245653
16.243819
16.241930
16.239985
16.237985
16.235928
16.233816
16.231649
16.229426
16.227147
16.224812
16.222422
16.219976
16.217475
16.214918
16.212305
16.209637
16.206912
16.204133
16.201297
16.198406
16.195459
16.192457
16.189399
16.186285
16.183116
16.179891
16.176611
16.173274
16.169882
16.166435
16.162932
16.159373
16.155759
16.152089
16.148363
16.144582
16.140745
16.136852
16.132904
16.128901
16.124841
16.120726
16.116556
16.112330
16.108048
16.103711
16.099318
16.094869
16.090365
16.085806
16.081191
16.076520
16.071794
16.067012
16.062175
16.057282
16.052333
16.047329
16.042270
16.037155
16.031984
16.026758
16.021477
16.016140
16.010748
16.005300
15.999796
15.994238
15.988623
15.982954
15.977229
15.971448
15.965612
15.959721
15.953774
15.947772
15.941715
15.935602
15.929434
15.923210
15.916932
15.910597
15.904208
15.897763
15.891263
15.884708
15.878098
15.871432
15.864711
15.857935
15.851104
15.844217
15.837275
15.830278
15.823226
15.816119
15.808957
15.801740
15.794468
15.787140
15.779758
15.772320
15.764828
15.757280
15.749678
15.742020
15.734308
15.726541
15.718719
15.710842
15.702910
15.694923
15.686882
15.678786
15.670635
15.662429
15.654168
15.645853
15.637483
15.629059
15.620580
15.612046
15.603457
15.594815
15.586117
15.577365
15.568559
15.559698
15.550783
15.541813
15.532789
15.523711
15.514578
15.505391
15.496150
15.486854
15.477504
15.468101
15.458643
15.449131
15.439564
15.429944
15.420270
15.410542
15.400760
15.390924
15.381034
15.371090
15.361092
15.351041
15.340936
15.330777
15.320565
15.310299
15.299979
15.289606
15.279179
15.268699
15.258165
15.247578
15.236938
15.226244
15.215497
15.204697
15.193844
15.182937
15.171978
15.160965
15.149899
15.138781
15.127609
15.116385
15.105107
15.093777
15.082394
15.070959
15.059471
15.047930
15.036337
15.024691
15.012993
15.001242
14.989439
14.977584
14.965676
14.953716
14.941704
14.929640
14.917524
14.905356
14.893136
14.880864
14.868541
14.856165
14.843738
14.831259
14.818729
14.806147
14.793514
14.780829
14.768093
14.755306
14.742467
14.729577
14.716636
14.703644
14.690601
14.677507
14.664363
14.651167
14.637921
14.624624
14.611276
14.597878
14.584430
14.570931
14.557382
14.543782
14.530132
14.516433
14.502683
14.488883
14.475033
14.461134
14.447184
14.433185
14.419136
14.405038
14.390891
14.376694
14.362447
14.348152
14.333807
14.319413
14.304970
14.290478
14.275938
14.261348
14.246710
14.232023
14.217288
14.202504
14.187672
14.172792
14.157863
14.142887
14.127862
14.112789
14.097669
14.082500
14.067284
14.052021
14.036710
14.021351
14.005945
13.990492
13.974992
13.959445
13.943850
13.928209
13.912521
13.896786
13.881005
13.865177
13.849303
13.833383
13.817416
13.801403
13.785344
13.769239
13.753089
13.736892
13.720650
13.704363
13.688030
13.671651
13.655228
13.638759
13.622245
13.605686
13.589083
13.572434
13.555742
13.539004
13.522222
13.505396
13.488526
13.471612
13.454653
13.437651
13.420605
13.403515
13.386382
13.369205
13.351985
13.334722
13.317416
13.300067
13.282674
13.265239
13.247762
13.230242
13.212679
13.195074
13.177427
13.159738
13.142007
13.124235
13.106420
13.088564
13.070666
13.052727
13.034747
13.016726
12.998663
12.980560
12.962416
12.944232
12.926007
12.907741
12.889436
12.871090
12.852704
12.834279
12.815813
12.797308
12.778764
12.760180
12.741557
12.722895
12.704193
12.685453
12.666675
12.647857
12.629002
12.610108
12.591175
12.572205
12.553197
12.534151
12.515067
12.495946
12.476788
12.457592
12.438359
12.419090
12.399783
12.380440
12.361060
12.341644
12.322191
12.302703
12.283178
12.263618
12.244022
12.224390
12.204723
12.185021
12.165283
12.145511
12.125703
12.105861
12.085985
12.066074
12.046129
12.026149
12.006136
11.986089
11.966008
11.945894
11.925746
11.905565
11.885352
11.865105
11.844825
11.824513
11.804168
11.783791
11.763382
11.742941
11.722468
11.701963
11.681427
11.660859
11.640261
11.619631
11.598970
11.578278
11.557556
11.536803
11.516020
11.495207
11.474364
11.453491
11.432589
11.411657
11.390695
11.369705
11.348685
11.327637
11.306560
11.285454
11.264320
11.243158
11.221968
11.200750
11.179504
11.158230
11.136930
11.115602
11.094246
11.072865
11.051456
11.030021
11.008559
10.987071
10.965557
10.944017
10.922452
10.900861
10.879244
10.857603
10.835936
10.814245
10.792528
10.770787
10.749022
10.727233
10.705420
10.683582
10.661721
10.639837
10.617929
10.595998
10.574044
10.552068
10.530068
10.508047
10.486003
10.463936
10.441848
10.419738
10.397607
10.375454
10.353280
10.331085
10.308869
10.286632
10.264375
10.242097
10.219799
10.197481
10.175144
10.152787
10.130410
10.108014
10.085599
10.063165
10.040712
10.018241
9.995751
9.973243
9.950717
9.928174
9.905612
9.883033
9.860437
9.837824
9.815194
9.792547
9.769884
9.747204
9.724508
9.701796
9.679068
9.656324
9.633565
9.610791
9.588002
9.565198
9.542379
9.519545
9.496697
9.473835
9.450960
9.428070
9.405166
9.382250
9.359320
9.336377
9.313421
9.290452
9.267471
9.244478
9.221472
9.198455
9.175426
9.152385
9.129333
9.106270
9.083196
9.060111
9.037015
9.013909
8.990793
8.967667
8.944531
8.921385
8.898230
8.875065
8.851891
8.828709
8.805518
8.782318
8.759110
8.735894
8.712670
8.689438
8.666198
8.642952
8.619698
8.596437
8.573169
8.549894
8.526613
8.503326
8.480033
8.456734
8.433430
8.410120
8.386805
8.363484
8.340159
8.316829
8.293494
8.270156
8.246813
8.223466
8.200116
8.176762
8.153404
8.130044
8.106680
8.083314
8.059945
8.036574
8.013201
7.989825
7.966448
7.943069
7.919689
7.896308
7.872926
7.849542
7.826159
7.802774
7.779390
7.756005
7.732621
7.709237
7.685853
7.662471
7.639089
7.615708
7.592329
7.568951
7.545574
7.522200
7.498828
7.475458
7.452090
7.428726
7.405364
7.382005
7.358649
7.335297
7.311949
7.288604
7.265263
7.241927
7.218595
7.195268
7.171945
7.148628
7.125316
7.102009
7.078707
7.055412
7.032123
7.008839
6.985562
6.962292
6.939028
6.915772
6.892522
6.869280
6.846046
6.822819
6.799600
6.776389
6.753187
6.729993
6.706808
6.683632
6.660465
6.637307
6.614159
6.591020
6.567892
6.544773
6.521665
6.498567
6.475480
6.452404
6.429339
6.406285
6.383242
6.360212
6.337193
6.314186
6.291191
6.268209
6.245239
6.222283
6.199339
6.176409
6.153492
6.130588
6.107698
6.084823
6.061961
6.039114
6.016282
5.993464
5.970662
5.947874
5.925102
5.902345
5.879605
5.856880
5.834171
5.811479
5.788803
5.766144
5.743502
5.720877
5.698269
5.675679
5.653107
5.630553
5.608016
5.585498
5.562999
5.540518
5.518056
5.495613
5.473189
5.450785
5.428401
5.406037
5.383692
5.361368
5.339064
5.316781
5.294519
5.272278
5.250058
5.227860
5.205683
5.183528
5.161395
5.139284
5.117196
5.095130
5.073088
5.051068
5.029071
5.007098
4.985148
4.963223
4.941321
4.919443
4.897590
4.875761
4.853958
4.832179
4.810425
4.788697
4.766994
4.745317
4.723666
4.702041
4.680443
4.658871
4.637326
4.615808
4.594317
4.572853
4.551417
4.530008
4.508628
4.487276
4.465952
4.444656
4.423390
4.402152
4.380943
4.359764
4.338614
4.317494
4.296404
4.275344
4.254314
4.233315
4.212347
4.191409
4.170503
4.149628
4.128784
4.107972
4.087192
4.066444
4.045729
4.025046
4.004395
3.983778
3.963194
3.942643
3.922125
3.901642
3.881192
3.860776
3.840395
3.820048
3.799736
3.779459
3.759217
3.739010
3.718839
3.698703
3.678604
3.658540
3.638513
3.618523
3.598569
3.578652
3.558773
3.538930
3.519125
3.499359
3.479629
3.459939
3.440286
3.420672
3.401097
3.381561
3.362064
3.342607
3.323189
3.303811
3.284472
3.265175
3.245917
3.226700
3.207524
3.188389
3.169296
3.150244
3.131233
3.112265
3.093338
3.074454
3.055612
3.036813
3.018057
2.999344
2.980674
2.962048
2.943466
2.924927
2.906433
2.887984
2.869578
2.851218
2.832903
2.814633
2.796408
2.778229
2.760096
2.742009
2.723968
2.705974
2.688026
2.670126
2.652273
2.634467
2.616708
2.598998
2.581335
2.563721
2.546155
2.528637
2.511169
2.493750
2.476380
2.459059
2.441789
2.424568
2.407398
2.390278
2.373208
2.356189
2.339222
2.322306
2.305441
2.288628
2.271867
2.255158
2.238501
2.221897
2.205346
2.188848
2.172403
2.156012
2.139675
2.123391
2.107162
2.090987
2.074866
2.058801
2.042790
2.026835
2.010936
1.995092
1.979304
1.963572
1.947897
1.932279
1.916717
1.901213
1.885765
1.870376
1.855044
1.839770
1.824555
1.809398
1.794300
1.779261
1.764281
1.749360
1.734499
1.719698
1.704958
1.690277
1.675657
1.661098
1.646600
1.632164
1.617789
1.603475
1.589224
1.575035
1.560909
1.546845
1.532844
1.518907
1.505032
1.491222
1.477476
1.463793
1.450175
1.436622
1.423134
1.409710
1.396353
1.383060
1.369834
1.356674
1.343580
1.330553
1.317592
1.304699
1.291873
1.279114
1.266424
1.253801
1.241247
1.228761
1.216344
1.203996
1.191717
1.179508
1.167369
1.155300
1.143301
1.131373
1.119515
1.107728
1.096013
1.084369
1.072798
1.061298
1.049870
1.038515
1.027233
1.016024
1.004888
0.993825
0.982837
0.971922
0.961082
0.950316
0.939626
0.929010
0.918469
0.908005
0.897616
0.887303
0.877066
0.866906
0.856823
0.846817
0.836889
0.827038
0.817265
0.807570
0.797953
0.788415
0.778956
0.769577
0.760276
0.751056
0.741915
0.732854
0.723874
0.714975
0.706156
0.697419
0.688764
0.680190
0.671698
0.663288
0.654961
0.646717
0.638555
0.630477
0.622483
0.614572
0.606746
-0.600997
0.736777
0.713492
0.691943
0.671959
0.653384
0.636080
0.619924
0.604805
-0.609377
0.722751
0.694468
0.668535
0.644716
0.622799
0.602594
-0.616068
0.712145
0.680404
0.651448
0.624996
0.600796
-0.621380
0.703771
0.669330
0.638023
0.609530
-0.616433
0.705397
0.668022
0.634142
0.603402
-0.624518
0.695631
0.656789
0.621652
-0.610157
0.706567
0.664691
0.626885
-0.607269
0.707415
0.663746
0.624380
-0.611124
0.702410
0.657744
0.617533
-0.618681
0.694274
0.649125
0.608527
-0.627987
0.684759
0.639455
-0.601234
0.707818
0.659235
0.615647
-0.623459
0.687067
0.639839
-0.602488
0.705200
0.655458
0.610916
-0.628959
0.680981
0.633291
-0.609366
0.698129
0.648278
0.603724
-0.636079
0.674027
0.626551
-0.615831
0.692012
0.642538
-0.601595
0.704726
0.653917
0.608626
-0.631714
0.678058
0.630376
-0.612068
0.695865
0.646567
0.602714
-0.636256
0.674844
0.628418
-0.612817
0.696298
0.648126
0.605366
-0.632540
0.679611
0.634194
-0.606051
0.704049
0.656827
0.615003
-0.621980
0.691097
0.646578
0.607222
-0.627504
0.687648
0.645027
0.607417
-0.625697
0.690952
0.649712
0.613385
-0.618532
0.699243
0.659051
0.623711
-0.607275
0.711388
0.672031
0.637488
0.607263
-0.619086
0.703793
0.668262
0.637201
0.610152
-0.613296
0.712245
0.679149
0.650326
0.625339
0.603796
-0.614653
0.715437
0.686475
0.661422
0.639880
0.621489
0.605931
-0.607081
0.727961
0.703506
0.682567
0.664788
0.649846
0.637455
0.627358
0.619324
0.613149
0.608647
0.605654
0.604021
0.603618
0.604324
0.606035
0.608656
0.612102
0.616296
0.621172
0.626668
0.632730
0.639309
0.646362
0.653849
0.661737
0.669992
0.678589
0.687501
0.696707
0.706186
0.715921
0.725896
0.736095
0.746508
0.757122
0.767926
0.778913
0.790073
0.801400
0.812886
0.824527
0.836317
0.848251
0.860325
0.872536
0.884880
0.897354
0.909955
0.922682
0.935532
0.948503
0.961594
0.974803
0.988129
1.001570
1.015125
1.028795
1.042577
1.056470
1.070475
1.084591
1.098817
1.113152
1.127596
1.142150
1.156811
1.171580
1.186458
1.201442
1.216534
1.231733
1.247038
1.262450
1.277968
1.293592
1.309322
1.325158
1.341100
1.357147
1.373299
1.389556
1.405919
1.422386
1.438958
1.455634
1.472415
1.489299
1.506288
1.523381
1.540577
1.557877
1.575281
1.592787
1.610397
1.628110
1.645925
1.663842
1.681862
1.699984
1.718208
1.736534
1.754961
1.773490
1.792119
1.810850
1.829681
1.848612
1.867644
1.886775
1.906006
1.925337
1.944766
1.964295
1.983922
2.003648
2.023472
2.043393
2.063412
2.083528
2.103742
2.124051
2.144458
2.164960
2.185558
2.206251
2.227040
2.247923
2.268901
2.289973
2.311139
2.332398
2.353750
2.375195
2.396732
2.418361
2.440082
2.461894
2.483797
2.505791
2.527875
2.550048
2.572311
2.594663
2.617103
2.639632
2.662249
2.684952
2.707743
2.730620
2.753584
2.776633
2.799767
2.822986
2.846289
2.869677
2.893148
2.916702
2.940338
2.964057
2.987857
3.011739
3.035701
3.059744
3.083866
3.108068
3.132348
3.156707
3.181144
3.205658
3.230249
3.254917
3.279661
3.304479
3.329373
3.354341
3.379383
3.404499
3.429687
3.454948
3.480280
3.505684
3.531159
3.556703
3.582318
3.608001
3.633754
3.659574
3.685462
3.711417
3.737438
3.763525
3.789678
3.815895
3.842177
3.868522
3.894931
3.921402
3.947935
3.974529
4.001184
4.027900
4.054675
4.081510
4.108403
4.135354
4.162362
4.189427
4.216548
4.243725
4.270958
4.298244
4.325585
4.352978
4.380425
4.407924
4.435474
4.463075
4.490726
4.518427
4.546177
4.573976
4.601823
4.629716
4.657657
4.685644
4.713676
4.741753
4.769875
4.798040
4.826248
4.854499
4.882791
4.911125
4.939499
4.967914
4.996367
5.024860
5.053391
5.081959
5.110564
5.139206
5.167883
5.196596
5.225343
5.254124
5.282938
5.311784
5.340663
5.369573
5.398514
5.427485
5.456486
5.485516
5.514574
5.543660
5.572773
5.601912
5.631078
5.660268
5.689484
5.718723
5.747986
5.777272
5.806580
5.835909
5.865260
5.894631
5.924022
5.953432
5.982860
6.012307
6.041771
6.071252
6.100749
6.130262
6.159790
6.189332
6.218888
6.248457
6.278038
6.307632
6.337237
6.366853
6.396480
6.426116
6.455761
6.485415
6.515076
6.544745
6.574421
6.604103
6.633790
6.663483
6.693180
6.722880
6.752585
6.782292
6.812001
6.841712
6.871423
6.901136
6.930848
6.960560
6.990271
7.019979
7.049686
7.079390
7.109090
7.138787
7.168479
7.198166
7.227848
7.257523
7.287192
7.316854
7.346508
7.376154
7.405791
7.435420
7.465038
7.494646
7.524243
7.553829
7.583404
7.612966
7.642515
7.672050
7.701572
7.731080
7.760573
7.790050
7.819512
7.848958
7.878386
7.907798
7.937192
7.966567
7.995924
8.025262
8.054580
8.083878
8.113155
8.142411
8.171646
8.200859
8.230050
8.259217
8.288362
8.317482
8.346579
8.375651
8.404698
8.433719
8.462714
8.491683
8.520625
8.549541
8.578428
8.607287
8.636118
8.664920
8.693693
8.722436
8.751149
8.779832
8.808483
8.837104
8.865692
8.894249
8.922773
8.951264
8.979722
9.008147
9.036537
9.064893
9.093215
9.121501
9.149752
9.177967
9.206146
9.234289
9.262394
9.290463
9.318494
9.346487
9.374441
9.402357
9.430235
9.458072
9.485871
9.513629
9.541348
9.569025
9.596662
9.624258
9.651812
9.679324
9.706794
9.734222
9.761607
9.788949
9.816248
9.843503
9.870715
9.897882
9.925004
9.952082
9.979115
10.006103
10.033045
10.059941
10.086792
10.113595
10.140353
10.167063
10.193726
10.220342
10.246910
10.273430
10.299902
10.326326
10.352701
10.379027
10.405304
10.431532
10.457710
10.483839
10.509917
10.535946
10.561923
10.587850
10.613727
10.639552
10.665326
10.691048
10.716719
10.742338
10.767904
10.793419
10.818880
10.844289
10.869646
10.894949
10.920199
10.945395
10.970538
10.995627
11.020662
11.045643
11.070570
11.095442
11.120260
11.145023
11.169730
11.194383
11.218981
11.243522
11.268009
11.292439
11.316814
11.341133
11.365395
11.389602
11.413751
11.437845
11.461881
11.485861
11.509783
11.533649
11.557457
11.581208
11.604901
11.628537
11.652115
11.675635
11.699097
11.722501
11.745847
11.769135
11.792364
11.815535
11.838647
11.861700
11.884695
11.907631
11.930507
11.953325
11.976083
11.998783
12.021422
12.044003
12.066523
12.088985
12.111386
12.133728
12.156009
12.178231
12.200393
12.222495
12.244536
12.266518
12.288439
12.310300
12.332100
12.353840
12.375519
12.397137
12.418695
12.440192
12.461629
12.483004
12.504319
12.525573
12.546765
12.567897
12.588968
12.609977
12.630925
12.651812
12.672638
12.693402
12.714105
12.734747
12.755327
12.775846
12.796303
12.816698
12.837033
12.857305
12.877516
12.897665
12.917753
12.937778
12.957742
12.977645
12.997485
13.017264
13.036981
13.056636
13.076229
13.095760
13.115229
13.134637
13.153982
13.173266
13.192487
13.211647
13.230744
13.249780
13.268754
13.287665
13.306515
13.325302
13.344028
13.362691
13.381293
13.399832
13.418310
13.436725
13.455078
13.473370
13.491599
13.509766
13.527871
13.545914
13.563895
13.581814
13.599672
13.617467
13.635200
13.652871
13.670480
13.688027
13.705512
13.722935
13.740296
13.757596
13.774833
13.792008
13.809122
13.826174
13.843164
13.860092
13.876958
13.893762
13.910505
13.927185
13.943804
13.960362
13.976857
13.993291
14.009663
14.025974
14.042223
14.058410
14.074535
14.090600
14.106602
14.122543
14.138423
14.154241
14.169997
14.185692
14.201326
14.216898
14.232409
14.247859
14.263247
14.278574
14.293840
14.309045
14.324188
14.339270
14.354291
14.369251
14.384150
14.398988
14.413765
14.428481
14.443136
14.457730
14.472263
14.486735
14.501147
14.515497
14.529787
14.544016
14.558185
14.572292
14.586339
14.600326
14.614252
14.628117
14.641922
14.655666
14.669350
14.682974
14.696537
14.710039
14.723482
14.736864
14.750186
14.763448
14.776649
14.789791
14.802872
14.815893
14.828854
14.841755
14.854597
14.867378
14.880099
14.892761
14.905362
14.917904
14.930386
14.942809
14.955171
14.967474
14.979718
14.991902
15.004026
15.016091
15.028096
15.040042
15.051928
15.063755
15.075523
15.087231
15.098880
15.110470
15.122001
15.133472
15.144884
15.156238
15.167532
15.178767
15.189943
15.201060
15.212119
15.223118
15.234058
15.244940
15.255763
15.266527
15.277232
15.287879
15.298467
15.308996
15.319467
15.329879
15.340233
15.350528
15.360765
15.370943
15.381063
15.391125
15.401128
15.411073
15.420959
15.430788
15.440558
15.450270
15.459924
15.469519
15.479057
15.488537
15.497958
15.507322
15.516627
15.525875
15.535065
15.544197
15.553271
15.562287
15.571245
15.580146
15.588989
15.597774
15.606502
15.615172
15.623784
15.632339
15.640836
15.649276
15.657658
15.665983
15.674250
15.682460
15.690613
15.698708
15.706745
15.714726
15.722649
15.730515
15.738323
15.746075
15.753769
15.761406
15.768986
15.776509
15.783975
15.791383
15.798735
15.806030
15.813267
15.820448
15.827572
15.834638
15.841648
15.848601
15.855497
15.862336
15.869119
15.875845
15.882513
15.889126
15.895681
15.902180
15.908622
15.915007
15.921336
15.927608
15.933823
15.939982
15.946084
15.952130
15.958119
15.964051
15.969927
15.975747
15.981510
15.987217
15.992867
15.998461
16.003999
16.009480
16.014904
16.020273
16.025585
16.030840
16.036040
16.041183
16.046270
16.051300
16.056274
16.061193
16.066054
16.070860
16.075610
16.080303
16.084940
16.089521
16.094046
16.098514
16.102927
16.107284
16.111584
16.115828
16.120017
16.124149
16.128225
16.132245
16.136209
16.140117
16.143970
16.147766
16.151506
16.155190
16.158818
16.162390
16.165907
16.169367
16.172772
16.176120
16.179413
16.182650
16.185830
16.188955
16.192024
16.195038
16.197995
16.200897
16.203742
16.206532
16.209266
16.211944
16.214567
16.217133
16.219644
16.222099
16.224498
16.226841
16.229129
16.231361
16.233537
16.235657
16.237721
16.239730
16.241683
16.243580
16.245422
16.247207
16.248937
16.250612
16.252230
16.253793
16.255300
16.256751
16.258147
16.259487
16.260771
16.262000
16.263172
16.264290
16.265351
16.266357
16.267307
16.268201
16.269040
16.269822
16.270550
16.271221
16.271837
16.272397
16.272902
16.273351
16.273744
16.274081
16.274363
16.274589
16.274760
16.274874
16.274934
16.274937
16.274885
16.274777
16.274613
16.274394
16.274119
16.273789
16.273402
16.272960
16.272463
16.271910
16.271301
16.270636
16.269916
16.269140
16.268309
16.267421
16.266479
16.265480
16.264426
16.263316
16.262150
16.260929
16.259652
16.258320
16.256932
16.255488
16.253988
16.252433
16.250822
16.249156
16.247434
16.245656
16.243822
16.241933
16.239988
16.237988
16.235932
16.233820
16.231653
16.229430
16.227151
16.224816
16.222426
16.219981
16.217479
16.214922
16.212309
16.209641
16.206917
16.204137
16.201302
16.198411
16.195464
16.192462
16.189404
16.186291
16.183121
16.179897
16.176616
16.173280
16.169888
16.166441
16.162938
16.159379
16.155765
16.152095
16.148369
16.144588
16.140751
16.136859
16.132911
16.128907
16.124848
16.120733
16.116563
16.112337
16.108055
16.103718
16.099325
16.094877
16.090373
16.085814
16.081199
16.076528
16.071802
16.067020
16.062183
16.057290
16.052342
16.047338
16.042278
16.037164
16.031993
16.026767
16.021486
16.016149
16.010757
16.005309
15.999806
15.994247
15.988633
15.982963
15.977238
15.971458
15.965622
15.959731
15.953784
15.947782
15.941725
15.935612
15.929444
15.923221
15.916942
15.910608
15.904219
15.897774
15.891274
15.884719
15.878109
15.871443
15.864722
15.857946
15.851115
15.844229
15.837287
15.830290
15.823238
15.816131
15.808969
15.801752
15.794480
15.787153
15.779770
15.772333
15.764840
15.757293
15.749691
15.742033
15.734321
15.726554
15.718732
15.710855
15.702923
15.694937
15.686895
15.678799
15.670648
15.662443
15.654182
15.645867
15.637497
15.629073
15.620594
15.612060
15.603472
15.594829
15.586132
15.577380
15.568574
15.559713
15.550798
15.541828
15.532804
15.523726
15.514593
15.505406
15.496165
15.486870
15.477520
15.468117
15.458659
15.449147
15.439581
15.429960
15.420286
15.410558
15.400776
15.390940
15.381050
15.371107
15.361109
15.351058
15.340953
15.330794
15.320582
15.310316
15.299997
15.289623
15.279197
15.268717
15.258183
15.247596
15.236956
15.226262
15.215516
15.204716
15.193862
15.182956
15.171996
15.160984
15.149918
15.138800
15.127628
15.116404
15.105126
15.093796
15.082414
15.070978
15.059490
15.047950
15.036356
15.024711
15.013012
15.001262
14.989459
14.977604
14.965696
14.953736
14.941725
14.929661
14.917545
14.905377
14.893157
14.880885
14.868562
14.856186
14.843759
14.831281
14.818750
14.806169
14.793535
14.780851
14.768115
14.755327
14.742489
14.729599
14.716658
14.703666
14.690623
14.677530
14.664385
14.651189
14.637943
14.624646
14.611299
14.597901
14.584453
14.570954
14.557405
14.543805
14.530155
14.516456
14.502706
14.488906
14.475057
14.461157
14.447208
14.433209
14.419160
14.405062
14.390915
14.376718
14.362471
14.348176
14.333831
14.319437
14.304994
14.290503
14.275962
14.261373
14.246735
14.232048
14.217313
14.202529
14.187697
14.172817
14.157888
14.142912
14.127887
14.112815
14.097694
14.082526
14.067310
14.052047
14.036736
14.021377
14.005971
13.990518
13.975018
13.959471
13.943877
13.928236
13.912548
13.896813
13.881032
13.865204
13.849330
13.833410
13.817443
13.801430
13.785371
13.769267
13.753116
13.736920
13.720678
13.704390
13.688057
13.671679
13.655255
13.638787
13.622273
13.605714
13.589111
13.572463
13.555770
13.539033
13.522251
13.505425
13.488554
13.471640
13.454682
13.437680
13.420634
13.403544
13.386411
13.369234
13.352014
13.334751
13.317445
13.300096
13.282704
13.265269
13.247791
13.230271
13.212709
13.195104
13.177457
13.159768
13.142037
13.124265
13.106450
13.088594
13.070697
13.052758
13.034777
13.016756
12.998694
12.980591
12.962447
12.944263
12.926038
12.907772
12.889467
12.871121
12.852735
12.834310
12.815844
12.797339
12.778795
12.760211
12.741588
12.722926
12.704225
12.685485
12.666706
12.647889
12.629034
12.610140
12.591207
12.572237
12.553229
12.534183
12.515100
12.495979
12.476820
12.457625
12.438392
12.419122
12.399816
12.380473
12.361093
12.341677
12.322224
12.302736
12.283211
12.263651
12.244055
12.224423
12.204756
12.185054
12.165316
12.145544
12.125737
12.105895
12.086018
12.066107
12.046162
12.026183
12.006170
11.986123
11.966042
11.945928
11.925780
11.905600
11.885386
11.865139
11.844859
11.824547
11.804203
11.783826
11.763417
11.742976
11.722503
11.701998
11.681462
11.660894
11.640295
11.619666
11.599005
11.578313
11.557591
11.536838
11.516056
11.495242
11.474399
11.453527
11.432624
11.411692
11.390731
11.369740
11.348721
11.327672
11.306595
11.285490
11.264356
11.243194
11.222004
11.200785
11.179540
11.158266
11.136966
11.115638
11.094283
11.072901
11.051492
11.030057
11.008595
10.987107
10.965594
10.944054
10.922488
10.900897
10.879281
10.857639
10.835973
10.814281
10.792565
10.770824
10.749059
10.727270
10.705456
10.683619
10.661758
10.639874
10.617966
10.596035
10.574082
10.552105
10.530106
10.508084
10.486040
10.463974
10.441886
10.419776
10.397644
10.375491
10.353317
10.331122
10.308906
10.286669
10.264412
10.242135
10.219837
10.197519
10.175182
10.152824
10.130448
10.108052
10.085637
10.063203
10.040750
10.018279
9.995789
9.973281
9.950755
9.928212
9.905650
9.883072
9.860475
9.837862
9.815232
9.792585
9.769922
9.747242
9.724546
9.701834
9.679106
9.656363
9.633604
9.610830
9.588040
9.565236
9.542417
9.519584
9.496736
9.473874
9.450998
9.428108
9.405205
9.382288
9.359358
9.336415
9.313459
9.290491
9.267510
9.244517
9.221511
9.198494
9.175465
9.152424
9.129372
9.106309
9.083235
9.060150
9.037054
9.013948
8.990832
8.967706
8.944570
8.921424
8.898269
8.875104
8.851931
8.828748
8.805557
8.782357
8.759149
8.735933
8.712709
8.689477
8.666238
8.642991
8.619737
8.596476
8.573208
8.549934
8.526653
8.503366
8.480073
8.456774
8.433469
8.410159
8.386844
8.363524
8.340198
8.316868
8.293534
8.270195
8.246852
8.223506
8.200155
8.176801
8.153444
8.130083
8.106720
8.083353
8.059985
8.036613
8.013240
7.989865
7.966488
7.943109
7.919729
7.896347
7.872965
7.849582
7.826198
7.802814
7.779429
7.756045
7.732660
7.709276
7.685893
7.662510
7.639128
7.615748
7.592368
7.568990
7.545614
7.522240
7.498867
7.475497
7.452130
7.428765
7.405403
7.382044
7.358689
7.335337
7.311988
7.288643
7.265303
7.241966
7.218635
7.195307
7.171985
7.148667
7.125355
7.102048
7.078747
7.055451
7.032162
7.008879
6.985602
6.962331
6.939068
6.915811
6.892562
6.869320
6.846085
6.822858
6.799639
6.776429
6.753226
6.730032
6.706847
6.683671
6.660504
6.637346
6.614198
6.591059
6.567931
6.544812
6.521704
6.498606
6.475519
6.452443
6.429378
6.406324
6.383281
6.360250
6.337232
6.314225
6.291230
6.268248
6.245278
6.222322
6.199378
6.176447
6.153530
6.130627
6.107737
6.084861
6.062000
6.039153
6.016321
5.993503
5.970700
5.947913
5.925140
5.902384
5.879643
5.856918
5.834210
5.811517
5.788841
5.766182
5.743540
5.720915
5.698308
5.675717
5.653145
5.630591
5.608054
5.585536
5.563037
5.540556
5.518094
5.495651
5.473227
5.450823
5.428439
5.406074
5.383730
5.361406
5.339102
5.316819
5.294557
5.272315
5.250096
5.227897
5.205720
5.183565
5.161432
5.139322
5.117233
5.095168
5.073125
5.051105
5.029108
5.007135
4.985185
4.963260
4.941358
4.919480
4.897627
4.875798
4.853994
4.832216
4.810462
4.788734
4.767031
4.745354
4.723703
4.702078
4.680479
4.658907
4.637362
4.615844
4.594353
4.572889
4.551453
4.530045
4.508664
4.487312
4.465988
4.444692
4.423426
4.402188
4.380979
4.359800
4.338650
4.317530
4.296440
4.275379
4.254350
4.233350
4.212382
4.191444
4.170538
4.149663
4.128819
4.108007
4.087227
4.066479
4.045764
4.025081
4.004430
3.983813
3.963229
3.942678
3.922160
3.901676
3.881226
3.860811
3.840429
3.820082
3.799770
3.779493
3.759251
3.739044
3.718873
3.698737
3.678638
3.658574
3.638547
3.618557
3.598603
3.578686
3.558806
3.538964
3.519159
3.499392
3.479663
3.459972
3.440319
3.420705
3.401130
3.381594
3.362097
3.342639
3.323221
3.303843
3.284505
3.265207
3.245950
3.226733
3.207557
3.188422
3.169328
3.150276
3.131265
3.112297
3.093370
3.074486
3.055644
3.036845
3.018088
2.999375
2.980706
2.962080
2.943497
2.924959
2.906465
2.888015
2.869609
2.851249
2.832934
2.814663
2.796439
2.778260
2.760126
2.742039
2.723999
2.706004
2.688057
2.670156
2.652303
2.634497
2.616738
2.599027
2.581365
2.563750
2.546184
2.528667
2.511199
2.493779
2.476409
2.459089
2.441818
2.424597
2.407427
2.390306
2.373237
2.356218
2.339250
2.322334
2.305469
2.288656
2.271895
2.255186
2.238529
2.221925
2.205374
2.188876
2.172431
2.156040
2.139702
2.123419
2.107189
2.091014
2.074894
2.058828
2.042817
2.026862
2.010962
1.995119
1.979331
1.963599
1.947924
1.932305
1.916743
1.901239
1.885791
1.870402
1.855070
1.839796
1.824581
1.809424
1.794325
1.779286
1.764306
1.749385
1.734524
1.719723
1.704982
1.690302
1.675682
1.661123
1.646625
1.632188
1.617813
1.603500
1.589248
1.575059
1.560932
1.546869
1.532868
1.518930
1.505056
1.491245
1.477499
1.463816
1.450198
1.436645
1.423156
1.409733
1.396375
1.383083
1.369856
1.356696
1.343602
1.330575
1.317614
1.304720
1.291894
1.279136
1.266445
1.253822
1.241268
1.228782
1.216365
1.204017
1.191738
1.179529
1.167390
1.155320
1.143321
1.131393
1.119535
1.107748
1.096033
1.084389
1.072817
1.061317
1.049889
1.038534
1.027252
1.016042
1.004906
0.993844
0.982855
0.971941
0.961100
0.950334
0.939644
0.929028
0.918487
0.908022
0.897633
0.887320
0.877083
0.866923
0.856840
0.846834
0.836905
0.827054
0.817281
0.807586
0.797969
0.788431
0.778972
0.769592
0.760292
0.751071
0.741930
0.732869
0.723889
0.714990
0.706171
0.697434
0.688778
0.680204
0.671712
0.663302
0.654975
0.646730
0.638569
0.630491
0.622496
0.614585
0.606759
-0.600984
0.736790
0.713505
0.691956
0.671971
0.653396
0.636092
0.619936
0.604817
-0.609366
0.722762
0.694479
0.668546
0.644727
0.622810
0.602605
-0.616057
0.712156
0.680414
0.651458
0.625006
0.600806
-0.621370
0.703780
0.669340
0.638032
0.609539
-0.616424
0.705406
0.668030
0.634151
0.603410
-0.624509
0.695639
0.656797
0.621660
-0.610150
0.706574
0.664699
0.626892
-0.607262
0.707422
0.663752
0.624386
-0.611117
0.702416
0.657750
0.617538
-0.618676
0.694280
0.649130
0.608532
-0.627982
0.684763
0.639459
-0.601230
0.707822
0.659239
0.615651
-0.623455
0.687071
0.639843
-0.602485
0.705203
0.655461
0.610919
-0.628957
0.680983
0.633293
-0.609364
0.698131
0.648280
0.603726
-0.636078
0.674029
0.626552
-0.615830
0.692013
0.642539
-0.601594
0.704726
0.653917
0.608626
-0.631714
0.678057
0.630375
-0.612069
0.695864
0.646566
0.602712
-0.636257
0.674842
0.628416
-0.612819
0.696296
0.648124
0.605363
-0.632543
0.679608
0.634191
-0.606055
0.704046
0.656823
0.614999
-0.621984
0.691092
0.646574
0.607217
-0.627509
0.687643
0.645022
0.607412
-0.625702
0.690946
0.649706
0.613379
-0.618539
0.699236
0.659044
0.623704
-0.607282
0.711380
0.672024
0.637480
0.607255
-0.619094
0.703785
0.668253
0.637192
0.610143
-0.613305
0.712236
0.679139
0.650316
0.625329
0.603786
-0.614664
0.715427
0.686464
0.661411
0.639869
0.621478
0.605920
-0.607092
0.727950
0.703494
0.682555
0.664775
0.649833
0.637442
0.627345
0.619311
0.613136
0.608634
0.605640
0.604008
0.603604
0.604310
0.606021
0.608642
0.612087
0.616282
0.621157
0.626653
0.632715
0.639294
0.646346
0.653833
0.661720
0.669976
0.678572
0.687484
0.696690
0.706169
0.715904
0.725878
0.736078
0.746490
0.757103
0.767908
0.778894
0.790054
0.801381
0.812867
0.824508
0.836297
0.848231
0.860305
0.872516
0.884859
0.897333
0.909935
0.922661
0.935511
0.948482
0.961573
0.974781
0.988107
1.001548
1.015103
1.028772
1.042554
1.056447
1.070452
1.084568
1.098793
1.113128
1.127573
1.142125
1.156787
1.171556
1.186433
1.201417
1.216509
1.231707
1.247013
1.262424
1.277942
1.293566
1.309296
1.325132
1.341073
1.357120
1.373272
1.389529
1.405892
1.422358
1.438930
1.455606
1.472387
1.489271
1.506260
1.523352
1.540549
1.557849
1.575252
1.592758
1.610368
1.628080
1.645895
1.663812
1.681832
1.699954
1.718178
1.736503
1.754930
1.773459
1.792088
1.810818
1.829649
1.848580
1.867612
1.886743
1.905974
1.925304
1.944734
1.964262
1.983889
2.003615
2.023438
2.043360
2.063378
2.083495
2.103708
2.124017
2.144423
2.164926
2.185523
2.206217
2.227005
2.247888
2.268866
2.289937
2.311103
2.332362
2.353714
2.375159
2.396696
2.418325
2.440046
2.461858
2.483760
2.505754
2.527838
2.550011
2.572274
2.594625
2.617066
2.639594
2.662210
2.684914
2.707705
2.730582
2.753545
2.776594
2.799728
2.822947
2.846250
2.869637
2.893108
2.916662
2.940298
2.964017
2.987817
3.011698
3.035661
3.059703
3.083825
3.108027
3.132307
3.156666
3.181103
3.205617
3.230208
3.254875
3.279619
3.304438
3.329331
3.354299
3.379341
3.404457
3.429645
3.454905
3.480238
3.505641
3.531116
3.556660
3.582275
3.607958
3.633710
3.659530
3.685418
3.711373
3.737394
3.763481
3.789634
3.815851
3.842133
3.868478
3.894886
3.921357
3.947890
3.974484
4.001139
4.027855
4.054630
4.081464
4.108357
4.135308
4.162316
4.189381
4.216503
4.243680
4.270912
4.298198
4.325538
4.352932
4.380379
4.407877
4.435427
4.463028
4.490679
4.518380
4.546130
4.573929
4.601776
4.629669
4.657610
4.685597
4.713629
4.741706
4.769827
4.797992
4.826200
4.854451
4.882743
4.911077
4.939451
4.967866
4.996319
5.024812
5.053343
5.081911
5.110516
5.139158
5.167835
5.196547
5.225294
5.254075
5.282889
5.311736
5.340614
5.369524
5.398465
5.427437
5.456437
5.485467
5.514525
5.543611
5.572724
5.601863
5.631028
5.660219
5.689434
5.718674
5.747937
5.777222
5.806530
5.835860
5.865210
5.894581
5.923972
5.953382
5.982811
6.012257
6.041721
6.071202
6.100699
6.130212
6.159740
6.189282
6.218838
6.248407
6.277988
6.307582
6.337187
6.366803
6.396430
6.426066
6.455711
6.485365
6.515026
6.544695
6.574371
6.604052
6.633740
6.663432
6.693129
6.722830
6.752534
6.782241
6.811951
6.841661
6.871373
6.901086
6.930798
6.960510
6.990220
7.019929
7.049636
7.079340
7.109040
7.138737
7.168429
7.198116
7.227797
7.257473
7.287142
7.316804
7.346458
7.376104
7.405741
7.435370
7.464988
7.494596
7.524193
7.553779
7.583354
7.612916
7.642465
7.672001
7.701523
7.731030
7.760523
7.790001
7.819462
7.848908
7.878337
7.907748
7.937142
7.966517
7.995874
8.025212
8.054530
8.083828
8.113105
8.142362
8.171597
8.200810
8.230000
8.259168
8.288312
8.317433
8.346530
8.375602
8.404648
8.433670
8.462665
8.491634
8.520577
8.549492
8.578379
8.607239
8.636070
8.664872
8.693644
8.722388
8.751101
8.779783
8.808435
8.837055
8.865644
8.894201
8.922725
8.951216
8.979674
9.008099
9.036489
9.064846
9.093167
9.121454
9.149705
9.177920
9.206099
9.234241
9.262347
9.290415
9.318446
9.346439
9.374394
9.402310
9.430188
9.458026
9.485824
9.513582
9.541301
9.568978
9.596615
9.624211
9.651765
9.679278
9.706748
9.734176
9.761561
9.788903
9.816202
9.843457
9.870669
9.897836
9.924959
9.952037
9.979070
10.006057
10.033000
10.059896
10.086746
10.113550
10.140307
10.167018
10.193681
10.220297
10.246865
10.273385
10.299857
10.326281
10.352656
10.378983
10.405260
10.431488
10.457666
10.483795
10.509873
10.535902
10.561880
10.587807
10.613683
10.639508
10.665282
10.691005
10.716675
10.742294
10.767861
10.793375
10.818837
10.844247
10.869603
10.894906
10.920156
10.945353
10.970496
10.995585
11.020620
11.045601
11.070528
11.095400
11.120218
11.144981
11.169689
11.194342
11.218939
11.243481
11.267968
11.292398
11.316773
11.341092
11.365354
11.389561
11.413711
11.437804
11.461840
11.485820
11.509743
11.533608
11.557417
11.581168
11.604861
11.628497
11.652075
11.675595
11.699058
11.722462
11.745808
11.769096
11.792325
11.815496
11.838608
11.861662
11.884656
11.907592
11.930469
11.953287
11.976045
11.998744
12.021384
12.043965
12.066485
12.088947
12.111348
12.133690
12.155972
12.178194
12.200356
12.222458
12.244499
12.266481
12.288402
12.310263
12.332063
12.353803
12.375482
12.397101
12.418659
12.440156
12.461593
12.482968
12.504283
12.525537
12.546730
12.567861
12.588932
12.609942
12.630890
12.651777
12.672603
12.693367
12.714070
12.734712
12.755292
12.775811
12.796268
12.816664
12.836998
12.857271
12.877482
12.897631
12.917719
12.937745
12.957709
12.977611
12.997452
13.017230
13.036947
13.056602
13.076196
13.095727
13.115196
13.134604
13.153950
13.173233
13.192455
13.211615
13.230712
13.249748
13.268722
13.287633
13.306483
13.325271
13.343996
13.362660
13.381262
13.399801
13.418279
13.436694
13.455047
13.473339
13.491568
13.509735
13.527841
13.545884
13.563865
13.581784
13.599641
13.617437
13.635170
13.652841
13.670450
13.687997
13.705482
13.722906
13.740267
13.757566
13.774804
13.791979
13.809093
13.826145
13.843135
13.860063
13.876929
13.893734
13.910476
13.927157
13.943776
13.960334
13.976829
13.993263
14.009636
14.025946
14.042195
14.058383
14.074508
14.090572
14.106575
14.122516
14.138396
14.154214
14.169971
14.185666
14.201300
14.216872
14.232383
14.247833
14.263221
14.278548
14.293814
14.309019
14.324163
14.339245
14.354266
14.369226
14.384125
14.398963
14.413740
14.428456
14.443111
14.457705
14.472239
14.486711
14.501122
14.515473
14.529763
14.543992
14.558161
14.572269
14.586316
14.600302
14.614228
14.628094
14.641899
14.655643
14.669327
14.682951
14.696514
14.710017
14.723459
14.736841
14.750163
14.763425
14.776627
14.789768
14.802850
14.815871
14.828832
14.841734
14.854575
14.867356
14.880078
14.892739
14.905341
14.917883
14.930365
14.942788
14.955151
14.967454
14.979697
14.991881
15.004005
15.016070
15.028076
15.040022
15.051908
15.063735
15.075503
15.087211
15.098861
15.110451
15.121981
15.133453
15.144865
15.156219
15.167513
15.178748
15.189924
15.201042
15.212100
15.223099
15.234040
15.244922
15.255745
15.266509
15.277214
15.287861
15.298449
15.308979
15.319449
15.329862
15.340216
15.350511
15.360748
15.370926
15.381046
15.391108
15.401111
15.411056
15.420943
15.430771
15.440541
15.450253
15.459907
15.469503
15.479041
15.488521
15.497942
15.507306
15.516612
15.525859
15.535049
15.544181
15.553255
15.562272
15.571230
15.580131
15.588974
15.597760
15.606487
15.615157
15.623770
15.632325
15.640822
15.649262
15.657644
15.665969
15.674236
15.682446
15.690599
15.698694
15.706732
15.714712
15.722636
15.730502
15.738310
15.746062
15.753756
15.761393
15.768973
15.776496
15.783962
15.791371
15.798723
15.806017
15.813255
15.820436
15.827560
15.834626
15.841636
15.848589
15.855486
15.862325
15.869107
15.875833
15.882502
15.889114
15.895670
15.902169
15.908611
15.914996
15.921325
15.927597
15.933812
15.939971
15.946074
15.952119
15.958109
15.964041
15.969918
15.975737
15.981501
15.987207
15.992858
15.998452
16.003989
16.009470
16.014895
16.020264
16.025576
16.030831
16.036031
16.041174
16.046261
16.051292
16.056266
16.061184
16.066046
16.070852
16.075602
16.080295
16.084932
16.089513
16.094038
16.098507
16.102920
16.107276
16.111577
16.115821
16.120010
16.124142
16.128218
16.132238
16.136203
16.140111
16.143963
16.147759
16.151500
16.155184
16.158812
16.162384
16.165901
16.169361
16.172766
16.176115
16.179407
16.182644
16.185825
16.188950
16.192019
16.195033
16.197990
16.200892
16.203737
16.206527
16.209261
16.211940
16.214562
16.217129
16.219640
16.222095
16.224494
16.226837
16.229125
16.231357
16.233533
16.235653
16.237718
16.239727
16.241680
16.243577
16.245419
16.247204
16.248935
16.250609
16.252227
16.253790
16.255298
16.256749
16.258145
16.259485
16.260769
16.261998
16.263171
16.264288
16.265349
16.266355
16.267305
16.268199
16.269038
16.269821
16.270549
16.271220
16.271836
16.272396
16.272901
16.273350
