0.014984
0.014297
0.013646
0.013030
0.012449
0.011901
0.011387
0.010905
0.010455
0.010037
0.009649
0.009292
0.008965
0.008667
0.008397
0.008154
0.007937
0.007745
0.007576
0.007429
0.007303
0.007195
0.007105
0.007031
0.006970
0.006922
0.006885
0.006858
0.006839
0.006827
0.006821
0.006820
0.006823
0.006829
0.006838
0.006849
0.006861
0.006874
0.006887
0.006900
0.006913
0.006926
0.006938
0.006949
0.006959
0.006969
0.006976
0.006983
0.006988
0.006992
0.006994
0.006994
0.006993
0.006990
0.006986
0.006981
0.006975
0.006968
0.006959
0.006949
0.006939
0.006927
0.006915
0.006901
0.006887
0.006872
0.006856
0.006839
0.006822
0.006804
0.006786
0.006767
0.006747
0.006727
0.006707
0.006686
0.006664
0.006643
0.006621
0.006599
0.006576
0.006554
0.006531
0.006508
0.006485
0.006463
0.006440
0.006418
0.006395
0.006373
0.006350
0.006327
0.006304
0.006281
0.006258
0.006235
0.006212
0.006189
0.006166
0.006144
0.006121
0.006098
0.006075
0.006053
0.006030
0.006008
0.005986
0.005964
0.005942
0.005920
0.005899
0.005877
0.005856
0.005835
0.005814
0.005794
0.005773
0.005753
0.005733
0.005713
0.005693
0.005674
0.005655
0.005636
0.005617
0.005599
0.005581
0.005563
0.005545
0.005527
0.005510
0.005493
0.005476
0.005459
0.005443
0.005427
0.005411
0.005395
0.005380
0.005364
0.005350
0.005335
0.005320
0.005306
0.005292
0.005278
0.005264
0.005251
0.005238
0.005225
0.005212
0.005200
0.005187
0.005175
0.005163
0.005152
0.005140
0.005129
0.005118
0.005107
0.005096
0.005086
0.005076
0.005066
0.005056
0.005046
0.005037
0.005027
0.005018
0.005009
0.005000
0.004992
0.004984
0.004975
0.004967
0.004959
0.004952
0.004944
0.004937
0.004930
0.004923
0.004916
0.004909
0.004903
0.004896
0.004890
0.004884
0.004878
0.004872
0.004866
0.004861
0.004856
0.004850
0.004845
0.004840
0.004836
0.004831
0.004826
0.004822
0.004818
0.004813
0.004809
0.004806
0.004802
0.004798
0.004795
0.004791
0.004788
0.004785
0.004781
0.004778
0.004776
0.004773
0.004770
0.004768
0.004765
0.004763
0.004761
0.004758
0.004756
0.004754
0.004752
0.004751
0.004749
0.004747
0.004746
0.004744
0.004743
0.004742
0.004740
0.004739
0.004738
0.004737
0.004736
0.004736
0.004735
0.004734
0.004734
0.004733
0.004733
0.004732
0.004732
0.004732
0.004731
0.004731
0.004731
0.004731
0.004731
0.004731
0.004731
0.004731
0.004731
0.004732
0.004732
0.004732
0.004733
0.004733
0.004734
0.004734
0.004735
0.004735
0.004736
0.004737
0.004737
0.004738
0.004739
0.004740
0.004741
0.004742
0.004743
0.004743
0.004744
0.004745
0.004746
0.004747
0.004749
0.004750
0.004751
0.004752
0.004753
0.004754
0.004755
0.004757
0.004758
0.004759
0.004760
0.004762
0.004763
0.004764
0.004766
0.004767
0.004768
0.004770
0.004771
0.004772
0.004774
0.004775
0.004776
0.004778
0.004779
0.004780
0.004782
0.004783
0.004785
0.004786
0.004787
0.004789
0.004790
0.004792
0.004793
0.004794
0.004796
0.004797
0.004799
0.004800
0.004801
0.004803
0.004804
0.004805
0.004807
0.004808
0.004809
0.004811
0.004812
0.004813
0.004815
0.004816
0.004817
0.004818
0.004820
0.004821
0.004822
0.004823
0.004825
0.004826
0.004827
0.004828
0.004829
0.004830
0.004832
0.004833
0.004834
0.004835
0.004836
0.004837
0.004838
0.004839
0.004840
0.004841
0.004842
0.004843
0.004844
0.004845
0.004846
0.004847
0.004848
0.004848
0.004849
0.004850
0.004851
0.004852
0.004852
0.004853
0.004854
0.004855
0.004855
0.004856
0.004857
0.004857
0.004858
0.004859
0.004859
0.004860
0.004860
0.004861
0.004861
0.004862
0.004862
0.004863
0.004863
0.004864
0.004864
0.004865
0.004865
0.004865
0.004866
0.004866
0.004866
0.004867
0.004867
0.004867
0.004868
0.004868
0.004868
0.004868
0.004868
0.004869
0.004869
0.004869
0.004869
0.004869
0.004869
0.004869
0.004869
0.004869
0.004869
0.004869
0.004869
0.004869
0.004869
0.004869
0.004869
0.004869
0.004869
0.004869
0.004869
0.004869
0.004868
0.004868
0.004868
0.004868
0.004868
0.004867
0.004867
0.004867
0.004867
0.004866
0.004866
0.004866
0.004866
0.004865
0.004865
0.004864
0.004864
0.004864
0.004863
0.004863
0.004863
0.004862
0.004862
0.004861
0.004861
0.004860
0.004860
0.004859
0.004859
0.004858
0.004858
0.004857
0.004857
0.004856
0.004856
0.004855
0.004855
0.004854
0.004854
0.004853
0.004852
0.004852
0.004851
0.004851
0.004850
0.004849
0.004849
0.004848
0.004847
0.004847
0.004846
0.004845
0.004845
0.004844
0.004843
0.004843
0.004842
0.004841
0.004841
0.004840
0.004839
0.004838
0.004838
0.004837
0.004836
0.004836
0.004835
0.004834
0.004833
0.004833
0.004832
0.004831
0.004830
0.004830
0.004829
0.004828
0.004827
0.004826
0.004826
0.004825
0.004824
0.004823
0.004823
0.004822
0.004821
0.004820
0.004819
0.004819
0.004818
0.004817
0.004816
0.004815
0.004815
0.004814
0.004813
0.004812
0.004812
0.004811
0.004810
0.004809
0.004808
0.004808
0.004807
0.004806
0.004805
0.004804
0.004804
0.004803
0.004802
0.004801
0.004800
0.004800
0.004799
0.004798
0.004797
0.004797
0.004796
0.004795
0.004794
0.004793
0.004793
0.004792
0.004791
0.004790
0.004790
0.004789
0.004788
0.004787
0.004787
0.004786
0.004785
0.004784
0.004784
0.004783
0.004782
0.004781
0.004781
0.004780
0.004779
0.004779
0.004778
0.004777
0.004776
0.004776
0.004775
0.004774
0.004774
0.004773
0.004772
0.004772
0.004771
0.004770
0.004769
0.004769
0.004768
0.004767
0.004767
0.004766
0.004766
0.004765
0.004764
0.004764
0.004763
0.004762
0.004762
0.004761
0.004760
0.004760
0.004759
0.004759
0.004758
0.004757
0.004757
0.004756
0.004756
0.004755
0.004754
0.004754
0.004753
0.004753
0.004752
0.004752
0.004751
0.004751
0.004750
0.004749
0.004749
0.004748
0.004748
0.004747
0.004747
0.004746
0.004746
0.004745
0.004745
0.004744
0.004744
0.004743
0.004743
0.004742
0.004742
0.004741
0.004741
0.004741
0.004740
0.004740
0.004739
0.004739
0.004738
0.004738
0.004737
0.004737
0.004737
0.004736
0.004736
0.004735
0.004735
0.004735
0.004734
0.004734
0.004734
0.004733
0.004733
0.004732
0.004732
0.004732
0.004731
0.004731
0.004731
0.004730
0.004730
0.004730
0.004729
0.004729
0.004729
0.004728
0.004728
0.004728
0.004728
0.004727
0.004727
0.004727
0.004726
0.004726
0.004726
0.004726
0.004725
0.004725
0.004725
0.004725
0.004724
0.004724
0.004724
0.004724
0.004723
0.004723
0.004723
0.004723
0.004723
0.004722
0.004722
0.004722
0.004722
0.004722
0.004722
0.004721
0.004721
0.004721
0.004721
0.004721
0.004721
0.004720
0.004720
0.004720
0.004720
0.004720
0.004720
0.004720
0.004720
0.004719
0.004719
0.004719
0.004719
0.004719
0.004719
0.004719
0.004719
0.004719
0.004719
0.004719
0.004719
0.004719
0.004719
0.004718
0.004718
0.004718
0.004718
0.004718
0.004718
0.004718
0.004718
0.004718
0.004718
0.004718
0.004718
0.004718
0.004718
0.004718
0.004718
0.004718
0.004719
0.004719
0.004719
0.004719
0.004719
0.004719
0.004719
0.004719
0.004719
0.004719
0.004719
0.004719
0.004719
0.004719
0.004720
0.004720
0.004720
0.004720
0.004720
0.004720
0.004720
0.004720
0.004721
0.004721
0.004721
0.004721
0.004721
0.004721
0.004722
0.004722
0.004722
0.004722
0.004722
0.004722
0.004723
0.004723
0.004723
0.004723
0.004724
0.004724
0.004724
0.004724
0.004724
0.004725
0.004725
0.004725
0.004725
0.004726
0.004726
0.004726
0.004727
0.004727
0.004727
0.004727
0.004728
0.004728
0.004728
0.004729
0.004729
0.004729
0.004730
0.004730
0.004730
0.004731
0.004731
0.004731
0.004732
0.004732
0.004732
0.004733
0.004733
0.004734
0.004734
0.004734
0.004735
0.004735
0.004736
0.004736
0.004737
0.004737
0.004737
0.004738
0.004738
0.004739
0.004739
0.004740
0.004740
0.004741
0.004741
0.004742
0.004742
0.004743
0.004743
0.004744
0.004744
0.004745
0.004745
0.004746
0.004746
0.004747
0.004747
0.004748
0.004748
0.004749
0.004750
0.004750
0.004751
0.004751
0.004752
0.004753
0.004753
0.004754
0.004754
0.004755
0.004756
0.004756
0.004757
0.004758
0.004758
0.004759
0.004760
0.004760
0.004761
0.004762
0.004762
0.004763
0.004764
0.004764
0.004765
0.004766
0.004767
0.004767
0.004768
0.004769
0.004770
0.004770
0.004771
0.004772
0.004773
0.004773
0.004774
0.004775
0.004776
0.004777
0.004777
0.004778
0.004779
0.004780
0.004781
0.004782
0.004782
0.004783
0.004784
0.004785
0.004786
0.004787
0.004788
0.004789
0.004789
0.004790
0.004791
0.004792
0.004793
0.004794
0.004795
0.004796
0.004797
0.004798
0.004799
0.004800
0.004801
0.004802
0.004803
0.004804
0.004805
0.004806
0.004807
0.004808
0.004809
0.004810
0.004811
0.004812
0.004813
0.004814
0.004815
0.004816
0.004817
0.004818
0.004820
0.004821
0.004822
0.004823
0.004824
0.004825
0.004826
0.004827
0.004829
0.004830
0.004831
0.004832
0.004833
0.004834
0.004836
0.004837
0.004838
0.004839
0.004840
0.004842
0.004843
0.004844
0.004845
0.004847
0.004848
0.004849
0.004850
0.004852
0.004853
0.004854
0.004856
0.004857
0.004858
0.004859
0.004861
0.004862
0.004863
0.004865
0.004866
0.004868
0.004869
0.004870
0.004872
0.004873
0.004874
0.004876
0.004877
0.004879
0.004880
0.004881
0.004883
0.004884
0.004886
0.004887
0.004889
0.004890
0.004892
0.004893
0.004895
0.004896
0.004898
0.004899
0.004901
0.004902
0.004904
0.004905
0.004907
0.004908
0.004910
0.004911
0.004913
0.004914
0.004916
0.004918
0.004919
0.004921
0.004922
0.004924
0.004926
0.004927
0.004929
0.004930
0.004932
0.004934
0.004935
0.004937
0.004939
0.004940
0.004942
0.004944
0.004945
0.004947
0.004949
0.004950
0.004952
0.004954
0.004956
0.004957
0.004959
0.004961
0.004963
0.004964
0.004966
0.004968
0.004970
0.004971
0.004973
0.004975
0.004977
0.004979
0.004980
0.004982
0.004984
0.004986
0.004988
0.004990
0.004991
0.004993
0.004995
0.004997
0.004999
0.005001
0.005003
0.005004
0.005006
0.005008
0.005010
0.005012
0.005014
0.005016
0.005018
0.005020
0.005022
0.005024
0.005025
0.005027
0.005029
0.005031
0.005033
0.005035
0.005037
0.005039
0.005041
0.005043
0.005045
0.005047
0.005049
0.005051
0.005053
0.005055
0.005057
0.005059
0.005061
0.005063
0.005065
0.005067
0.005069
0.005071
0.005073
0.005076
0.005078
0.005080
0.005082
0.005084
0.005086
0.005088
0.005090
0.005092
0.005094
0.005096
0.005098
0.005101
0.005103
0.005105
0.005107
0.005109
0.005111
0.005113
0.005115
0.005118
0.005120
0.005122
0.005124
0.005126
0.005128
0.005131
0.005133
0.005135
0.005137
0.005139
0.005141
0.005144
0.005146
0.005148
0.005150
0.005152
0.005155
0.005157
0.005159
0.005161
0.005163
0.005166
0.005168
0.005170
0.005172
0.005174
0.005177
0.005179
0.005181
0.005183
0.005186
0.005188
0.005190
0.005192
0.005194
0.005197
0.005199
0.005201
0.005203
0.005206
0.005208
0.005210
0.005212
0.005215
0.005217
0.005219
0.005222
0.005224
0.005226
0.005228
0.005231
0.005233
0.005235
0.005237
0.005240
0.005242
0.005244
0.005247
0.005249
0.005251
0.005253
0.005256
0.005258
0.005260
0.005262
0.005265
0.005267
0.005269
0.005272
0.005274
0.005276
0.005278
0.005281
0.005283
0.005285
0.005288
0.005290
0.005292
0.005294
0.005297
0.005299
0.005301
0.005303
0.005306
0.005308
0.005310
0.005313
0.005315
0.005317
0.005319
0.005322
0.005324
0.005326
0.005328
0.005331
0.005333
0.005335
0.005338
0.005340
0.005342
0.005344
0.005347
0.005349
0.005351
0.005353
0.005356
0.005358
0.005360
0.005362
0.005365
0.005367
0.005369
0.005371
0.005373
0.005376
0.005378
0.005380
0.005382
0.005385
0.005387
0.005389
0.005391
0.005393
0.005396
0.005398
0.005400
0.005402
0.005404
0.005407
0.005409
0.005411
0.005413
0.005415
0.005417
0.005420
0.005422
0.005424
0.005426
0.005428
0.005430
0.005433
0.005435
0.005437
0.005439
0.005441
0.005443
0.005445
0.005447
0.005450
0.005452
0.005454
0.005456
0.005458
0.005460
0.005462
0.005464
0.005466
0.005468
0.005470
0.005472
0.005474
0.005476
0.005478
0.005480
0.005483
0.005485
0.005487
0.005489
0.005491
0.005493
0.005495
0.005496
0.005498
0.005500
0.005502
0.005504
0.005506
0.005508
0.005510
0.005512
0.005514
0.005516
0.005518
0.005520
0.005522
0.005524
0.005525
0.005527
0.005529
0.005531
0.005533
0.005535
0.005537
0.005538
0.005540
0.005542
0.005544
0.005546
0.005548
0.005549
0.005551
0.005553
0.005555
0.005556
0.005558
0.005560
0.005562
0.005563
0.005565
0.005567
0.005569
0.005570
0.005572
0.005574
0.005575
0.005577
0.005579
0.005580
0.005582
0.005583
0.005585
0.005587
0.005588
0.005590
0.005592
0.005593
0.005595
0.005596
0.005598
0.005599
0.005601
0.005602
0.005604
0.005605
0.005607
0.005608
0.005610
0.005611
0.005613
0.005614
0.005616
0.005617
0.005619
0.005620
0.005621
0.005623
0.005624
0.005626
0.005627
0.005628
0.005630
0.005631
0.005632
0.005634
0.005635
0.005636
0.005637
0.005639
0.005640
0.005641
0.005643
0.005644
0.005645
0.005646
0.005647
0.005649
0.005650
0.005651
0.005652
0.005653
0.005655
0.005656
0.005657
0.005658
0.005659
0.005660
0.005661
0.005662
0.005663
0.005664
0.005665
0.005666
0.005668
0.005669
0.005670
0.005671
0.005672
0.005672
0.005673
0.005674
0.005675
0.005676
0.005677
0.005678
0.005679
0.005680
0.005681
0.005682
0.005682
0.005683
0.005684
0.005685
0.005686
0.005687
0.005687
0.005688
0.005689
0.005690
0.005690
0.005691
0.005692
0.005693
0.005693
0.005694
0.005695
0.005695
0.005696
0.005697
0.005697
0.005698
0.005699
0.005699
0.005700
0.005700
0.005701
0.005702
0.005702
0.005703
0.005703
0.005704
0.005704
0.005705
0.005705
0.005706
0.005706
0.005707
0.005707
0.005708
0.005708
0.005709
0.005709
0.005709
0.005710
0.005710
0.005710
0.005711
0.005711
0.005712
0.005712
0.005712
0.005712
0.005713
0.005713
0.005713
0.005714
0.005714
0.005714
0.005714
0.005715
0.005715
0.005715
0.005715
0.005715
0.005716
0.005716
0.005716
0.005716
0.005716
0.005716
0.005716
0.005716
0.005717
0.005717
0.005717
0.005717
0.005717
0.005717
0.005717
0.005717
0.005717
0.005717
0.005717
0.005717
0.005717
0.005717
0.005717
0.005717
0.005717
0.005717
0.005717
0.005716
0.005716
0.005716
0.005716
0.005716
0.005716
0.005716
0.005716
0.005715
0.005715
0.005715
0.005715
0.005715
0.005714
0.005714
0.005714
0.005714
0.005713
0.005713
0.005713
0.005713
0.005712
0.005712
0.005712
0.005711
0.005711
0.005711
0.005711
0.005710
0.005710
0.005709
0.005709
0.005709
0.005708
0.005708
0.005708
0.005707
0.005707
0.005706
0.005706
0.005705
0.005705
0.005704
0.005704
0.005704
0.005703
0.005703
0.005702
0.005702
0.005701
0.005701
0.005700
0.005699
0.005699
0.005698
0.005698
0.005697
0.005697
0.005696
0.005695
0.005695
0.005694
0.005694
0.005693
0.005692
0.005692
0.005691
0.005690
0.005690
0.005689
0.005688
0.005688
0.005687
0.005686
0.005686
0.005685
0.005684
0.005684
0.005683
0.005682
0.005681
0.005681
0.005680
0.005679
0.005678
0.005678
0.005677
0.005676
0.005675
0.005674
0.005674
0.005673
0.005672
0.005671
0.005670
0.005670
0.005669
0.005668
0.005667
0.005666
0.005665
0.005664
0.005664
0.005663
0.005662
0.005661
0.005660
0.005659
0.005658
0.005657
0.005656
0.005656
0.005655
0.005654
0.005653
0.005652
0.005651
0.005650
0.005649
0.005648
0.005647
0.005646
0.005645
0.005644
0.005643
0.005642
0.005641
0.005640
0.005639
0.005638
0.005637
0.005636
0.005635
0.005634
0.005633
0.005632
0.005631
0.005630
0.005629
0.005628
0.005627
0.005626
0.005625
0.005624
0.005623
0.005621
0.005620
0.005619
0.005618
0.005617
0.005616
0.005615
0.005614
0.005613
0.005612
0.005610
0.005609
0.005608
0.005607
0.005606
0.005605
0.005604
0.005603
0.005601
0.005600
0.005599
0.005598
0.005597
0.005596
0.005595
0.005593
0.005592
0.005591
0.005590
0.005589
0.005588
0.005586
0.005585
0.005584
0.005583
0.005582
0.005580
0.005579
0.005578
0.005577
0.005576
0.005574
0.005573
0.005572
0.005571
0.005570
0.005568
0.005567
0.005566
0.005565
0.005563
0.005562
0.005561
0.005560
0.005559
0.005557
0.005556
0.005555
0.005554
0.005552
0.005551
0.005550
0.005549
0.005547
0.005546
0.005545
0.005544
0.005542
0.005541
0.005540
0.005539
0.005537
0.005536
0.005535
0.005533
0.005532
0.005531
0.005530
0.005528
0.005527
0.005526
0.005525
0.005523
0.005522
0.005521
0.005519
0.005518
0.005517
0.005516
0.005514
0.005513
0.005512
0.005510
0.005509
0.005508
0.005506
0.005505
0.005504
0.005503
0.005501
0.005500
0.005499
0.005497
0.005496
0.005495
0.005493
0.005492
0.005491
0.005490
0.005488
0.005487
0.005486
0.005484
0.005483
0.005482
0.005480
0.005479
0.005478
0.005476
0.005475
0.005474
0.005473
0.005471
0.005470
0.005469
0.005467
0.005466
0.005465
0.005463
0.005462
0.005461
0.005459
0.005458
0.005457
0.005455
0.005454
0.005453
0.005451
0.005450
0.005449
0.005448
0.005446
0.005445
0.005444
0.005442
0.005441
0.005440
0.005438
0.005437
0.005436
0.005434
0.005433
0.005432
0.005430
0.005429
0.005428
0.005426
0.005425
0.005424
0.005423
0.005421
0.005420
0.005419
0.005417
0.005416
0.005415
0.005413
0.005412
0.005411
0.005409
0.005408
0.005407
0.005406
0.005404
0.005403
0.005402
0.005400
0.005399
0.005398
0.005396
0.005395
0.005394
0.005393
0.005391
0.005390
0.005389
0.005387
0.005386
0.005385
0.005383
0.005382
0.005381
0.005380
0.005378
0.005377
0.005376
0.005374
0.005373
0.005372
0.005371
0.005369
0.005368
0.005367
0.005365
0.005364
0.005363
0.005362
0.005360
0.005359
0.005358
0.005356
0.005355
0.005354
0.005353
0.005351
0.005350
0.005349
0.005348
0.005346
0.005345
0.005344
0.005343
0.005341
0.005340
0.005339
0.005337
0.005336
0.005335
0.005334
0.005332
0.005331
0.005330
0.005329
0.005327
0.005326
0.005325
0.005324
0.005323
0.005321
0.005320
0.005319
0.005318
0.005316
0.005315
0.005314
0.005313
0.005311
0.005310
0.005309
0.005308
0.005306
0.005305
0.005304
0.005303
0.005302
0.005300
0.005299
0.005298
0.005297
0.005296
0.005294
0.005293
0.005292
0.005291
0.005290
0.005288
0.005287
0.005286
0.005285
0.005284
0.005282
0.005281
0.005280
0.005279
0.005278
0.005276
0.005275
0.005274
0.005273
0.005272
0.005270
0.005269
0.005268
0.005267
0.005266
0.005265
0.005263
0.005262
0.005261
0.005260
0.005259
0.005258
0.005256
0.005255
0.005254
0.005253
0.005252
0.005251
0.005250
0.005248
0.005247
0.005246
0.005245
0.005244
0.005243
0.005242
0.005240
0.005239
0.005238
0.005237
0.005236
0.005235
0.005234
0.005233
0.005231
0.005230
0.005229
0.005228
0.005227
0.005226
0.005225
0.005224
0.005222
0.005221
0.005220
0.005219
0.005218
0.005217
0.005216
0.005215
0.005214
0.005213
0.005212
0.005210
0.005209
0.005208
0.005207
0.005206
0.005205
0.005204
0.005203
0.005202
0.005201
0.005200
0.005199
0.005198
0.005196
0.005195
0.005194
0.005193
0.005192
0.005191
0.005190
0.005189
0.005188
0.005187
0.005186
0.005185
0.005184
0.005183
0.005182
0.005181
0.005180
0.005179
0.005178
0.005177
0.005176
0.005174
0.005173
0.005172
0.005171
0.005170
0.005169
0.005168
0.005167
0.005166
0.005165
0.005164
0.005163
0.005162
0.005161
0.005160
0.005159
0.005158
0.005157
0.005156
0.005155
0.005154
0.005153
0.005152
0.005151
0.005150
0.005149
0.005148
0.005147
0.005146
0.005145
0.005144
0.005144
0.005143
0.005142
0.005141
0.005140
0.005139
0.005138
0.005137
0.005136
0.005135
0.005134
0.005133
0.005132
0.005131
0.005130
0.005129
0.005128
0.005127
0.005126
0.005125
0.005124
0.005123
0.005123
0.005122
0.005121
0.005120
0.005119
0.005118
0.005117
0.005116
0.005115
0.005114
0.005113
0.005112
0.005111
0.005110
0.005110
0.005109
0.005108
0.005107
0.005106
0.005105
0.005104
0.005103
0.005102
0.005101
0.005101
0.005100
0.005099
0.005098
0.005097
0.005096
0.005095
0.005094
0.005093
0.005092
0.005092
0.005091
0.005090
0.005089
0.005088
0.005087
0.005086
0.005085
0.005085
0.005084
0.005083
0.005082
0.005081
0.005080
0.005079
0.005079
0.005078
0.005077
0.005076
0.005075
0.005074
0.005073
0.005073
0.005072
0.005071
0.005070
0.005069
0.005068
0.005067
0.005067
0.005066
0.005065
0.005064
0.005063
0.005062
0.005062
0.005061
0.005060
0.005059
0.005058
0.005057
0.005057
0.005056
0.005055
0.005054
0.005053
0.005053
0.005052
0.005051
0.005050
0.005049
0.005048
0.005048
0.005047
0.005046
0.005045
0.005044
0.005044
0.005043
0.005042
0.005041
0.005040
0.005040
0.005039
0.005038
0.005037
0.005036
0.005036
0.005035
0.005034
0.005033
0.005032
0.005032
0.005031
0.005030
0.005029
0.005029
0.005028
0.005027
0.005026
0.005025
0.005025
0.005024
0.005023
0.005022
0.005021
0.005021
0.005020
0.005019
0.005018
0.005018
0.005017
0.005016
0.005015
0.005015
0.005014
0.005013
0.005012
0.005012
0.005011
0.005010
0.005009
0.005008
0.005008
0.005007
0.005006
0.005005
0.005005
0.005004
0.005003
0.005002
0.005002
0.005001
0.005000
0.004999
0.004999
0.004998
0.004997
0.004996
0.004996
0.004995
0.004994
0.004993
0.004993
0.004992
0.004991
0.004991
0.004990
0.004989
0.004988
0.004988
0.004987
0.004986
0.004985
0.004985
0.004984
0.004983
0.004982
0.004982
0.004981
0.004980
0.004980
0.004979
0.004978
0.004977
0.004977
0.004976
0.004975
0.004975
0.004974
0.004973
0.004972
0.004972
0.004971
0.004970
0.004969
0.004969
0.004968
0.004967
0.004967
0.004966
0.004965
0.004964
0.004964
0.004963
0.004962
0.004962
0.004961
0.004960
0.004960
0.004959
0.004958
0.004957
0.004957
0.004956
0.004955
0.004955
0.004954
0.004953
0.004952
0.004952
0.004951
0.004950
0.004950
0.004949
0.004948
0.004948
0.004947
0.004946
0.004945
0.004945
0.004944
0.004943
0.004943
0.004942
0.004941
0.004941
0.004940
0.004939
0.004939
0.004938
0.004937
0.004936
0.004936
0.004935
0.004934
0.004934
0.004933
0.004932
0.004932
0.004931
0.004930
0.004930
0.004929
0.004928
0.004928
0.004927
0.004926
0.004925
0.004925
0.004924
0.004923
0.004923
0.004922
0.004921
0.004921
0.004920
0.004919
0.004919
0.004918
0.004917
0.004917
0.004916
0.004915
0.004915
0.004914
0.004913
0.004913
0.004912
0.004911
0.004911
0.004910
0.004909
0.004909
0.004908
0.004907
0.004906
0.004906
0.004905
0.004904
0.004904
0.004903
0.004902
0.004902
0.004901
0.004900
0.004900
0.004899
0.004898
0.004898
0.004897
0.004896
0.004896
0.004895
0.004894
0.004894
0.004893
0.004892
0.004892
0.004891
0.004890
0.004890
0.004889
0.004888
0.004888
0.004887
0.004886
0.004886
0.004885
0.004885
0.004884
0.004883
0.004883
0.004882
0.004881
0.004881
0.004880
0.004879
0.004879
0.004878
0.004877
0.004877
0.004876
0.004875
0.004875
0.004874
0.004873
0.004873
0.004872
0.004871
0.004871
0.004870
0.004869
0.004869
0.004868
0.004867
0.004867
0.004866
0.004866
0.004865
0.004864
0.004864
0.004863
0.004862
0.004862
0.004861
0.004860
0.004860
0.004859
0.004858
0.004858
0.004857
0.004857
0.004856
0.004855
0.004855
0.004854
0.004853
0.004853
0.004852
0.004851
0.004851
0.004850
0.004849
0.004849
0.004848
0.004848
0.004847
0.004846
0.004846
0.004845
0.004844
0.004844
0.004843
0.004842
0.004842
0.004841
0.004841
0.004840
0.004839
0.004839
0.004838
0.004837
0.004837
0.004836
0.004836
0.004835
0.004834
0.004834
0.004833
0.004832
0.004832
0.004831
0.004831
0.004830
0.004829
0.004829
0.004828
0.004828
0.004827
0.004826
0.004826
0.004825
0.004824
0.004824
0.004823
0.004823
0.004822
0.004821
0.004821
0.004820
0.004820
0.004819
0.004818
0.004818
0.004817
0.004817
0.004816
0.004815
0.004815
0.004814
0.004814
0.004813
0.004812
0.004812
0.004811
0.004811
0.004810
0.004809
0.004809
0.004808
0.004808
0.004807
0.004806
0.004806
0.004805
0.004805
0.004804
0.004804
0.004803
0.004802
0.004802
0.004801
0.004801
0.004800
0.004800
0.004799
0.004798
0.004798
0.004797
0.004797
0.004796
0.004796
0.004795
0.004794
0.004794
0.004793
0.004793
0.004792
0.004792
0.004791
0.004790
0.004790
0.004789
0.004789
0.004788
0.004788
0.004787
0.004787
0.004786
0.004786
0.004785
0.004784
0.004784
0.004783
0.004783
0.004782
0.004782
0.004781
0.004781
0.004780
0.004780
0.004779
0.004779
0.004778
0.004778
0.004777
0.004776
0.004776
0.004775
0.004775
0.004774
0.004774
0.004773
0.004773
0.004772
0.004772
0.004771
0.004771
0.004770
0.004770
0.004769
0.004769
0.004768
0.004768
0.004767
0.004767
0.004766
0.004766
0.004765
0.004765
0.004764
0.004764
0.004763
0.004763
0.004763
0.004762
0.004762
0.004761
0.004761
0.004760
0.004760
0.004759
0.004759
0.004758
0.004758
0.004757
0.004757
0.004757
0.004756
0.004756
0.004755
0.004755
0.004754
0.004754
0.004753
0.004753
0.004753
0.004752
0.004752
0.004751
0.004751
0.004751
0.004750
0.004750
0.004749
0.004749
0.004748
0.004748
0.004748
0.004747
0.004747
0.004746
0.004746
0.004746
0.004745
0.004745
0.004745
0.004744
0.004744
0.004743
0.004743
0.004743
0.004742
0.004742
0.004742
0.004741
0.004741
0.004740
0.004740
0.004740
0.004739
0.004739
0.004739
0.004738
0.004738
0.004738
0.004737
0.004737
0.004737
0.004736
0.004736
0.004736
0.004736
0.004735
0.004735
0.004735
0.004734
0.004734
0.004734
0.004733
0.004733
0.004733
0.004733
0.004732
0.004732
0.004732
0.004731
0.004731
0.004731
0.004731
0.004730
0.004730
0.004730
0.004730
0.004729
0.004729
0.004729
0.004729
0.004728
0.004728
0.004728
0.004728
0.004728
0.004727
0.004727
0.004727
0.004727
0.004726
0.004726
0.004726
0.004726
0.004726
0.004726
0.004725
0.004725
0.004725
0.004725
0.004725
0.004725
0.004724
0.004724
0.004724
0.004724
0.004724
0.004724
0.004723
0.004723
0.004723
0.004723
0.004723
0.004723
0.004723
0.004723
0.004722
0.004722
0.004722
0.004722
0.004722
0.004722
0.004722
0.004722
0.004722
0.004722
0.004722
0.004722
0.004722
0.004721
0.004721
0.004721
0.004721
0.004721
0.004721
0.004721
0.004721
0.004721
0.004721
0.004721
0.004721
0.004721
0.004721
0.004721
0.004721
0.004721
0.004721
0.004721
0.004721
0.004721
0.004721
0.004721
0.004721
0.004721
0.004721
0.004722
0.004722
0.004722
0.004722
0.004722
0.004722
0.004722
0.004722
0.004722
0.004722
0.004722
0.004722
0.004723
0.004723
0.004723
0.004723
0.004723
0.004723
0.004723
0.004724
0.004724
0.004724
0.004724
0.004724
0.004724
0.004725
0.004725
0.004725
0.004725
0.004725
0.004726
0.004726
0.004726
0.004726
0.004726
0.004727
0.004727
0.004727
0.004727
0.004728
0.004728
0.004728
0.004728
0.004729
0.004729
0.004729
0.004729
0.004730
0.004730
0.004730
0.004731
0.004731
0.004731
0.004732
0.004732
0.004732
0.004733
0.004733
0.004733
0.004734
0.004734
0.004734
0.004735
0.004735
0.004736
0.004736
0.004736
0.004737
0.004737
0.004738
0.004738
0.004738
0.004739
0.004739
0.004740
0.004740
0.004741
0.004741
0.004741
0.004742
0.004742
0.004743
0.004743
0.004744
0.004744
0.004745
0.004745
0.004746
0.004746
0.004747
0.004748
0.004748
0.004749
0.004749
0.004750
0.004750
0.004751
0.004751
0.004752
0.004753
0.004753
0.004754
0.004754
0.004755
0.004756
0.004756
0.004757
0.004758
0.004758
0.004759
0.004759
0.004760
0.004761
0.004761
0.004762
0.004763
0.004764
0.004764
0.004765
0.004766
0.004766
0.004767
0.004768
0.004769
0.004769
0.004770
0.004771
0.004772
0.004772
0.004773
0.004774
0.004775
0.004775
0.004776
0.004777
0.004778
0.004779
0.004780
0.004780
0.004781
0.004782
0.004783
0.004784
0.004785
0.004786
0.004786
0.004787
0.004788
0.004789
0.004790
0.004791
0.004792
0.004793
0.004794
0.004795
0.004796
0.004797
0.004797
0.004798
0.004799
0.004800
0.004801
0.004802
0.004803
0.004804
0.004805
0.004806
0.004807
0.004808
0.004809
0.004811
0.004812
0.004813
0.004814
0.004815
0.004816
0.004817
0.004818
0.004819
0.004820
0.004821
0.004822
0.004824
0.004825
0.004826
0.004827
0.004828
0.004829
0.004830
0.004832
0.004833
0.004834
0.004835
0.004836
0.004838
0.004839
0.004840
0.004841
0.004843
0.004844
0.004845
0.004846
0.004848
0.004849
0.004850
0.004851
0.004853
0.004854
0.004855
0.004857
0.004858
0.004859
0.004860
0.004862
0.004863
0.004864
0.004866
0.004867
0.004869
0.004870
0.004871
0.004873
0.004874
0.004876
0.004877
0.004878
0.004880
0.004881
0.004883
0.004884
0.004885
0.004887
0.004888
0.004890
0.004891
0.004893
0.004894
0.004896
0.004897
0.004899
0.004900
0.004902
0.004903
0.004905
0.004906
0.004908
0.004910
0.004911
0.004913
0.004914
0.004916
0.004917
0.004919
0.004921
0.004922
0.004924
0.004925
0.004927
0.004929
0.004930
0.004932
0.004934
0.004935
0.004937
0.004939
0.004940
0.004942
0.004944
0.004945
0.004947
0.004949
0.004950
0.004952
0.004954
0.004956
0.004957
0.004959
0.004961
0.004962
0.004964
0.004966
0.004968
0.004970
0.004971
0.004973
0.004975
0.004977
0.004979
0.004980
0.004982
0.004984
0.004986
0.004988
0.004989
0.004991
0.004993
0.004995
0.004997
0.004999
0.005001
0.005002
0.005004
0.005006
0.005008
0.005010
0.005012
0.005014
0.005016
0.005018
0.005020
0.005022
0.005023
0.005025
0.005027
0.005029
0.005031
0.005033
0.005035
0.005037
0.005039
0.005041
0.005043
0.005045
0.005047
0.005049
0.005051
0.005053
0.005055
0.005057
0.005059
0.005061
0.005063
0.005065
0.005067
0.005069
0.005071
0.005073
0.005076
0.005078
0.005080
0.005082
0.005084
0.005086
0.005088
0.005090
0.005092
0.005094
0.005096
0.005098
0.005101
0.005103
0.005105
0.005107
0.005109
0.005111
0.005113
0.005115
0.005118
0.005120
0.005122
0.005124
0.005126
0.005128
0.005131
0.005133
0.005135
0.005137
0.005139
0.005141
0.005144
0.005146
0.005148
0.005150
0.005152
0.005155
0.005157
0.005159
0.005161
0.005163
0.005166
0.005168
0.005170
0.005172
0.005174
0.005177
0.005179
0.005181
0.005183
0.005186
0.005188
0.005190
0.005192
0.005195
0.005197
0.005199
0.005201
0.005204
0.005206
0.005208
0.005210
0.005213
0.005215
0.005217
0.005219
0.005222
0.005224
0.005226
0.005228
0.005231
0.005233
0.005235
0.005237
0.005240
0.005242
0.005244
0.005247
0.005249
0.005251
0.005253
0.005256
0.005258
0.005260
0.005262
0.005265
0.005267
0.005269
0.005272
0.005274
0.005276
0.005278
0.005281
0.005283
0.005285
0.005288
0.005290
0.005292
0.005294
0.005297
0.005299
0.005301
0.005304
0.005306
0.005308
0.005310
0.005313
0.005315
0.005317
0.005319
0.005322
0.005324
0.005326
0.005329
0.005331
0.005333
0.005335
0.005338
0.005340
0.005342
0.005344
0.005347
0.005349
0.005351
0.005353
0.005356
0.005358
0.005360
0.005362
0.005365
0.005367
0.005369
0.005371
0.005374
0.005376
0.005378
0.005380
0.005382
0.005385
0.005387
0.005389
0.005391
0.005393
0.005396
0.005398
0.005400
0.005402
0.005404
0.005407
0.005409
0.005411
0.005413
0.005415
0.005417
0.005420
0.005422
0.005424
0.005426
0.005428
0.005430
0.005433
0.005435
0.005437
0.005439
0.005441
0.005443
0.005445
0.005447
0.005450
0.005452
0.005454
0.005456
0.005458
0.005460
0.005462
0.005464
0.005466
0.005468
0.005470
0.005472
0.005474
0.005476
0.005478
0.005480
0.005483
0.005485
0.005487
0.005489
0.005491
0.005493
0.005495
0.005497
0.005498
0.005500
0.005502
0.005504
0.005506
0.005508
0.005510
0.005512
0.005514
0.005516
0.005518
0.005520
0.005522
0.005524
0.005525
0.005527
0.005529
0.005531
0.005533
0.005535
0.005537
0.005538
0.005540
0.005542
0.005544
0.005546
0.005548
0.005549
0.005551
0.005553
0.005555
0.005556
0.005558
0.005560
0.005562
0.005563
0.005565
0.005567
0.005569
0.005570
0.005572
0.005574
0.005575
0.005577
0.005579
0.005580
0.005582
0.005583
0.005585
0.005587
0.005588
0.005590
0.005592
0.005593
0.005595
0.005596
0.005598
0.005599
0.005601
0.005602
0.005604
0.005605
0.005607
0.005608
0.005610
0.005611
0.005613
0.005614
0.005616
0.005617
0.005619
0.005620
0.005621
0.005623
0.005624
0.005626
0.005627
0.005628
0.005630
0.005631
0.005632
0.005634
0.005635
0.005636
0.005637
0.005639
0.005640
0.005641
0.005643
0.005644
0.005645
0.005646
0.005647
0.005649
0.005650
0.005651
0.005652
0.005653
0.005655
0.005656
0.005657
0.005658
0.005659
0.005660
0.005661
0.005662
0.005663
0.005664
0.005665
0.005666
0.005667
0.005669
0.005670
0.005671
0.005671
0.005672
0.005673
0.005674
0.005675
0.005676
0.005677
0.005678
0.005679
0.005680
0.005681
0.005682
0.005682
0.005683
0.005684
0.005685
0.005686
0.005687
0.005687
0.005688
0.005689
0.005690
0.005690
0.005691
0.005692
0.005693
0.005693
0.005694
0.005695
0.005695
0.005696
0.005697
0.005697
0.005698
0.005699
0.005699
0.005700
0.005700
0.005701
0.005702
0.005702
0.005703
0.005703
0.005704
0.005704
0.005705
0.005705
0.005706
0.005706
0.005707
0.005707
0.005708
0.005708
0.005709
0.005709
0.005709
0.005710
0.005710
0.005710
0.005711
0.005711
0.005712
0.005712
0.005712
0.005712
0.005713
0.005713
0.005713
0.005714
0.005714
0.005714
0.005714
0.005715
0.005715
0.005715
0.005715
0.005715
0.005716
0.005716
0.005716
0.005716
0.005716
0.005716
0.005716
0.005716
0.005717
0.005717
0.005717
0.005717
0.005717
0.005717
0.005717
0.005717
0.005717
0.005717
0.005717
0.005717
0.005717
0.005717
0.005717
0.005717
0.005717
0.005717
0.005717
0.005716
0.005716
0.005716
0.005716
0.005716
0.005716
0.005716
0.005716
0.005715
0.005715
0.005715
0.005715
0.005715
0.005714
0.005714
0.005714
0.005714
0.005713
0.005713
0.005713
0.005713
0.005712
0.005712
0.005712
0.005711
0.005711
0.005711
0.005711
0.005710
0.005710
0.005709
0.005709
0.005709
0.005708
0.005708
0.005708
0.005707
0.005707
0.005706
0.005706
0.005705
0.005705
0.005704
0.005704
0.005704
0.005703
0.005703
0.005702
0.005702
0.005701
0.005701
0.005700
0.005699
0.005699
0.005698
0.005698
0.005697
0.005697
0.005696
0.005695
0.005695
0.005694
0.005694
0.005693
0.005692
0.005692
0.005691
0.005690
0.005690
0.005689
0.005688
0.005688
0.005687
0.005686
0.005686
0.005685
0.005684
0.005684
0.005683
0.005682
0.005681
0.005681
0.005680
0.005679
0.005678
0.005678
0.005677
0.005676
0.005675
0.005674
0.005674
0.005673
0.005672
0.005671
0.005670
0.005670
0.005669
0.005668
0.005667
0.005666
0.005665
0.005664
0.005664
0.005663
0.005662
0.005661
0.005660
0.005659
0.005658
0.005657
0.005656
0.005656
0.005655
0.005654
0.005653
0.005652
0.005651
0.005650
0.005649
0.005648
0.005647
0.005646
0.005645
0.005644
0.005643
0.005642
0.005641
0.005640
0.005639
0.005638
0.005637
0.005636
0.005635
0.005634
0.005633
0.005632
0.005631
0.005630
0.005629
0.005628
0.005627
0.005626
0.005625
0.005624
0.005623
0.005621
0.005620
0.005619
0.005618
0.005617
0.005616
0.005615
0.005614
0.005613
0.005612
0.005610
0.005609
0.005608
0.005607
0.005606
0.005605
0.005604
0.005603
0.005601
0.005600
0.005599
0.005598
0.005597
0.005596
0.005595
0.005593
0.005592
0.005591
0.005590
0.005589
0.005588
0.005586
0.005585
0.005584
0.005583
0.005582
0.005580
0.005579
0.005578
0.005577
0.005576
0.005574
0.005573
0.005572
0.005571
0.005570
0.005568
0.005567
0.005566
0.005565
0.005563
0.005562
0.005561
0.005560
0.005559
0.005557
0.005556
0.005555
0.005554
0.005552
0.005551
0.005550
0.005549
0.005547
0.005546
0.005545
0.005544
0.005542
0.005541
0.005540
0.005539
0.005537
0.005536
0.005535
0.005533
0.005532
0.005531
0.005530
0.005528
0.005527
0.005526
0.005525
0.005523
0.005522
0.005521
0.005519
0.005518
0.005517
0.005516
0.005514
0.005513
0.005512
0.005510
0.005509
0.005508
0.005506
0.005505
0.005504
0.005503
0.005501
0.005500
0.005499
0.005497
0.005496
0.005495
0.005493
0.005492
0.005491
0.005490
0.005488
0.005487
0.005486
0.005484
0.005483
0.005482
0.005480
0.005479
0.005478
0.005476
0.005475
0.005474
0.005473
0.005471
0.005470
0.005469
0.005467
0.005466
0.005465
0.005463
0.005462
0.005461
0.005459
0.005458
0.005457
0.005455
0.005454
0.005453
0.005451
0.005450
0.005449
0.005448
0.005446
0.005445
0.005444
0.005442
0.005441
0.005440
0.005438
0.005437
0.005436
0.005434
0.005433
0.005432
0.005430
0.005429
0.005428
0.005426
0.005425
0.005424
0.005423
0.005421
0.005420
0.005419
0.005417
0.005416
0.005415
0.005413
0.005412
0.005411
0.005409
0.005408
0.005407
0.005406
0.005404
0.005403
0.005402
0.005400
0.005399
0.005398
0.005396
0.005395
0.005394
0.005393
0.005391
0.005390
0.005389
0.005387
0.005386
0.005385
0.005383
0.005382
0.005381
0.005380
0.005378
0.005377
0.005376
0.005374
0.005373
0.005372
0.005371
0.005369
0.005368
0.005367
0.005365
0.005364
0.005363
0.005362
0.005360
0.005359
0.005358
0.005356
0.005355
0.005354
0.005353
0.005351
0.005350
0.005349
0.005348
0.005346
0.005345
0.005344
0.005343
0.005341
0.005340
0.005339
0.005337
0.005336
0.005335
0.005334
0.005332
0.005331
0.005330
0.005329
0.005327
0.005326
0.005325
0.005324
0.005323
0.005321
0.005320
0.005319
0.005318
0.005316
0.005315
0.005314
0.005313
0.005311
0.005310
0.005309
0.005308
0.005306
0.005305
0.005304
0.005303
0.005302
0.005300
0.005299
0.005298
0.005297
0.005296
0.005294
0.005293
0.005292
0.005291
0.005290
0.005288
0.005287
0.005286
0.005285
0.005284
0.005282
0.005281
0.005280
0.005279
0.005278
0.005276
0.005275
0.005274
0.005273
0.005272
0.005270
0.005269
0.005268
0.005267
0.005266
0.005265
0.005263
0.005262
0.005261
0.005260
0.005259
0.005258
0.005256
0.005255
0.005254
0.005253
0.005252
0.005251
0.005250
0.005248
0.005247
0.005246
0.005245
0.005244
0.005243
0.005242
0.005240
0.005239
0.005238
0.005237
0.005236
0.005235
0.005234
0.005233
0.005231
0.005230
0.005229
0.005228
0.005227
0.005226
0.005225
0.005224
0.005222
0.005221
0.005220
0.005219
0.005218
0.005217
0.005216
0.005215
0.005214
0.005213
0.005212
0.005210
0.005209
0.005208
0.005207
0.005206
0.005205
0.005204
0.005203
0.005202
0.005201
0.005200
0.005199
0.005198
0.005196
0.005195
0.005194
0.005193
0.005192
0.005191
0.005190
0.005189
0.005188
0.005187
0.005186
0.005185
0.005184
0.005183
0.005182
0.005181
0.005180
0.005179
0.005178
0.005177
0.005176
0.005174
0.005173
0.005172
0.005171
0.005170
0.005150
0.005129
0.005109
0.005089
0.005069
0.005050
0.005031
0.005012
0.004994
0.004976
0.004958
0.004940
0.004922
0.004905
0.004888
0.004871
0.004855
0.004839
0.004823
0.004807
0.004791
0.004776
0.004761
0.004746
0.004732
0.004718
0.004704
0.004690
0.004676
0.004663
0.004650
0.004637
0.004624
0.004612
0.004599
0.004587
0.004576
0.004564
0.004553
0.004542
0.004531
0.004520
0.004510
0.004500
0.004490
0.004480
0.004470
0.004461
0.004452
0.004443
0.004434
0.004425
0.004417
0.004409
0.004401
0.004393
0.004385
0.004378
0.004370
0.004363
0.004356
0.004350
0.004343
0.004337
0.004331
0.004325
0.004319
0.004313
0.004307
0.004302
0.004297
0.004292
0.004287
0.004282
0.004278
0.004273
0.004269
0.004265
0.004261
0.004257
0.004253
0.004250
0.004246
0.004243
0.004240
0.004236
0.004234
0.004231
0.004228
0.004225
0.004223
0.004221
0.004218
0.004216
0.004214
0.004212
0.004210
0.004209
0.004207
0.004205
0.004204
0.004203
0.004201
0.004200
0.004199
0.004198
0.004197
0.004196
0.004196
0.004195
0.004194
0.004194
0.004194
0.004193
0.004193
0.004193
0.004192
0.004192
0.004192
0.004192
0.004192
0.004193
0.004193
0.004193
0.004193
0.004194
0.004194
0.004194
0.004195
0.004195
0.004196
0.004197
0.004197
0.004198
0.004199
0.004200
0.004200
0.004201
0.004202
0.004203
0.004204
0.004205
0.004206
0.004207
0.004208
0.004209
0.004210
0.004211
0.004212
0.004213
0.004215
0.004216
0.004217
0.004218
0.004220
0.004221
0.004222
0.004223
0.004225
0.004226
0.004227
0.004229
0.004230
0.004231
0.004233
0.004234
0.004235
0.004237
0.004238
0.004239
0.004241
0.004242
0.004243
0.004245
0.004246
0.004247
0.004249
0.004250
0.004251
0.004253
0.004254
0.004255
0.004257
0.004258
0.004259
0.004261
0.004262
0.004263
0.004265
0.004266
0.004267
0.004268
0.004270
0.004271
0.004272
0.004273
0.004275
0.004276
0.004277
0.004278
0.004279
0.004280
0.004281
0.004283
0.004284
0.004285
0.004286
0.004287
0.004288
0.004289
0.004290
0.004291
0.004292
0.004293
0.004294
0.004295
0.004296
0.004297
0.004298
0.004299
0.004300
0.004300
0.004301
0.004302
0.004303
0.004304
0.004304
0.004305
0.004306
0.004307
0.004307
0.004308
0.004309
0.004310
0.004310
0.004311
0.004311
0.004312
0.004313
0.004313
0.004314
0.004314
0.004315
0.004315
0.004316
0.004316
0.004317
0.004317
0.004318
0.004318
0.004319
0.004319
0.004319
0.004320
0.004320
0.004320
0.004321
0.004321
0.004321
0.004322
0.004322
0.004322
0.004322
0.004323
0.004323
0.004323
0.004323
0.004323
0.004324
0.004324
0.004324
0.004324
0.004324
0.004324
0.004324
0.004324
0.004325
0.004325
0.004325
0.004325
0.004325
0.004325
0.004325
0.004325
0.004325
0.004325
0.004325
0.004325
0.004325
0.004324
0.004324
0.004324
0.004324
0.004324
0.004324
0.004324
0.004324
0.004324
0.004323
0.004323
0.004323
0.004323
0.004323
0.004322
0.004322
0.004322
0.004322
0.004322
0.004321
0.004321
0.004321
0.004321
0.004320
0.004320
0.004320
0.004320
0.004319
0.004319
0.004319
0.004318
0.004318
0.004318
0.004318
0.004317
0.004317
0.004317
0.004316
0.004316
0.004316
0.004315
0.004315
0.004314
0.004314
0.004314
0.004313
0.004313
0.004313
0.004312
0.004312
0.004311
0.004311
0.004311
0.004310
0.004310
0.004309
0.004309
0.004309
0.004308
0.004308
0.004307
0.004307
0.004307
0.004306
0.004306
0.004305
0.004305
0.004304
0.004304
0.004304
0.004303
0.004303
0.004302
0.004302
0.004301
0.004301
0.004300
0.004300
0.004300
0.004299
0.004299
0.004298
0.004298
0.004297
0.004297
0.004296
0.004296
0.004296
0.004295
0.004295
0.004294
0.004294
0.004293
0.004293
0.004292
0.004292
0.004291
0.004291
0.004291
0.004290
0.004290
0.004289
0.004289
0.004288
0.004288
0.004287
0.004287
0.004286
0.004286
0.004286
0.004285
0.004285
0.004284
0.004284
0.004283
0.004283
0.004282
0.004282
0.004281
0.004281
0.004281
0.004280
0.004280
0.004279
0.004279
0.004278
0.004278
0.004277
0.004277
0.004277
0.004276
0.004276
0.004275
0.004275
0.004274
0.004274
0.004274
0.004273
0.004273
0.004272
0.004272
0.004271
0.004271
0.004271
0.004270
0.004270
0.004269
0.004269
0.004268
0.004268
0.004268
0.004267
0.004267
0.004266
0.004266
0.004266
0.004265
0.004265
0.004264
0.004264
0.004264
0.004263
0.004263
0.004262
0.004262
0.004261
0.004261
0.004261
0.004260
0.004260
0.004260
0.004259
0.004259
0.004258
0.004258
0.004258
0.004257
0.004257
0.004256
0.004256
0.004256
0.004255
0.004255
0.004255
0.004254
0.004254
0.004253
0.004253
0.004253
0.004252
0.004252
0.004252
0.004251
0.004251
0.004250
0.004250
0.004250
0.004249
0.004249
0.004249
0.004248
0.004248
0.004248
0.004247
0.004247
0.004247
0.004246
0.004246
0.004245
0.004245
0.004245
0.004244
0.004244
0.004244
0.004243
0.004243
0.004243
0.004242
0.004242
0.004242
0.004241
0.004241
0.004241
0.004240
0.004240
0.004240
0.004239
0.004239
0.004239
0.004238
0.004238
0.004238
0.004237
0.004237
0.004237
0.004236
0.004236
0.004236
0.004236
0.004235
0.004235
0.004235
0.004234
0.004234
0.004234
0.004233
0.004233
0.004233
0.004232
0.004232
0.004232
0.004232
0.004231
0.004231
0.004231
0.004230
0.004230
0.004230
0.004229
0.004229
0.004229
0.004229
0.004228
0.004228
0.004228
0.004227
0.004227
0.004227
0.004227
0.004226
0.004226
0.004226
0.004225
0.004225
0.004225
0.004225
0.004224
0.004224
0.004224
0.004223
0.004223
0.004223
0.004223
0.004222
0.004222
0.004222
0.004222
0.004221
0.004221
0.004221
0.004221
0.004220
0.004220
0.004220
0.004220
0.004219
0.004219
0.004219
0.004219
0.004218
0.004218
0.004218
0.004218
0.004217
0.004217
0.004217
0.004217
0.004216
0.004216
0.004216
0.004216
0.004215
0.004215
0.004215
0.004215
0.004214
0.004214
0.004214
0.004214
0.004214
0.004213
0.004213
0.004213
0.004213
0.004212
0.004212
0.004212
0.004212
0.004212
0.004211
0.004211
0.004211
0.004211
0.004211
0.004210
0.004210
0.004210
0.004210
0.004210
0.004209
0.004209
0.004209
0.004209
0.004209
0.004209
0.004208
0.004208
0.004208
0.004208
0.004208
0.004207
0.004207
0.004207
0.004207
0.004207
0.004207
0.004207
0.004206
0.004206
0.004206
0.004206
0.004206
0.004206
0.004205
0.004205
0.004205
0.004205
0.004205
0.004205
0.004205
0.004204
0.004204
0.004204
0.004204
0.004204
0.004204
0.004204
0.004204
0.004204
0.004203
0.004203
0.004203
0.004203
0.004203
0.004203
0.004203
0.004203
0.004203
0.004202
0.004202
0.004202
0.004202
0.004202
0.004202
0.004202
0.004202
0.004202
0.004202
0.004202
0.004202
0.004202
0.004202
0.004201
0.004201
0.004201
0.004201
0.004201
0.004201
0.004201
0.004201
0.004201
0.004201
0.004201
0.004201
0.004201
0.004201
0.004201
0.004201
0.004201
0.004201
0.004201
0.004201
0.004201
0.004201
0.004201
0.004201
0.004201
0.004201
0.004201
0.004201
0.004201
0.004201
0.004201
0.004201
0.004201
0.004201
0.004201
0.004201
0.004201
0.004201
0.004201
0.004201
0.004201
0.004201
0.004202
0.004202
0.004202
0.004202
0.004202
0.004202
0.004202
0.004202
0.004202
0.004202
0.004202
0.004202
0.004203
0.004203
0.004203
0.004203
0.004203
0.004203
0.004203
0.004203
0.004203
0.004204
0.004204
0.004204
0.004204
0.004204
0.004204
0.004204
0.004205
0.004205
0.004205
0.004205
0.004205
0.004205
0.004206
0.004206
0.004206
0.004206
0.004206
0.004207
0.004207
0.004207
0.004207
0.004207
0.004208
0.004208
0.004208
0.004208
0.004209
0.004209
0.004209
0.004209
0.004209
0.004210
0.004210
0.004210
0.004211
0.004211
0.004211
0.004211
0.004212
0.004212
0.004212
0.004212
0.004213
0.004213
0.004213
0.004214
0.004214
0.004214
0.004215
0.004215
0.004215
0.004216
0.004216
0.004216
0.004217
0.004217
0.004217
0.004218
0.004218
0.004218
0.004219
0.004219
0.004220
0.004220
0.004220
0.004221
0.004221
0.004221
0.004222
0.004222
0.004223
0.004223
0.004224
0.004224
0.004224
0.004225
0.004225
0.004226
0.004226
0.004227
0.004227
0.004228
0.004228
0.004228
0.004229
0.004229
0.004230
0.004230
0.004231
0.004231
0.004232
0.004232
0.004233
0.004233
0.004234
0.004234
0.004235
0.004236
0.004236
0.004237
0.004237
0.004238
0.004238
0.004239
0.004239
0.004240
0.004241
0.004241
0.004242
0.004242
0.004243
0.004243
0.004244
0.004245
0.004245
0.004246
0.004247
0.004247
0.004248
0.004248
0.004249
0.004250
0.004250
0.004251
0.004252
0.004252
0.004253
0.004254
0.004254
0.004255
0.004256
0.004256
0.004257
0.004258
0.004259
0.004259
0.004260
0.004261
0.004261
0.004262
0.004263
0.004264
0.004264
0.004265
0.004266
0.004267
0.004267
0.004268
0.004269
0.004270
0.004271
0.004271
0.004272
0.004273
0.004274
0.004275
0.004275
0.004276
0.004277
0.004278
0.004279
0.004280
0.004280
0.004281
0.004282
0.004283
0.004284
0.004285
0.004286
0.004287
0.004287
0.004288
0.004289
0.004290
0.004291
0.004292
0.004293
0.004294
0.004295
0.004296
0.004297
0.004297
0.004298
0.004299
0.004300
0.004301
0.004302
0.004303
0.004304
0.004305
0.004306
0.004307
0.004308
0.004309
0.004310
0.004311
0.004312
0.004313
0.004314
0.004315
0.004316
0.004317
0.004318
0.004319
0.004320
0.004321
0.004323
0.004324
0.004325
0.004326
0.004327
0.004328
0.004329
0.004330
0.004331
0.004332
0.004333
0.004335
0.004336
0.004337
0.004338
0.004339
0.004340
0.004341
0.004342
0.004344
0.004345
0.004346
0.004347
0.004348
0.004349
0.004351
0.004352
0.004353
0.004354
0.004355
0.004356
0.004358
0.004359
0.004360
0.004361
0.004363
0.004364
0.004365
0.004366
0.004367
0.004369
0.004370
0.004371
0.004372
0.004373
0.004375
0.004376
0.004377
0.004379
0.004380
0.004381
0.004382
0.004384
0.004385
0.004386
0.004387
0.004389
0.004390
0.004391
0.004393
0.004394
0.004395
0.004397
0.004398
0.004399
0.004401
0.004402
0.004403
0.004405
0.004406
0.004407
0.004409
0.004410
0.004412
0.004413
0.004414
0.004416
0.004417
0.004418
0.004420
0.004421
0.004423
0.004424
0.004425
0.004427
0.004428
0.004430
0.004431
0.004432
0.004434
0.004435
0.004437
0.004438
0.004440
0.004441
0.004443
0.004444
0.004445
0.004447
0.004448
0.004450
0.004451
0.004453
0.004454
0.004456
0.004457
0.004459
0.004460
0.004462
0.004463
0.004465
0.004466
0.004468
0.004469
0.004471
0.004472
0.004474
0.004475
0.004477
0.004478
0.004480
0.004481
0.004483
0.004484
0.004486
0.004487
0.004489
0.004490
0.004492
0.004494
0.004495
0.004497
0.004498
0.004500
0.004501
0.004503
0.004504
0.004506
0.004508
0.004509
0.004511
0.004512
0.004514
0.004515
0.004517
0.004519
0.004520
0.004522
0.004523
0.004525
0.004527
0.004528
0.004530
0.004531
0.004533
0.004535
0.004536
0.004538
0.004539
0.004541
0.004543
0.004544
0.004546
0.004547
0.004549
0.004551
0.004552
0.004554
0.004556
0.004557
0.004559
0.004560
0.004562
0.004564
0.004565
0.004567
0.004568
0.004570
0.004572
0.004573
0.004575
0.004577
0.004578
0.004580
0.004581
0.004583
0.004585
0.004586
0.004588
0.004590
0.004591
0.004593
0.004594
0.004596
0.004598
0.004599
0.004601
0.004602
0.004604
0.004606
0.004607
0.004609
0.004610
0.004612
0.004614
0.004615
0.004617
0.004618
0.004620
0.004621
0.004623
0.004625
0.004626
0.004628
0.004629
0.004631
0.004633
0.004634
0.004636
0.004637
0.004639
0.004640
0.004642
0.004643
0.004645
0.004647
0.004648
0.004650
0.004651
0.004653
0.004654
0.004656
0.004657
0.004659
0.004660
0.004662
0.004664
0.004665
0.004667
0.004668
0.004670
0.004671
0.004673
0.004674
0.004676
0.004677
0.004679
0.004680
0.004682
0.004683
0.004685
0.004686
0.004688
0.004689
0.004691
0.004692
0.004693
0.004695
0.004696
0.004698
0.004699
0.004701
0.004702
0.004704
0.004705
0.004706
0.004708
0.004709
0.004711
0.004712
0.004714
0.004715
0.004716
0.004718
0.004719
0.004721
0.004722
0.004723
0.004725
0.004726
0.004727
0.004729
0.004730
0.004732
0.004733
0.004734
0.004736
0.004737
0.004738
0.004740
0.004741
0.004742
0.004743
0.004745
0.004746
0.004747
0.004749
0.004750
0.004751
0.004753
0.004754
0.004755
0.004756
0.004758
0.004759
0.004760
0.004761
0.004762
0.004764
0.004765
0.004766
0.004767
0.004769
0.004770
0.004771
0.004772
0.004773
0.004774
0.004776
0.004777
0.004778
0.004779
0.004780
0.004781
0.004782
0.004784
0.004785
0.004786
0.004787
0.004788
0.004789
0.004790
0.004791
0.004792
0.004793
0.004794
0.004795
0.004796
0.004797
0.004798
0.004799
0.004800
0.004801
0.004802
0.004803
0.004804
0.004805
0.004806
0.004807
0.004808
0.004809
0.004810
0.004811
0.004812
0.004813
0.004814
0.004815
0.004816
0.004817
0.004817
0.004818
0.004819
0.004820
0.004821
0.004822
0.004823
0.004823
0.004824
0.004825
0.004826
0.004827
0.004827
0.004828
0.004829
0.004830
0.004830
0.004831
0.004832
0.004833
0.004833
0.004834
0.004835
0.004835
0.004836
0.004837
0.004838
0.004838
0.004839
0.004840
0.004840
0.004841
0.004841
0.004842
0.004843
0.004843
0.004844
0.004844
0.004845
0.004846
0.004846
0.004847
0.004847
0.004848
0.004848
0.004849
0.004849
0.004850
0.004850
0.004851
0.004851
0.004852
0.004852
0.004853
0.004853
0.004854
0.004854
0.004855
0.004855
0.004855
0.004856
0.004856
0.004857
0.004857
0.004857
0.004858
0.004858
0.004858
0.004859
0.004859
0.004859
0.004860
0.004860
0.004860
0.004860
0.004861
0.004861
0.004861
0.004862
0.004862
0.004862
0.004862
0.004862
0.004863
0.004863
0.004863
0.004863
0.004863
0.004864
0.004864
0.004864
0.004864
0.004864
0.004864
0.004865
0.004865
0.004865
0.004865
0.004865
0.004865
0.004865
0.004865
0.004865
0.004865
0.004865
0.004865
0.004865
0.004865
0.004865
0.004865
0.004865
0.004865
0.004865
0.004865
0.004865
0.004865
0.004865
0.004865
0.004865
0.004865
0.004865
0.004865
0.004865
0.004865
0.004865
0.004864
0.004864
0.004864
0.004864
0.004864
0.004864
0.004864
0.004863
0.004863
0.004863
0.004863
0.004863
0.004862
0.004862
0.004862
0.004862
0.004862
0.004861
0.004861
0.004861
0.004861
0.004860
0.004860
0.004860
0.004859
0.004859
0.004859
0.004859
0.004858
0.004858
0.004858
0.004857
0.004857
0.004857
0.004856
0.004856
0.004856
0.004855
0.004855
0.004854
0.004854
0.004854
0.004853
0.004853
0.004852
0.004852
0.004851
0.004851
0.004851
0.004850
0.004850
0.004849
0.004849
0.004848
0.004848
0.004847
0.004847
0.004846
0.004846
0.004845
0.004845
0.004844
0.004844
0.004843
0.004843
0.004842
0.004842
0.004841
0.004840
0.004840
0.004839
0.004839
0.004838
0.004838
0.004837
0.004836
0.004836
0.004835
0.004835
0.004834
0.004833
0.004833
0.004832
0.004831
0.004831
0.004830
0.004829
0.004829
0.004828
0.004827
0.004827
0.004826
0.004825
0.004825
0.004824
0.004823
0.004823
0.004822
0.004821
0.004821
0.004820
0.004819
0.004818
0.004818
0.004817
0.004816
0.004815
0.004815
0.004814
0.004813
0.004812
0.004812
0.004811
0.004810
0.004809
0.004808
0.004808
0.004807
0.004806
0.004805
0.004805
0.004804
0.004803
0.004802
0.004801
0.004800
0.004800
0.004799
0.004798
0.004797
0.004796
0.004796
0.004795
0.004794
0.004793
0.004792
0.004791
0.004790
0.004790
0.004789
0.004788
0.004787
0.004786
0.004785
0.004784
0.004783
0.004783
0.004782
0.004781
0.004780
0.004779
0.004778
0.004777
0.004776
0.004775
0.004775
0.004774
0.004773
0.004772
0.004771
0.004770
0.004769
0.004768
0.004767
0.004766
0.004765
0.004764
0.004763
0.004763
0.004762
0.004761
0.004760
0.004759
0.004758
0.004757
0.004756
0.004755
0.004754
0.004753
0.004752
0.004751
0.004750
0.004749
0.004748
0.004747
0.004746
0.004745
0.004744
0.004743
0.004742
0.004741
0.004740
0.004739
0.004738
0.004738
0.004737
0.004736
0.004735
0.004734
0.004733
0.004732
0.004731
0.004730
0.004729
0.004728
0.004727
0.004726
0.004725
0.004724
0.004723
0.004722
0.004721
0.004720
0.004719
0.004718
0.004717
0.004716
0.004715
0.004714
0.004713
0.004712
0.004711
0.004710
0.004709
0.004708
0.004707
0.004706
0.004705
0.004704
0.004703
0.004702
0.004701
0.004700
0.004699
0.004697
0.004696
0.004695
0.004694
0.004693
0.004692
0.004691
0.004690
0.004689
0.004688
0.004687
0.004686
0.004685
0.004684
0.004683
0.004682
0.004681
0.004680
0.004679
0.004678
0.004677
0.004676
0.004675
0.004674
0.004673
0.004672
0.004671
0.004670
0.004669
0.004668
0.004667
0.004666
0.004665
0.004664
0.004663
0.004662
0.004661
0.004660
0.004659
0.004658
0.004657
0.004656
0.004655
0.004654
0.004653
0.004652
0.004651
0.004650
0.004649
0.004648
0.004647
0.004646
0.004645
0.004644
0.004643
0.004642
0.004641
0.004640
0.004639
0.004638
0.004637
0.004636
0.004635
0.004634
0.004633
0.004632
0.004631
0.004630
0.004629
0.004628
0.004627
0.004626
0.004625
0.004624
0.004623
0.004622
0.004621
0.004620
0.004619
0.004618
0.004617
0.004616
0.004615
0.004614
0.004613
0.004612
0.004611
0.004610
0.004609
0.004608
0.004607
0.004607
0.004606
0.004605
0.004604
0.004603
0.004602
0.004601
0.004600
0.004599
0.004598
0.004597
0.004596
0.004595
0.004594
0.004593
0.004592
0.004591
0.004590
0.004589
0.004588
0.004587
0.004587
0.004586
0.004585
0.004584
0.004583
0.004582
0.004581
0.004580
0.004579
0.004578
0.004577
0.004576
0.004575
0.004575
0.004574
0.004573
0.004572
0.004571
0.004570
0.004569
0.004568
0.004567
0.004566
0.004565
0.004565
0.004564
0.004563
0.004562
0.004561
0.004560
0.004559
0.004558
0.004557
0.004557
0.004556
0.004555
0.004554
0.004553
0.004552
0.004551
0.004550
0.004549
0.004549
0.004548
0.004547
0.004546
0.004545
0.004544
0.004543
0.004543
0.004542
0.004541
0.004540
0.004539
0.004538
0.004537
0.004537
0.004536
0.004535
0.004534
0.004533
0.004532
0.004532
0.004531
0.004530
0.004529
0.004528
0.004527
0.004527
0.004526
0.004525
0.004524
0.004523
0.004523
0.004522
0.004521
0.004520
0.004519
0.004519
0.004518
0.004517
0.004516
0.004515
0.004515
0.004514
0.004513
0.004512
0.004511
0.004511
0.004510
0.004509
0.004508
0.004507
0.004507
0.004506
0.004505
0.004504
0.004504
0.004503
0.004502
0.004501
0.004501
0.004500
0.004499
0.004498
0.004498
0.004497
0.004496
0.004495
0.004495
0.004494
0.004493
0.004492
0.004492
0.004491
0.004490
0.004489
0.004489
0.004488
0.004487
0.004487
0.004486
0.004485
0.004484
0.004484
0.004483
0.004482
0.004482
0.004481
0.004480
0.004479
0.004479
0.004478
0.004477
0.004477
0.004476
0.004475
0.004475
0.004474
0.004473
0.004472
0.004472
0.004471
0.004470
0.004470
0.004469
0.004468
0.004468
0.004467
0.004466
0.004466
0.004465
0.004464
0.004464
0.004463
0.004462
0.004462
0.004461
0.004460
0.004460
0.004459
0.004459
0.004458
0.004457
0.004457
0.004456
0.004455
0.004455
0.004454
0.004453
0.004453
0.004452
0.004452
0.004451
0.004450
0.004450
0.004449
0.004448
0.004448
0.004447
0.004447
0.004446
0.004445
0.004445
0.004444
0.004444
0.004443
0.004442
0.004442
0.004441
0.004441
0.004440
0.004439
0.004439
0.004438
0.004438
0.004437
0.004437
0.004436
0.004435
0.004435
0.004434
0.004434
0.004433
0.004433
0.004432
0.004431
0.004431
0.004430
0.004430
0.004429
0.004429
0.004428
0.004428
0.004427
0.004426
0.004426
0.004425
0.004425
0.004424
0.004424
0.004423
0.004423
0.004422
0.004422
0.004421
0.004421
0.004420
0.004419
0.004419
0.004418
0.004418
0.004417
0.004417
0.004416
0.004416
0.004415
0.004415
0.004414
0.004414
0.004413
0.004413
0.004412
0.004412
0.004411
0.004411
0.004410
0.004410
0.004409
0.004409
0.004408
0.004408
0.004407
0.004407
0.004406
0.004406
0.004405
0.004405
0.004404
0.004404
0.004403
0.004403
0.004403
0.004402
0.004402
0.004401
0.004401
0.004400
0.004400
0.004399
0.004399
0.004398
0.004398
0.004397
0.004397
0.004396
0.004396
0.004396
0.004395
0.004395
0.004394
0.004394
0.004393
0.004393
0.004392
0.004392
0.004392
0.004391
0.004391
0.004390
0.004390
0.004389
0.004389
0.004388
0.004388
0.004388
0.004387
0.004387
0.004386
0.004386
0.004385
0.004385
0.004385
0.004384
0.004384
0.004383
0.004383
0.004383
0.004382
0.004382
0.004381
0.004381
0.004380
0.004380
0.004380
0.004379
0.004379
0.004378
0.004378
0.004378
0.004377
0.004377
0.004376
0.004376
0.004376
0.004375
0.004375
0.004374
0.004374
0.004374
0.004373
0.004373
0.004372
0.004372
0.004372
0.004371
0.004371
0.004370
0.004370
0.004370
0.004369
0.004369
0.004369
0.004368
0.004368
0.004367
0.004367
0.004367
0.004366
0.004366
0.004365
0.004365
0.004365
0.004364
0.004364
0.004364
0.004363
0.004363
0.004363
0.004362
0.004362
0.004361
0.004361
0.004361
0.004360
0.004360
0.004360
0.004359
0.004359
0.004358
0.004358
0.004358
0.004357
0.004357
0.004357
0.004356
0.004356
0.004356
0.004355
0.004355
0.004355
0.004354
0.004354
0.004353
0.004353
0.004353
0.004352
0.004352
0.004352
0.004351
0.004351
0.004351
0.004350
0.004350
0.004350
0.004349
0.004349
0.004349
0.004348
0.004348
0.004348
0.004347
0.004347
0.004347
0.004346
0.004346
0.004346
0.004345
0.004345
0.004344
0.004344
0.004344
0.004343
0.004343
0.004343
0.004342
0.004342
0.004342
0.004341
0.004341
0.004341
0.004340
0.004340
0.004340
0.004339
0.004339
0.004339
0.004338
0.004338
0.004338
0.004337
0.004337
0.004337
0.004336
0.004336
0.004336
0.004335
0.004335
0.004335
0.004334
0.004334
0.004334
0.004333
0.004333
0.004333
0.004332
0.004332
0.004332
0.004331
0.004331
0.004331
0.004331
0.004330
0.004330
0.004330
0.004329
0.004329
0.004329
0.004328
0.004328
0.004328
0.004327
0.004327
0.004327
0.004326
0.004326
0.004326
0.004325
0.004325
0.004325
0.004324
0.004324
0.004324
0.004323
0.004323
0.004323
0.004322
0.004322
0.004322
0.004321
0.004321
0.004321
0.004320
0.004320
0.004320
0.004319
0.004319
0.004319
0.004318
0.004318
0.004318
0.004318
0.004317
0.004317
0.004317
0.004316
0.004316
0.004316
0.004315
0.004315
0.004315
0.004314
0.004314
0.004314
0.004313
0.004313
0.004313
0.004312
0.004312
0.004312
0.004311
0.004311
0.004311
0.004310
0.004310
0.004310
0.004309
0.004309
0.004309
0.004308
0.004308
0.004308
0.004307
0.004307
0.004307
0.004306
0.004306
0.004306
0.004305
0.004305
0.004305
0.004305
0.004304
0.004304
0.004304
0.004303
0.004303
0.004303
0.004302
0.004302
0.004302
0.004301
0.004301
0.004301
0.004300
0.004300
0.004300
0.004299
0.004299
0.004299
0.004298
0.004298
0.004298
0.004297
0.004297
0.004297
0.004296
0.004296
0.004296
0.004295
0.004295
0.004295
0.004294
0.004294
0.004294
0.004293
0.004293
0.004293
0.004292
0.004292
0.004292
0.004291
0.004291
0.004291
0.004290
0.004290
0.004290
0.004289
0.004289
0.004289
0.004288
0.004288
0.004288
0.004287
0.004287
0.004287
0.004286
0.004286
0.004286
0.004285
0.004285
0.004285
0.004284
0.004284
0.004284
0.004283
0.004283
0.004283
0.004282
0.004282
0.004282
0.004281
0.004281
0.004281
0.004280
0.004280
0.004280
0.004279
0.004279
0.004279
0.004278
0.004278
0.004278
0.004277
0.004277
0.004277
0.004276
0.004276
0.004276
0.004275
0.004275
0.004275
0.004274
0.004274
0.004274
0.004273
0.004273
0.004273
0.004272
0.004272
0.004272
0.004271
0.004271
0.004271
0.004270
0.004270
0.004270
0.004269
0.004269
0.004269
0.004268
0.004268
0.004268
0.004267
0.004267
0.004267
0.004266
0.004266
0.004265
0.004265
0.004265
0.004264
0.004264
0.004264
0.004263
0.004263
0.004263
0.004262
0.004262
0.004262
0.004261
0.004261
0.004261
0.004260
0.004260
0.004260
0.004259
0.004259
0.004259
0.004258
0.004258
0.004258
0.004257
0.004257
0.004257
0.004256
0.004256
0.004256
0.004255
0.004255
0.004255
0.004254
0.004254
0.004254
0.004253
0.004253
0.004253
0.004252
0.004252
0.004252
0.004251
0.004251
0.004251
0.004250
0.004250
0.004250
0.004249
0.004249
0.004249
0.004248
0.004248
0.004248
0.004247
0.004247
0.004247
0.004246
0.004246
0.004246
0.004245
0.004245
0.004245
0.004244
0.004244
0.004244
0.004243
0.004243
0.004243
0.004243
0.004242
0.004242
0.004242
0.004241
0.004241
0.004241
0.004240
0.004240
0.004240
0.004239
0.004239
0.004239
0.004238
0.004238
0.004238
0.004237
0.004237
0.004237
0.004236
0.004236
0.004236
0.004236
0.004235
0.004235
0.004235
0.004234
0.004234
0.004234
0.004233
0.004233
0.004233
0.004232
0.004232
0.004232
0.004232
0.004231
0.004231
0.004231
0.004230
0.004230
0.004230
0.004229
0.004229
0.004229
0.004229
0.004228
0.004228
0.004228
0.004227
0.004227
0.004227
0.004227
0.004226
0.004226
0.004226
0.004225
0.004225
0.004225
0.004225
0.004224
0.004224
0.004224
0.004223
0.004223
0.004223
0.004223
0.004222
0.004222
0.004222
0.004222
0.004221
0.004221
0.004221
0.004220
0.004220
0.004220
0.004220
0.004219
0.004219
0.004219
0.004219
0.004218
0.004218
0.004218
0.004218
0.004217
0.004217
0.004217
0.004217
0.004216
0.004216
0.004216
0.004216
0.004215
0.004215
0.004215
0.004215
0.004214
0.004214
0.004214
0.004214
0.004214
0.004213
0.004213
0.004213
0.004213
0.004212
0.004212
0.004212
0.004212
0.004212
0.004211
0.004211
0.004211
0.004211
0.004211
0.004210
0.004210
0.004210
0.004210
0.004210
0.004209
0.004209
0.004209
0.004209
0.004209
0.004208
0.004208
0.004208
0.004208
0.004208
0.004208
0.004207
0.004207
0.004207
0.004207
0.004207
0.004207
0.004206
0.004206
0.004206
0.004206
0.004206
0.004206
0.004205
0.004205
0.004205
0.004205
0.004205
0.004205
0.004205
0.004204
0.004204
0.004204
0.004204
0.004204
0.004204
0.004204
0.004204
0.004203
0.004203
0.004203
0.004203
0.004203
0.004203
0.004203
0.004203
0.004203
0.004203
0.004202
0.004202
0.004202
0.004202
0.004202
0.004202
0.004202
0.004202
0.004202
0.004202
0.004202
0.004202
0.004202
0.004201
0.004201
0.004201
0.004201
0.004201
0.004201
0.004201
0.004201
0.004201
0.004201
0.004201
0.004201
0.004201
0.004201
0.004201
0.004201
0.004201
0.004201
0.004201
0.004201
0.004201
0.004201
0.004201
0.004201
0.004201
0.004201
0.004201
0.004201
0.004201
0.004201
0.004201
0.004201
0.004201
0.004201
0.004201
0.004201
0.004201
0.004201
0.004201
0.004201
0.004201
0.004201
0.004201
0.004202
0.004202
0.004202
0.004202
0.004202
0.004202
0.004202
0.004202
0.004202
0.004202
0.004202
0.004202
0.004203
0.004203
0.004203
0.004203
0.004203
0.004203
0.004203
0.004203
0.004204
0.004204
0.004204
0.004204
0.004204
0.004204
0.004204
0.004205
0.004205
0.004205
0.004205
0.004205
0.004205
0.004206
0.004206
0.004206
0.004206
0.004206
0.004207
0.004207
0.004207
0.004207
0.004207
0.004208
0.004208
0.004208
0.004208
0.004208
0.004209
0.004209
0.004209
0.004209
0.004210
0.004210
0.004210
0.004210
0.004211
0.004211
0.004211
0.004212
0.004212
0.004212
0.004212
0.004213
0.004213
0.004213
0.004214
0.004214
0.004214
0.004215
0.004215
0.004215
0.004216
0.004216
0.004216
0.004217
0.004217
0.004217
0.004218
0.004218
0.004218
0.004219
0.004219
0.004219
0.004220
0.004220
0.004221
0.004221
0.004221
0.004222
0.004222
0.004223
0.004223
0.004223
0.004224
0.004224
0.004225
0.004225
0.004226
0.004226
0.004227
0.004227
0.004227
0.004228
0.004228
0.004229
0.004229
0.004230
0.004230
0.004231
0.004231
0.004232
0.004232
0.004233
0.004233
0.004234
0.004234
0.004235
0.004235
0.004236
0.004237
0.004237
0.004238
0.004238
0.004239
0.004239
0.004240
0.004241
0.004241
0.004242
0.004242
0.004243
0.004243
0.004244
0.004245
0.004245
0.004246
0.004247
0.004247
0.004248
0.004248
0.004249
0.004250
0.004250
0.004251
0.004252
0.004252
0.004253
0.004254
0.004254
0.004255
0.004256
0.004256
0.004257
0.004258
0.004259
0.004259
0.004260
0.004261
0.004261
0.004262
0.004263
0.004264
0.004264
0.004265
0.004266
0.004267
0.004267
0.004268
0.004269
0.004270
0.004271
0.004271
0.004272
0.004273
0.004274
0.004275
0.004275
0.004276
0.004277
0.004278
0.004279
0.004280
0.004280
0.004281
0.004282
0.004283
0.004284
0.004285
0.004286
0.004287
0.004287
0.004288
0.004289
0.004290
0.004291
0.004292
0.004293
0.004294
0.004295
0.004296
0.004297
0.004297
0.004298
0.004299
0.004300
0.004301
0.004302
0.004303
0.004304
0.004305
0.004306
0.004307
0.004308
0.004309
0.004310
0.004311
0.004312
0.004313
0.004314
0.004315
0.004316
0.004317
0.004318
0.004319
0.004320
0.004321
0.004323
0.004324
0.004325
0.004326
0.004327
0.004328
0.004329
0.004330
0.004331
0.004332
0.004333
0.004335
0.004336
0.004337
0.004338
0.004339
0.004340
0.004341
0.004342
0.004344
0.004345
0.004346
0.004347
0.004348
0.004349
0.004351
0.004352
0.004353
0.004354
0.004355
0.004356
0.004358
0.004359
0.004360
0.004361
0.004363
0.004364
0.004365
0.004366
0.004367
0.004369
0.004370
0.004371
0.004372
0.004373
0.004375
0.004376
0.004377
0.004379
0.004380
0.004381
0.004382
0.004384
0.004385
0.004386
0.004387
0.004389
0.004390
0.004391
0.004393
0.004394
0.004395
0.004397
0.004398
0.004399
0.004401
0.004402
0.004403
0.004405
0.004406
0.004407
0.004409
0.004410
0.004412
0.004413
0.004414
0.004416
0.004417
0.004418
0.004420
0.004421
0.004423
0.004424
0.004425
0.004427
0.004428
0.004430
0.004431
0.004432
0.004434
0.004435
0.004437
0.004438
0.004440
0.004441
0.004443
0.004444
0.004445
0.004447
0.004448
0.004450
0.004451
0.004453
0.004454
0.004456
0.004457
0.004459
0.004460
0.004462
0.004463
0.004465
0.004466
0.004468
0.004469
0.004471
0.004472
0.004474
0.004475
0.004477
0.004478
0.004480
0.004481
0.004483
0.004484
0.004486
0.004487
0.004489
0.004490
0.004492
0.004494
0.004495
0.004497
0.004498
0.004500
0.004501
0.004503
0.004504
0.004506
0.004508
0.004509
0.004511
0.004512
0.004514
0.004515
0.004517
0.004519
0.004520
0.004522
0.004523
0.004525
0.004527
0.004528
0.004530
0.004531
0.004533
0.004535
0.004536
0.004538
0.004539
0.004541
0.004543
0.004544
0.004546
0.004547
0.004549
0.004551
0.004552
0.004554
0.004556
0.004557
0.004559
0.004560
0.004562
0.004564
0.004565
0.004567
0.004568
0.004570
0.004572
0.004573
0.004575
0.004577
0.004578
0.004580
0.004581
0.004583
0.004585
0.004586
0.004588
0.004590
0.004591
0.004593
0.004594
0.004596
0.004598
0.004599
0.004601
0.004602
0.004604
0.004606
0.004607
0.004609
0.004610
0.004612
0.004614
0.004615
0.004617
0.004618
0.004620
0.004621
0.004623
0.004625
0.004626
0.004628
0.004629
0.004631
0.004633
0.004634
0.004636
0.004637
0.004639
0.004640
0.004642
0.004643
0.004645
0.004647
0.004648
0.004650
0.004651
0.004653
0.004654
0.004656
0.004657
0.004659
0.004660
0.004662
0.004664
0.004665
0.004667
0.004668
0.004670
0.004671
0.004673
0.004674
0.004676
0.004677
0.004679
0.004680
0.004682
0.004683
0.004685
0.004686
0.004688
0.004689
0.004691
0.004692
0.004693
0.004695
0.004696
0.004698
0.004699
0.004701
0.004702
0.004704
0.004705
0.004706
0.004708
0.004709
0.004711
0.004712
0.004714
0.004715
0.004716
0.004718
0.004719
0.004721
0.004722
0.004723
0.004725
0.004726
0.004727
0.004729
0.004730
0.004732
0.004733
0.004734
0.004736
0.004737
0.004738
0.004740
0.004741
0.004742
0.004743
0.004745
0.004746
0.004747
0.004749
0.004750
0.004751
0.004753
0.004754
0.004755
0.004756
0.004758
0.004759
0.004760
0.004761
0.004762
0.004764
0.004765
0.004766
0.004767
0.004769
0.004770
0.004771
0.004772
0.004773
0.004774
0.004776
0.004777
0.004778
0.004779
0.004780
0.004781
0.004782
0.004784
0.004785
0.004786
0.004787
0.004788
0.004789
0.004790
0.004791
0.004792
0.004793
0.004794
0.004795
0.004796
0.004797
0.004798
0.004799
0.004800
0.004801
0.004802
0.004803
0.004804
0.004805
0.004806
0.004807
0.004808
0.004809
0.004810
0.004811
0.004812
0.004813
0.004814
0.004815
0.004816
0.004817
0.004817
0.004818
0.004819
0.004820
0.004821
0.004822
0.004823
0.004823
0.004824
0.004825
0.004826
0.004827
0.004827
0.004828
0.004829
0.004830
0.004830
0.004831
0.004832
0.004833
0.004833
0.004834
0.004835
0.004835
0.004836
0.004837
0.004838
0.004838
0.004839
0.004840
0.004840
0.004841
0.004841
0.004842
0.004843
0.004843
0.004844
0.004844
0.004845
0.004846
0.004846
0.004847
0.004847
0.004848
0.004848
0.004849
0.004849
0.004850
0.004850
0.004851
0.004851
0.004852
0.004852
0.004853
0.004853
0.004854
0.004854
0.004855
0.004855
0.004855
0.004856
0.004856
0.004857
0.004857
0.004857
0.004858
0.004858
0.004858
0.004859
0.004859
0.004859
0.004860
0.004860
0.004860
0.004860
0.004861
0.004861
0.004861
0.004862
0.004862
0.004862
0.004862
0.004862
0.004863
0.004863
0.004863
0.004863
0.004863
0.004864
0.004864
0.004864
0.004864
0.004864
0.004864
0.004865
0.004865
0.004865
0.004865
0.004865
0.004865
0.004865
0.004865
0.004865
0.004865
0.004865
0.004865
0.004865
0.004865
0.004865
0.004865
0.004865
0.004865
0.004865
0.004865
0.004865
0.004865
0.004865
0.004865
0.004865
0.004865
0.004865
0.004865
0.004865
0.004865
0.004865
0.004864
0.004864
0.004864
0.004864
0.004864
0.004864
0.004864
0.004863
0.004863
0.004863
0.004863
0.004863
0.004862
0.004862
0.004862
0.004862
0.004862
0.004861
0.004861
0.004861
0.004861
0.004860
0.004860
0.004860
0.004859
0.004859
0.004859
0.004859
0.004858
0.004858
0.004858
0.004857
0.004857
0.004857
0.004856
0.004856
0.004856
0.004855
0.004855
0.004854
0.004854
0.004854
0.004853
0.004853
0.004852
0.004852
0.004851
0.004851
0.004851
0.004850
0.004850
0.004849
0.004849
0.004848
0.004848
0.004847
0.004847
0.004846
0.004846
0.004845
0.004845
0.004844
0.004844
0.004843
0.004843
0.004842
0.004842
0.004841
0.004840
0.004840
0.004839
0.004839
0.004838
0.004838
0.004837
0.004836
0.004836
0.004835
0.004835
0.004834
0.004833
0.004833
0.004832
0.004831
0.004831
0.004830
0.004829
0.004829
0.004828
0.004827
0.004827
0.004826
0.004825
0.004825
0.004824
0.004823
0.004823
0.004822
0.004821
0.004821
0.004820
0.004819
0.004818
0.004818
0.004817
0.004816
0.004815
0.004815
0.004814
0.004813
0.004812
0.004812
0.004811
0.004810
0.004809
0.004809
0.004808
0.004807
0.004806
0.004805
0.004805
0.004804
0.004803
0.004802
0.004801
0.004800
0.004800
0.004799
0.004798
0.004797
0.004796
0.004796
0.004795
0.004794
0.004793
0.004792
0.004791
0.004790
0.004790
0.004789
0.004788
0.004787
0.004786
0.004785
0.004784
0.004783
0.004783
0.004782
0.004781
0.004780
0.004779
0.004778
0.004777
0.004776
0.004775
0.004775
0.004774
0.004773
0.004772
0.004771
0.004770
0.004769
0.004768
0.004767
0.004766
0.004765
0.004764
0.004763
0.004763
0.004762
0.004761
0.004760
0.004759
0.004758
0.004757
0.004756
0.004755
0.004754
0.004753
0.004752
0.004751
0.004750
0.004749
0.004748
0.004747
0.004746
0.004745
0.004744
0.004743
0.004742
0.004741
0.004740
0.004739
0.004738
0.004738
0.004737
0.004736
0.004735
0.004734
0.004733
0.004732
0.004731
0.004730
0.004729
0.004728
0.004727
0.004726
0.004725
0.004724
0.004723
0.004722
0.004721
0.004720
0.004719
0.004718
0.004717
0.004716
0.004715
0.004714
0.004713
0.004712
0.004711
0.004710
0.004709
0.004708
0.004707
0.004706
0.004705
0.004704
0.004703
0.004702
0.004701
0.004700
0.004699
0.004697
0.004696
0.004695
0.004694
0.004693
0.004692
0.004691
0.004690
0.004689
0.004688
0.004687
0.004686
0.004685
0.004684
0.004683
0.004682
0.004681
0.004680
0.004679
0.004678
0.004677
0.004676
0.004675
0.004674
0.004673
0.004672
0.004671
0.004670
0.004669
0.004668
0.004667
0.004666
0.004665
0.004664
0.004663
0.004662
0.004661
0.004660
0.004659
0.004658
0.004657
0.004656
0.004655
0.004654
0.004653
0.004652
0.004651
0.004650
0.004649
0.004648
0.004647
0.004646
0.004645
0.004644
0.004643
0.004642
0.004641
0.004640
0.004639
0.004638
0.004637
0.004636
0.004635
0.004634
0.004633
0.004632
0.004631
0.004630
0.004629
0.004628
0.004627
0.004626
0.004625
0.004624
0.004623
0.004622
0.004621
0.004620
0.004619
0.004618
0.004617
0.004616
0.004615
0.004614
0.004613
0.004612
0.004611
0.004610
0.004609
0.004608
0.004607
0.004607
0.004606
0.004605
0.004604
0.004603
0.004602
0.004601
0.004600
0.004599
0.004598
0.004597
0.004596
0.004595
0.004594
0.004593
0.004592
0.004591
0.004590
0.004589
0.004588
0.004587
0.004587
0.004586
0.004585
0.004584
0.004583
0.004582
0.004581
0.004580
0.004579
0.004578
0.004577
0.004576
0.004575
0.004575
0.004574
0.004573
0.004572
0.004571
0.004570
0.004569
0.004568
0.004567
0.004566
0.004565
0.004565
0.004564
0.004563
0.004562
0.004561
0.004560
0.004559
0.004558
0.004557
0.004557
0.004556
0.004555
0.004554
0.004553
0.004552
0.004551
0.004550
0.004549
0.004549
0.004548
0.004547
0.004546
0.004545
0.004544
0.004543
0.004543
0.004542
0.004541
0.004540
0.004539
0.004538
0.004537
0.004537
0.004536
0.004535
0.004534
0.004533
0.004532
0.004532
0.004531
0.004530
0.004529
0.004528
0.004527
0.004527
0.004526
0.004525
0.004524
0.004523
0.004523
0.004522
0.004521
0.004520
0.004519
0.004519
0.004518
0.004517
0.004516
0.004515
0.004515
0.004514
0.004513
0.004512
0.004511
0.004511
0.004510
0.004509
0.004508
0.004507
0.004507
0.004506
0.004505
0.004504
0.004504
0.004503
0.004502
0.004501
0.004501
0.004500
0.004499
0.004498
0.004498
0.004497
0.004496
0.004495
0.004495
0.004494
0.004493
0.004492
0.004492
0.004491
0.004490
0.004489
0.004489
0.004488
0.004487
0.004487
0.004486
0.004485
0.004484
0.004484
0.004483
0.004482
0.004482
0.004481
0.004480
0.004479
0.004479
0.004478
0.004477
0.004477
0.004476
0.004475
0.004475
0.004474
0.004473
0.004472
0.004472
0.004471
0.004470
0.004470
0.004469
0.004468
0.004468
0.004467
0.004466
0.004466
0.004465
0.004464
0.004464
0.004463
0.004462
0.004462
0.004461
0.004460
0.004460
0.004459
0.004459
0.004458
0.004457
0.004457
0.004456
0.004455
0.004455
0.004454
0.004453
0.004453
0.004452
0.004452
0.004451
0.004450
0.004450
0.004449
0.004448
0.004448
0.004447
0.004447
0.004446
0.004445
0.004445
0.004444
0.004444
0.004443
0.004442
0.004442
0.004441
0.004441
0.004440
0.004439
0.004439
0.004438
0.004438
0.004437
0.004437
0.004436
0.004435
0.004435
0.004434
0.004434
0.004433
0.004433
0.004432
0.004431
0.004431
0.004430
0.004430
0.004429
0.004429
0.004428
0.004428
0.004427
0.004426
0.004426
0.004425
0.004425
0.004424
0.004424
0.004423
0.004423
0.004422
0.004422
0.004421
0.004421
0.004420
0.004419
0.004419
0.004418
0.004418
0.004417
0.004417
0.004416
0.004416
0.004415
0.004415
0.004414
0.004414
0.004413
0.004413
0.004412
0.004412
0.004411
0.004411
0.004410
0.004410
0.004409
0.004409
0.004408
0.004408
0.004407
0.004407
0.004406
0.004406
0.004405
0.004405
0.004404
0.004404
0.004403
0.004403
0.004403
0.004402
0.004402
0.004401
0.004401
0.004400
0.004400
0.004399
0.004399
0.004398
0.004398
0.004397
0.004397
0.004396
0.004396
0.004396
0.004395
0.004395
0.004394
0.004394
0.004393
0.004393
0.004392
0.004392
0.004392
0.004391
0.004391
0.004390
0.004390
0.004389
0.004389
0.004388
0.004388
0.004388
0.004387
0.004387
0.004386
0.004386
0.004385
0.004385
0.004385
0.004384
0.004384
0.004383
0.004383
0.004383
0.004382
0.004382
0.004381
0.004381
0.004380
0.004380
0.004380
0.004379
0.004379
0.004378
0.004378
0.004378
0.004377
0.004377
0.004376
0.004376
0.004376
0.004375
0.004375
0.004374
0.004374
0.004374
0.004373
0.004373
0.004372
0.004372
0.004372
0.004371
0.004371
0.004370
0.004370
0.004370
0.004369
0.004369
0.004369
0.004368
0.004368
0.004367
0.004367
0.004367
0.004366
0.004366
0.004365
0.004365
0.004365
0.004364
0.004364
0.004364
0.004363
0.004363
0.004363
0.004362
0.004362
0.004361
0.004361
0.004361
0.004360
0.004360
0.004360
0.004359
0.004359
0.004358
0.004358
0.004358
0.004357
0.004357
0.004357
0.004356
0.004356
0.004356
0.004355
0.004355
0.004355
0.004354
0.004354
0.004353
0.004353
0.004353
0.004352
0.004352
0.004352
0.004351
0.004351
0.004351
0.004350
0.004350
0.004350
0.004349
0.004349
0.004349
0.004348
0.004348
0.004348
0.004347
0.004347
0.004347
0.004346
0.004346
0.004346
0.004345
0.004345
0.004344
0.004344
0.004344
0.004343
0.004343
0.004343
0.004342
0.004342
0.004342
0.004341
0.004341
0.004341
0.004340
0.004340
0.004340
0.004339
0.004339
0.004339
0.004338
0.004338
0.004338
0.004337
0.004337
0.004337
0.004336
0.004336
0.004336
0.004335
0.004335
0.004335
0.004334
0.004334
0.004334
0.004333
0.004333
0.004333
0.004332
0.004332
0.004332
0.004331
0.004331
0.004331
0.004331
0.004330
0.004330
0.004330
0.004329
0.004329
0.004329
0.004328
0.004328
0.004328
0.004327
0.004327
0.004327
0.004326
0.004326
0.004326
0.004325
0.004325
0.004325
0.004324
0.004324
0.004324
0.004323
0.004323
0.004323
0.004322
0.004322
0.004322
0.004321
0.004321
0.004321
0.004320
0.004320
0.004320
0.004319
0.004319
0.004319
0.004318
0.004318
0.004318
0.004318
0.004317
0.004317
0.004317
0.004316
0.004316
0.004316
0.004315
0.004315
0.004315
0.004314
0.004314
0.004314
0.004313
0.004313
0.004313
0.004312
0.004312
0.004312
0.004311
0.004311
0.004311
0.004310
0.004310
0.004310
0.004309
0.004309
0.004309
0.004308
0.004308
0.004308
0.004307
0.004307
0.004307
0.004306
0.004306
0.004306
0.004305
0.004305
0.004305
0.004305
0.004304
0.004304
0.004304
0.004303
0.004303
0.004303
0.004302
0.004302
0.004302
0.004301
0.004301
0.004301
0.004300
0.004300
0.004300
0.004299
0.004299
0.004299
0.004298
0.004298
0.004298
0.004297
0.004297
0.004297
0.004296
0.004296
0.004296
0.004295
0.004295
0.004295
0.004294
0.004294
0.004294
0.004293
0.004293
0.004293
0.004292
0.004292
0.004292
0.004291
0.004291
0.004291
0.004290
0.004290
0.004290
0.004289
0.004289
0.004289
0.004288
0.004288
0.004288
0.004287
0.004287
0.004287
0.004286
0.004286
0.004286
0.004285
0.004285
0.004285
0.004284
0.004284
0.004284
0.004283
0.004283
0.004283
0.004282
0.004282
0.004282
0.004281
0.004281
0.004281
0.004280
0.004280
0.004280
0.004279
0.004279
0.004279
0.004278
0.004278
0.004278
0.004277
0.004277
0.004277
0.004276
0.004276
0.004276
0.004275
0.004275
0.004275
0.004274
0.004274
0.004274
0.004273
0.004273
0.004273
0.004272
0.004272
0.004272
0.004271
0.004271
0.004271
0.004270
0.004270
0.004270
0.004269
0.004269
0.004269
0.004268
0.004268
0.004268
0.004267
0.004267
0.004267
0.004266
0.004266
0.004265
0.004265
0.004265
0.004264
0.004264
0.004264
0.004263
0.004263
0.004263
0.004262
0.004262
0.004262
0.004261
0.004261
0.004261
0.004260
0.004260
0.004260
0.004259
0.004259
0.004259
0.004258
0.004258
0.004258
0.004257
0.004257
0.004257
0.004256
0.004256
0.004256
0.004255
0.004255
0.004255
0.004254
0.004254
0.004254
0.004253
0.004253
0.004253
0.004252
0.004252
0.004252
0.004251
0.004251
0.004251
0.004250
0.004250
0.004250
0.004249
0.004249
0.004249
0.004248
0.004248
0.004248
0.004247
0.004247
0.004247
0.004246
0.004246
0.004246
0.004245
0.004245
0.004245
0.004244
0.004244
0.004244
0.004243
0.004243
0.004243
0.004243
0.004242
0.004242
0.004242
0.004241
0.004241
0.004241
0.004240
0.004240
0.004240
0.004239
0.004239
0.004239
0.004238
0.004238
0.004238
0.004237
0.004237
0.004237
0.004236
0.004236
0.004236
0.004236
0.004235
0.004235
0.004235
0.004234
0.004234
0.004234
0.004233
0.004233
0.004233
0.004232
0.004232
0.004232
0.004232
0.004231
0.004231
0.004231
0.004230
0.004230
0.004230
0.004229
0.004229
0.004229
0.004229
0.004228
0.004228
0.004228
0.004227
0.004227
0.004227
0.004227
0.004226
0.004226
0.004226
0.004225
0.004225
0.004225
0.004225
0.004224
0.004224
0.004224
0.004223
0.004223
0.004223
0.004223
0.004222
0.004222
0.004222
0.004222
0.004221
0.004221
0.004221
0.004220
0.004220
0.004220
0.004220
0.004219
0.004219
0.004219
0.004219
0.004218
0.004218
0.004218
0.004218
0.004217
0.004217
0.004217
0.004217
0.004216
0.004216
0.004216
0.004216
0.004215
0.004215
0.004215
0.004215
0.004214
0.004214
0.004214
0.004214
0.004214
0.004213
0.004213
0.004213
0.004213
0.004212
0.004212
0.004212
0.004212
0.004212
0.004211
0.004211
0.004211
0.004211
0.004211
0.004210
0.004210
0.004210
0.004210
0.004210
0.004209
0.004209
0.004209
0.004209
0.004209
0.004208
0.004208
0.004208
0.004208
0.004208
0.004208
0.004207
0.004207
0.004207
0.004207
0.004207
0.004207
0.004206
0.004206
0.004206
0.004206
0.004206
0.004206
0.004205
0.004205
0.004205
0.004205
0.004205
0.004205
0.004205
0.004204
0.004204
0.004204
0.004204
0.004204
0.004204
0.004204
0.004204
0.004203
0.004203
0.004203
0.004203
0.004203
0.004203
0.004203
0.004203
0.004203
0.004203
0.004202
0.004202
0.004202
0.004202
0.004202
0.004202
0.004202
0.004202
0.004202
0.004202
0.004202
0.004202
0.004202
0.004201
0.004201
0.004201
0.004201
0.004201
0.004201
0.004201
0.004201
0.004201
0.004201
0.004201
0.004201
0.004201
0.004201
0.004201
0.004201
0.004201
0.004201
0.004201
0.004201
0.004201
0.004201
0.004201
0.004201
0.004201
0.004201
0.004201
0.004201
0.004201
0.004201
0.004201
0.004201
0.004201
0.004201
0.004201
0.004201
0.004201
0.004201
0.004201
0.004201
0.004201
0.004201
0.004201
0.004202
0.004202
0.004202
0.004202
0.004202
0.004202
0.004202
0.004202
0.004202
0.004202
0.004202
0.004202
0.004203
0.004203
0.004203
0.004203
0.004203
0.004203
0.004203
0.004203
0.004204
0.004204
0.004204
0.004204
0.004204
0.004204
0.004204
0.004205
0.004205
0.004205
0.004205
0.004205
0.004205
0.004206
0.004206
0.004206
0.004206
0.004206
0.004207
0.004207
0.004207
0.004207
0.004207
0.004208
0.004208
0.004208
0.004208
0.004208
0.004209
0.004209
0.004209
0.004209
0.004210
0.004210
0.004210
0.004210
0.004211
0.004211
0.004211
0.004212
0.004212
0.004212
0.004212
0.004213
0.004213
0.004213
0.004214
0.004214
0.004214
0.004215
0.004215
0.004215
0.004216
0.004216
0.004216
0.004217
0.004217
0.004217
0.004218
0.004218
0.004218
0.004219
0.004219
0.004219
0.004220
0.004220
0.004221
0.004221
0.004221
0.004222
0.004222
0.004223
0.004223
0.004223
0.004224
0.004224
0.004225
0.004225
0.004226
0.004226
0.004227
0.004227
0.004227
0.004228
0.004228
0.004229
0.004229
0.004230
0.004230
0.004231
0.004231
0.004232
0.004232
0.004233
0.004233
0.004234
0.004234
0.004235
0.004235
0.004236
0.004237
0.004237
0.004238
0.004238
0.004239
0.004239
0.004240
0.004241
0.004241
0.004242
0.004242
0.004243
0.004243
0.004244
0.004245
0.004245
0.004246
0.004247
0.004247
0.004248
0.004248
0.004249
0.004250
0.004250
0.004251
0.004252
0.004252
0.004253
0.004254
0.004254
0.004255
0.004256
0.004256
0.004257
0.004258
0.004259
0.004259
0.004260
0.004261
0.004261
0.004262
0.004263
0.004264
0.004264
0.004265
0.004266
0.004267
0.004267
0.004268
0.004269
0.004270
0.004271
0.004271
0.004272
0.004273
0.004274
0.004275
0.004275
0.004276
0.004277
0.004278
0.004279
0.004280
0.004280
0.004281
0.004282
0.004283
0.004284
0.004285
0.004286
0.004287
0.004287
0.004288
0.004289
0.004290
0.004291
0.004292
0.004293
0.004294
0.004295
0.004296
0.004297
0.004297
0.004298
0.004299
0.004300
0.004301
0.004302
0.004303
0.004304
0.004305
0.004306
0.004307
0.004308
0.004309
0.004310
0.004311
0.004312
0.004313
0.004314
0.004315
0.004316
0.004317
0.004318
0.004319
0.004320
0.004321
0.004323
0.004324
0.004325
0.004326
0.004327
0.004328
0.004329
0.004330
0.004331
0.004332
0.004333
0.004335
0.004336
0.004337
0.004338
0.004339
0.004340
0.004341
0.004342
0.004344
0.004345
0.004346
0.004347
0.004348
0.004349
0.004351
0.004352
0.004353
0.004354
0.004355
0.004356
0.004358
0.004359
0.004360
0.004361
0.004363
0.004364
0.004365
0.004366
0.004367
0.004369
0.004370
0.004371
0.004372
0.004373
0.004375
0.004376
0.004377
0.004379
0.004380
0.004381
0.004382
0.004384
0.004385
0.004386
0.004387
0.004389
0.004390
0.004391
0.004393
0.004394
0.004395
0.004397
0.004398
0.004399
0.004401
0.004402
0.004403
0.004405
0.004406
0.004407
0.004409
0.004410
0.004412
0.004413
0.004414
0.004416
0.004417
0.004418
0.004420
0.004421
0.004423
0.004424
0.004425
0.004427
0.004428
0.004430
0.004431
0.004432
0.004434
0.004435
0.004437
0.004438
0.004440
0.004441
0.004443
0.004444
0.004445
0.004447
0.004448
0.004450
0.004451
0.004453
0.004454
0.004456
0.004457
0.004459
0.004460
0.004462
0.004463
0.004465
0.004466
0.004468
0.004469
0.004471
0.004472
0.004474
0.004475
0.004477
0.004478
0.004480
0.004481
0.004483
0.004484
0.004486
0.004487
0.004489
0.004490
0.004492
0.004494
0.004495
0.004497
0.004498
0.004500
0.004501
0.004503
0.004504
0.004506
0.004508
0.004509
0.004511
0.004512
0.004514
0.004515
0.004517
0.004519
0.004520
0.004522
0.004523
0.004525
0.004527
0.004528
0.004530
0.004531
0.004533
0.004535
0.004536
0.004538
0.004539
0.004541
0.004543
0.004544
0.004546
0.004547
0.004549
0.004551
0.004552
0.004554
0.004556
0.004557
0.004559
0.004560
0.004562
0.004564
0.004565
0.004567
0.004568
0.004570
0.004572
0.004573
0.004575
0.004577
0.004578
0.004580
0.004581
0.004583
0.004585
0.004586
0.004588
0.004590
0.004591
0.004593
0.004594
0.004596
0.004598
0.004599
0.004601
0.004602
0.004604
0.004606
0.004607
0.004609
0.004610
0.004612
0.004614
0.004615
0.004617
0.004618
0.004620
0.004621
0.004623
0.004625
0.004626
0.004628
0.004629
0.004631
0.004633
0.004634
0.004636
0.004637
0.004639
0.004640
0.004642
0.004643
0.004645
0.004647
0.004648
0.004650
0.004651
0.004653
0.004654
0.004656
0.004657
0.004659
0.004660
0.004662
0.004664
0.004665
0.004667
0.004668
0.004670
0.004671
0.004673
0.004674
0.004676
0.004677
0.004679
0.004680
0.004682
0.004683
0.004685
0.004686
0.004688
0.004689
0.004691
0.004692
0.004693
0.004695
0.004696
0.004698
0.004699
0.004701
0.004702
0.004704
0.004705
0.004706
0.004708
0.004709
0.004711
0.004712
0.004714
0.004715
0.004716
0.004718
0.004719
0.004721
0.004722
0.004723
0.004725
0.004726
0.004727
0.004729
0.004730
0.004732
0.004733
0.004734
0.004736
0.004737
0.004738
0.004740
0.004741
0.004742
0.004743
0.004745
0.004746
0.004747
0.004749
0.004750
0.004751
0.004753
0.004754
0.004755
0.004756
0.004758
0.004759
0.004760
0.004761
0.004762
0.004764
0.004765
0.004766
0.004767
0.004769
0.004770
0.004771
0.004772
0.004773
0.004774
0.004776
0.004777
0.004778
0.004779
0.004780
0.004781
0.004782
0.004784
0.004785
0.004786
0.004787
0.004788
0.004789
0.004790
0.004791
0.004792
0.004793
0.004794
0.004795
0.004796
0.004797
0.004798
0.004799
0.004800
0.004801
0.004802
0.004803
0.004804
0.004805
0.004806
0.004807
0.004808
0.004809
0.004810
0.004811
0.004812
0.004813
0.004814
0.004815
0.004816
0.004817
0.004817
0.004818
0.004819
0.004820
0.004821
0.004822
0.004822
0.004823
0.004824
0.004825
0.004826
0.004827
0.004827
0.004828
0.004829
0.004830
0.004830
0.004831
0.004832
0.004833
0.004833
0.004834
0.004835
0.004835
0.004836
0.004837
0.004838
0.004838
0.004839
0.004840
0.004840
0.004841
0.004841
0.004842
0.004843
0.004843
0.004844
0.004844
0.004845
0.004846
0.004846
0.004847
0.004847
0.004848
0.004848
0.004849
0.004849
0.004850
0.004850
0.004851
0.004851
0.004852
0.004852
0.004853
0.004853
0.004854
0.004854
0.004855
0.004855
0.004855
0.004856
0.004856
0.004857
0.004857
0.004857
0.004858
0.004858
0.004858
0.004859
0.004859
0.004859
0.004860
0.004860
0.004860
0.004860
0.004861
0.004861
0.004861
0.004862
0.004862
0.004862
0.004862
0.004862
0.004863
0.004863
0.004863
0.004863
0.004863
0.004864
0.004864
0.004864
0.004864
0.004864
0.004864
0.004865
0.004865
0.004865
0.004865
0.004865
0.004865
0.004865
0.004865
0.004865
0.004865
0.004865
0.004865
0.004865
0.004865
0.004865
0.004865
0.004865
0.004865
0.004865
0.004865
0.004865
0.004865
0.004865
0.004865
0.004865
0.004865
0.004865
0.004865
0.004865
0.004865
0.004865
0.004864
0.004864
0.004864
0.004864
0.004864
0.004864
0.004864
0.004863
0.004863
0.004863
0.004863
0.004863
0.004862
0.004862
0.004862
0.004862
0.004862
0.004861
0.004861
0.004861
0.004861
0.004860
0.004860
0.004860
0.004859
0.004859
0.004859
0.004859
0.004858
0.004858
0.004858
0.004857
0.004857
0.004857
0.004856
0.004856
0.004856
0.004855
0.004855
0.004854
0.004854
0.004854
0.004853
0.004853
0.004852
0.004852
0.004851
0.004851
0.004851
0.004850
0.004850
0.004849
0.004849
0.004848
0.004848
0.004847
0.004847
0.004846
0.004846
0.004845
0.004845
0.004844
0.004844
0.004843
0.004843
0.004842
0.004842
0.004841
0.004840
0.004840
0.004839
0.004839
0.004838
0.004838
0.004837
0.004836
0.004836
0.004835
0.004835
0.004834
0.004833
0.004833
0.004832
0.004831
0.004831
0.004830
0.004829
0.004829
0.004828
0.004827
0.004827
0.004826
0.004825
0.004825
0.004824
0.004823
0.004823
0.004822
0.004821
0.004821
0.004820
0.004819
0.004818
0.004818
0.004817
0.004816
0.004815
0.004815
0.004814
0.004813
0.004812
0.004812
0.004811
0.004810
0.004809
0.004809
0.004808
0.004807
0.004806
0.004805
0.004805
0.004804
0.004803
0.004802
0.004801
0.004800
0.004800
0.004799
0.004798
0.004797
0.004796
0.004796
0.004795
0.004794
0.004793
0.004792
0.004791
0.004790
0.004790
0.004789
0.004788
0.004787
0.004786
0.004785
0.004784
0.004783
0.004783
0.004782
0.004781
0.004780
0.004779
0.004778
0.004777
0.004776
0.004775
0.004775
0.004774
0.004773
0.004772
0.004771
0.004770
0.004769
0.004768
0.004767
0.004766
0.004765
0.004764
0.004763
0.004763
0.004762
0.004761
0.004760
0.004759
0.004758
0.004757
0.004756
0.004755
0.004754
0.004753
0.004752
0.004751
0.004750
0.004749
0.004748
0.004747
0.004746
0.004745
0.004744
0.004743
0.004742
0.004741
0.004740
0.004739
0.004739
0.004738
0.004737
0.004736
0.004735
0.004734
0.004733
0.004732
0.004731
0.004730
0.004729
0.004728
0.004727
0.004726
0.004725
0.004724
0.004723
0.004722
0.004721
0.004720
0.004719
0.004718
0.004717
0.004716
0.004715
0.004714
0.004713
0.004712
0.004711
0.004710
0.004709
0.004708
0.004707
0.004706
0.004705
0.004704
0.004703
0.004702
0.004701
0.004700
0.004699
0.004697
0.004696
0.004695
0.004694
0.004693
0.004692
0.004691
0.004690
0.004689
0.004688
0.004687
0.004686
0.004685
0.004684
0.004683
0.004682
0.004681
0.004680
0.004679
0.004678
0.004677
0.004676
0.004675
0.004674
0.004673
0.004672
0.004671
0.004670
0.004669
0.004668
0.004667
0.004666
0.004665
0.004664
0.004663
0.004662
0.004661
0.004660
0.004659
0.004658
0.004657
0.004656
0.004655
0.004654
0.004653
0.004652
0.004651
0.004650
0.004649
0.004648
0.004647
0.004646
0.004645
0.004644
0.004643
0.004642
0.004641
0.004640
0.004639
0.004638
0.004637
0.004636
0.004635
0.004634
0.004633
0.004632
0.004631
0.004630
0.004629
0.004628
0.004627
0.004626
0.004625
0.004624
0.004623
0.004622
0.004621
0.004620
0.004619
0.004618
0.004617
0.004616
0.004615
0.004614
0.004613
0.004612
0.004611
0.004610
0.004609
0.004608
0.004607
0.004607
0.004606
0.004605
0.004604
0.004603
0.004602
0.004601
0.004600
0.004599
0.004598
0.004597
0.004596
0.004595
0.004594
0.004593
0.004592
0.004591
0.004590
0.004589
0.004588
0.004587
0.004587
0.004586
0.004585
0.004584
0.004583
0.004582
0.004581
0.004580
0.004579
0.004578
0.004577
0.004576
0.004575
0.004575
0.004574
0.004573
0.004572
0.004571
0.004570
0.004569
0.004568
0.004567
0.004566
0.004565
0.004565
0.004564
0.004563
0.004562
0.004561
0.004560
0.004559
0.004558
0.004557
0.004557
0.004556
0.004555
0.004554
0.004553
0.004552
0.004551
0.004550
0.004549
0.004549
0.004548
0.004547
0.004546
0.004545
0.004544
0.004543
0.004543
0.004542
0.004541
0.004540
0.004539
0.004538
0.004537
0.004537
0.004536
0.004535
0.004534
0.004533
0.004532
0.004532
0.004531
0.004530
0.004529
0.004528
0.004527
0.004527
0.004526
0.004525
0.004524
0.004523
0.004523
0.004522
0.004521
0.004520
0.004519
0.004519
0.004518
0.004517
0.004516
0.004515
0.004515
0.004514
0.004513
0.004512
0.004511
0.004511
0.004510
0.004509
0.004508
0.004507
0.004507
0.004506
0.004505
0.004504
0.004504
0.004503
0.004502
0.004501
0.004501
0.004500
0.004499
0.004498
0.004498
0.004497
0.004496
0.004495
0.004495
0.004494
0.004493
0.004492
0.004492
0.004491
0.004490
0.004489
0.004489
0.004488
0.004487
0.004487
0.004486
0.004485
0.004484
0.004484
0.004483
0.004482
0.004482
0.004481
0.004480
0.004479
0.004479
0.004478
0.004477
0.004477
0.004476
0.004475
0.004475
0.004474
0.004473
0.004472
0.004472
0.004471
0.004470
0.004470
0.004469
0.004468
0.004468
0.004467
0.004466
0.004466
0.004465
0.004464
0.004464
0.004463
0.004462
0.004462
0.004461
0.004460
0.004460
0.004459
0.004459
0.004458
0.004457
0.004457
0.004456
0.004455
0.004455
0.004454
0.004453
0.004453
0.004452
0.004452
0.004451
0.004450
0.004450
0.004449
0.004449
0.004448
0.004447
0.004447
0.004446
0.004445
0.004445
0.004444
0.004444
0.004443
0.004442
0.004442
0.004441
0.004441
0.004440
0.004440
0.004439
0.004438
0.004438
0.004437
0.004437
0.004436
0.004435
0.004435
0.004434
0.004434
0.004433
0.004433
0.004432
0.004431
