-139.386181
-131.734575
-124.446445
-117.481475
-110.806949
-104.396390
-98.228440
-92.285944
-86.555185
-81.025239
-75.687439
-70.534917
-65.562218
-60.764973
-56.139629
-51.683218
-47.393168
-43.267145
-39.302936
-35.498341
-31.851106
-28.358860
-25.019084
-21.829078
-18.785957
-15.886643
-13.127871
-10.506203
-8.018038
-5.659639
-3.427148
-1.316611
0.675999
2.554762
4.323783
5.987180
7.549056
9.013489
10.384509
11.666088
12.862128
13.976447
15.012771
15.974729
16.865843
17.689526
18.449080
19.147687
19.788415
21.501294
21.967232
22.386949
22.762928
23.097541
23.393051
23.651615
23.875291
24.066036
24.225714
24.356096
24.458869
24.535635
24.587914
24.617153
24.624723
24.611929
24.580006
24.530129
24.463412
24.380912
24.283631
24.172522
24.048486
23.912382
23.765022
23.607177
23.439579
23.262922
23.077865
22.885034
22.685022
22.478392
22.265679
22.047390
20.720533
20.555290
20.383113
20.204528
20.020034
19.830106
19.635196
19.435732
19.232122
19.024754
18.813997
18.600200
18.383697
18.164802
17.943816
17.721025
17.496697
17.271091
17.044449
16.817003
16.588971
16.360562
16.131970
15.903384
15.674978
15.446919
15.219365
14.992464
14.766357
14.541175
14.317044
14.094080
13.872395
13.652091
13.433265
13.216009
13.000408
12.786541
12.574482
12.364300
12.156058
11.949817
11.745630
11.543548
11.343617
11.145878
10.950371
10.757130
10.566185
10.377566
10.191296
10.007397
9.825889
9.646786
9.470102
9.295848
9.124032
8.954660
8.787737
8.623264
8.461241
8.301666
8.144535
7.989842
7.837581
7.687743
7.540318
7.395295
7.252661
7.112401
6.974502
6.838946
6.705718
6.574798
6.446168
6.319809
6.195699
6.073818
5.954144
5.836654
5.721326
5.608135
5.497058
5.388070
5.281147
5.176264
5.073394
4.972513
4.873593
4.776610
4.681536
4.588346
4.497011
4.407507
4.319805
4.233879
4.149702
4.067248
3.986489
3.907398
3.829949
3.754116
3.679871
3.607187
3.536040
3.466402
3.398248
3.331552
3.266287
3.202429
3.139952
3.078831
3.019042
2.960559
2.903358
2.847416
2.792707
2.739210
2.686899
2.635753
2.585748
2.536861
2.489071
2.442356
2.396693
2.352062
2.308440
2.265808
2.224145
2.183431
2.143645
2.104769
2.066782
2.029665
1.993401
1.957970
1.923354
1.889536
1.856497
1.824221
1.792691
1.761890
1.731801
1.702408
1.673696
1.645649
1.618251
1.591489
1.565346
1.539809
1.514863
1.490495
1.466691
1.443436
1.420720
1.398527
1.376847
1.355666
1.334972
1.314754
1.294999
1.275697
1.256836
1.238405
1.220394
1.202792
1.185589
1.168775
1.152339
1.136273
1.120566
1.105210
1.090196
1.075514
1.061157
1.047115
1.033380
1.019945
1.006802
0.993942
0.981358
0.969043
0.956990
0.945191
0.933640
0.922330
0.911255
0.900407
0.889781
0.879371
0.869171
0.859174
0.849376
0.839770
0.830351
0.821114
0.812054
0.803166
0.794444
0.785885
0.777482
0.769233
0.761132
0.753174
0.745357
0.737675
0.730125
0.722702
0.715403
0.708225
0.701163
0.694214
0.687374
0.680641
0.674010
0.667479
0.661045
0.654704
0.648454
0.642292
0.636215
0.630220
0.624305
0.618467
0.612703
0.607011
0.601390
0.595835
0.590346
0.584920
0.579555
0.574248
0.568999
0.563804
0.558662
0.553571
0.548530
0.543536
0.538588
0.533685
0.528823
0.524003
0.519223
0.514481
0.509775
0.505105
0.500468
0.495865
0.491292
0.486750
0.482237
0.477751
0.473292
0.468859
0.464450
0.460065
0.455702
0.451361
0.447040
0.442740
0.438458
0.434193
0.429947
0.425716
0.421501
0.417301
0.413115
0.408942
0.404782
0.400635
0.396498
0.392373
0.388258
0.384152
0.380055
0.375968
0.371888
0.367815
0.363750
0.359692
0.355639
0.351592
0.347551
0.343514
0.339482
0.335455
0.331430
0.327410
0.323392
0.319378
0.315365
0.311355
0.307347
0.303340
0.299335
0.295331
0.291327
0.287325
0.283322
0.279320
0.275318
0.271316
0.267313
0.263309
0.259305
0.255300
0.251294
0.247286
0.243278
0.239267
0.235256
0.231242
0.227226
0.223209
0.219189
0.215168
0.211144
0.207117
0.203088
0.199057
0.195023
0.190987
0.186948
0.182906
0.178861
0.174813
0.170763
0.166709
0.162653
0.158593
0.154531
0.150465
0.146397
0.142325
0.138250
0.134172
0.130091
0.126007
0.121919
0.117828
0.113735
0.109638
0.105537
0.101434
0.097327
0.093218
0.089105
0.084989
0.080870
0.076748
0.072623
0.068495
0.064363
0.060229
0.056092
0.051952
0.047808
0.043662
0.039513
0.035362
0.031207
0.027050
0.022890
0.018727
0.014561
0.010393
0.006222
0.002049
-0.002127
-0.006306
-0.010487
-0.014670
-0.018856
-0.023044
-0.027234
-0.031427
-0.035622
-0.039819
-0.044018
-0.048220
-0.052423
-0.056629
-0.060836
-0.065046
-0.069257
-0.073470
-0.077685
-0.081902
-0.086121
-0.090341
-0.094563
-0.098787
-0.103012
-0.107239
-0.111467
-0.115697
-0.119928
-0.124160
-0.128394
-0.132629
-0.136866
-0.141103
-0.145342
-0.149582
-0.153823
-0.158066
-0.162309
-0.166553
-0.170798
-0.175044
-0.179291
-0.183539
-0.187788
-0.192037
-0.196288
-0.200538
-0.204790
-0.209042
-0.213295
-0.217549
-0.221803
-0.226057
-0.230312
-0.234568
-0.238824
-0.243080
-0.247336
-0.251593
-0.255851
-0.260108
-0.264366
-0.268624
-0.272882
-0.277141
-0.281399
-0.285658
-0.289917
-0.294176
-0.298434
-0.302693
-0.306952
-0.311211
-0.315470
-0.319729
-0.323987
-0.328246
-0.332504
-0.336762
-0.341020
-0.345278
-0.349536
-0.353793
-0.358050
-0.362307
-0.366564
-0.370820
-0.375076
-0.379332
-0.383587
-0.387842
-0.392097
-0.396351
-0.400604
-0.404858
-0.409111
-0.413363
-0.417615
-0.421866
-0.426118
-0.430368
-0.434618
-0.438868
-0.443117
-0.447365
-0.451613
-0.455860
-0.460107
-0.464353
-0.468599
-0.472844
-0.477088
-0.481332
-0.485575
-0.489818
-0.494060
-0.498301
-0.502542
-0.506782
-0.511021
-0.515260
-0.519498
-0.523736
-0.527972
-0.532208
-0.536444
-0.540679
-0.544913
-0.549146
-0.553379
-0.557611
-0.561842
-0.566073
-0.570303
-0.574532
-0.578761
-0.582989
-0.587216
-0.591442
-0.595668
-0.599893
-0.604118
-0.608341
-0.612564
-0.616787
-0.621008
-0.625229
-0.629449
-0.633669
-0.637888
-0.642106
-0.646323
-0.650540
-0.654756
-0.658971
-0.663186
-0.667400
-0.671613
-0.675826
-0.680038
-0.684249
-0.688460
-0.692670
-0.696879
-0.701087
-0.705295
-0.709502
-0.713709
-0.717915
-0.722120
-0.726324
-0.730528
-0.734731
-0.738934
-0.743136
-0.747337
-0.751537
-0.755737
-0.759937
-0.764135
-0.768333
-0.772531
-0.776727
-0.780923
-0.785119
-0.789314
-0.793508
-0.797701
-0.801894
-0.806086
-0.810278
-0.814469
-0.818660
-0.822849
-0.827038
-0.831227
-0.835415
-0.839602
-0.843789
-0.847975
-0.852160
-0.856345
-0.860529
-0.864713
-0.868896
-0.873078
-0.877260
-0.881441
-0.885622
-0.889802
-0.893981
-0.898160
-0.902338
-0.906515
-0.910692
-0.914868
-0.919044
-0.923219
-0.927393
-0.931567
-0.935740
-0.939912
-0.944084
-0.948255
-0.952426
-0.956596
-0.960765
-0.964934
-0.969102
-0.973269
-0.977436
-0.981601
-0.985767
-0.989931
-0.994095
-0.998259
-1.002421
-1.006583
-1.010744
-1.014905
-1.019065
-1.023224
-1.027382
-1.031540
-1.035696
-1.039853
-1.044008
-1.048163
-1.052316
-1.056470
-1.060622
-1.064773
-1.068924
-1.073074
-1.077223
-1.081372
-1.085519
-1.089666
-1.093812
-1.097957
-1.102101
-1.106244
-1.110386
-1.114528
-1.118668
-1.122808
-1.126946
-1.131084
-1.135221
-1.139356
-1.143491
-1.147625
-1.151758
-1.155890
-1.160020
-1.164150
-1.168279
-1.172406
-1.176533
-1.180658
-1.184782
-1.188905
-1.193027
-1.197148
-1.201268
-1.205386
-1.209503
-1.213619
-1.217734
-1.221847
-1.225960
-1.230070
-1.234180
-1.238288
-1.242395
-1.246500
-1.250604
-1.254707
-1.258808
-1.262908
-1.267006
-1.271103
-1.275198
-1.279292
-1.283384
-1.287475
-1.291564
-1.295651
-1.299737
-1.303821
-1.307903
-1.311984
-1.316062
-1.320140
-1.324215
-1.328288
-1.332360
-1.336430
-1.340498
-1.344564
-1.348628
-1.352690
-1.356750
-1.360808
-1.364864
-1.368918
-1.372970
-1.377020
-1.381067
-1.385112
-1.389156
-1.393197
-1.397235
-1.401271
-1.405306
-1.409337
-1.413366
-1.417393
-1.421418
-1.425439
-1.429459
-1.433476
-1.437490
-1.441501
-1.445510
-1.449517
-1.453520
-1.457521
-1.461519
-1.465514
-1.469507
-1.473496
-1.477483
-1.481466
-1.485447
-1.489424
-1.493399
-1.497370
-1.501339
-1.505304
-1.509266
-1.513224
-1.517179
-1.521131
-1.525080
-1.529025
-1.532967
-1.536905
-1.540840
-1.544771
-1.548699
-1.552623
-1.556543
-1.560459
-1.564372
-1.568281
-1.572186
-1.576087
-1.579985
-1.583878
-1.587767
-1.591652
-1.595533
-1.599410
-1.603282
-1.607151
-1.611015
-1.614874
-1.618730
-1.622581
-1.626427
-1.630269
-1.634106
-1.637939
-1.641767
-1.645590
-1.649408
-1.653222
-1.657031
-1.660835
-1.664633
-1.668427
-1.672216
-1.676000
-1.679778
-1.683551
-1.687319
-1.691082
-1.694839
-1.698591
-1.702337
-1.706078
-1.709813
-1.713543
-1.717266
-1.720984
-1.724697
-1.728403
-1.732103
-1.735798
-1.739486
-1.743169
-1.746845
-1.750515
-1.754178
-1.757836
-1.761487
-1.765131
-1.768769
-1.772401
-1.776026
-1.779644
-1.783255
-1.786860
-1.790458
-1.794049
-1.797632
-1.801209
-1.804779
-1.808342
-1.811897
-1.815445
-1.818986
-1.822519
-1.826045
-1.829563
-1.833074
-1.836577
-1.840072
-1.843559
-1.847039
-1.850510
-1.853974
-1.857430
-1.860877
-1.864316
-1.867747
-1.871170
-1.874584
-1.877990
-1.881387
-1.884775
-1.888155
-1.891526
-1.894889
-1.898242
-1.901587
-1.904922
-1.908249
-1.911566
-1.914874
-1.918172
-1.921462
-1.924741
-1.928012
-1.931272
-1.934523
-1.937764
-1.940996
-1.944217
-1.947429
-1.950630
-1.953822
-1.957003
-1.960174
-1.963334
-1.966484
-1.969624
-1.972753
-1.975871
-1.978979
-1.982076
-1.985162
-1.988237
-1.991301
-1.994354
-1.997395
-2.000426
-2.003445
-2.006452
-2.009448
-2.012433
-2.015406
-2.018367
-2.021316
-2.024253
-2.027178
-2.030091
-2.032992
-2.035881
-2.038758
-2.041622
-2.044473
-2.047312
-2.050139
-2.052952
-2.055753
-2.058541
-2.061315
-2.064077
-2.066826
-2.069561
-2.072283
-2.074992
-2.077687
-2.080368
-2.083036
-2.085690
-2.088330
-2.090957
-2.093569
-2.096167
-2.098751
-2.101321
-2.103876
-2.106417
-2.108943
-2.111455
-2.113951
-2.116434
-2.118901
-2.121353
-2.123790
-2.126212
-2.128619
-2.131010
-2.133386
-2.135746
-2.138091
-2.140420
-2.142733
-2.145030
-2.147312
-2.149577
-2.151826
-2.154059
-2.156275
-2.158476
-2.160659
-2.162826
-2.164976
-2.167109
-2.169226
-2.171325
-2.173408
-2.175473
-2.177521
-2.179551
-2.181564
-2.183560
-2.185538
-2.187498
-2.189440
-2.191365
-2.193271
-2.195159
-2.197029
-2.198881
-2.200714
-2.202529
-2.204325
-2.206103
-2.207861
-2.209601
-2.211322
-2.213024
-2.214706
-2.216370
-2.218014
-2.219638
-2.221243
-2.222829
-2.224395
-2.225940
-2.227466
-2.228972
-2.230458
-2.231924
-2.233369
-2.234794
-2.236198
-2.237582
-2.238945
-2.240287
-2.241608
-2.242909
-2.244188
-2.245446
-2.246683
-2.247899
-2.249093
-2.250265
-2.251416
-2.252545
-2.253652
-2.254738
-2.255801
-2.256842
-2.257861
-2.258858
-2.259832
-2.260784
-2.261713
-2.262619
-2.263503
-2.264363
-2.265201
-2.266016
-2.266807
-2.267575
-2.268320
-2.269041
-2.269739
-2.270413
-2.271063
-2.271690
-2.272292
-2.272871
-2.273425
-2.273955
-2.274461
-2.274942
-2.275399
-2.275832
-2.276239
-2.276622
-2.276980
-2.277313
-2.277621
-2.277904
-2.278162
-2.278394
-2.278601
-2.278782
-2.278938
-2.279068
-2.279172
-2.279250
-2.279302
-2.279329
-2.279329
-2.279303
-2.279250
-2.279171
-2.279066
-2.278934
-2.278775
-2.278589
-2.278377
-2.278138
-2.277871
-2.277578
-2.277257
-2.276909
-2.276534
-2.276131
-2.275701
-2.275242
-2.274757
-2.274243
-2.273701
-2.273132
-2.272534
-2.271909
-2.271255
-2.270572
-2.269862
-2.269122
-2.268355
-2.267558
-2.266733
-2.265879
-2.264996
-2.264085
-2.263144
-2.262174
-2.261175
-2.260146
-2.259088
-2.258001
-2.256884
-2.255738
-2.254562
-2.253356
-2.252121
-2.250855
-2.249560
-2.248234
-2.246879
-2.245493
-2.244077
-2.242631
-2.241154
-2.239647
-2.238109
-2.236541
-2.234942
-2.233312
-2.231652
-2.229960
-2.228238
-2.226485
-2.224700
-2.222885
-2.221038
-2.219160
-2.217251
-2.215310
-2.213338
-2.211334
-2.209299
-2.207232
-2.205133
-2.203003
-2.200841
-2.198647
-2.196421
-2.194163
-2.191873
-2.189551
-2.187197
-2.184810
-2.182392
-2.179941
-2.177457
-2.174942
-2.172394
-2.169813
-2.167200
-2.164554
-2.161876
-2.159165
-2.156421
-2.153644
-2.150835
-2.147993
-2.145117
-2.142209
-2.139268
-2.136294
-2.133287
-2.130247
-2.127173
-2.124067
-2.120927
-2.117754
-2.114548
-2.111308
-2.108035
-2.104729
-2.101389
-2.098016
-2.094609
-2.091169
-2.087696
-2.084188
-2.080648
-2.077073
-2.073466
-2.069824
-2.066149
-2.062440
-2.058697
-2.054921
-2.051111
-2.047267
-2.043390
-2.039479
-2.035534
-2.031555
-2.027542
-2.023496
-2.019415
-2.015301
-2.011153
-2.006971
-2.002756
-1.998506
-1.994223
-1.989905
-1.985554
-1.981169
-1.976750
-1.972297
-1.967811
-1.963290
-1.958736
-1.954148
-1.949526
-1.944870
-1.940180
-1.935457
-1.930700
-1.925909
-1.921084
-1.916225
-1.911333
-1.906407
-1.901447
-1.896454
-1.891426
-1.886366
-1.881271
-1.876143
-1.870982
-1.865787
-1.860558
-1.855296
-1.850001
-1.844672
-1.839310
-1.833914
-1.828485
-1.823023
-1.817527
-1.811998
-1.806436
-1.800841
-1.795213
-1.789552
-1.783858
-1.778131
-1.772371
-1.766578
-1.760752
-1.754894
-1.749002
-1.743079
-1.737122
-1.731133
-1.725112
-1.719058
-1.712972
-1.706853
-1.700702
-1.694519
-1.688304
-1.682057
-1.675778
-1.669467
-1.663124
-1.656749
-1.650342
-1.643904
-1.637435
-1.630934
-1.624401
-1.617837
-1.611242
-1.604616
-1.597958
-1.591270
-1.584551
-1.577800
-1.571019
-1.564208
-1.557366
-1.550493
-1.543590
-1.536657
-1.529693
-1.522700
-1.515676
-1.508622
-1.501539
-1.494426
-1.487283
-1.480111
-1.472909
-1.465678
-1.458418
-1.451129
-1.443811
-1.436464
-1.429088
-1.421683
-1.414250
-1.406789
-1.399299
-1.391781
-1.384235
-1.376662
-1.369060
-1.361431
-1.353774
-1.346089
-1.338378
-1.330639
-1.322873
-1.315080
-1.307260
-1.299414
-1.291541
-1.283642
-1.275716
-1.267765
-1.259787
-1.251784
-1.243754
-1.235700
-1.227620
-1.219514
-1.211384
-1.203228
-1.195048
-1.186843
-1.178613
-1.170359
-1.162081
-1.153778
-1.145452
-1.137102
-1.128728
-1.120331
-1.111911
-1.103467
-1.095001
-1.086512
-1.078000
-1.069465
-1.060908
-1.052329
-1.043728
-1.035106
-1.026461
-1.017795
-1.009108
-1.000399
-0.991670
-0.982920
-0.974149
-0.965358
-0.956546
-0.947715
-0.938863
-0.929992
-0.921101
-0.912191
-0.903261
-0.894313
-0.885346
-0.876360
-0.867356
-0.858333
-0.849292
-0.840234
-0.831157
-0.822064
-0.812952
-0.803824
-0.794679
-0.785517
-0.776339
-0.767144
-0.757933
-0.748706
-0.739463
-0.730205
-0.720931
-0.711642
-0.702338
-0.693020
-0.683686
-0.674339
-0.664977
-0.655601
-0.646212
-0.636809
-0.627392
-0.617963
-0.608520
-0.599065
-0.589597
-0.580117
-0.570625
-0.561121
-0.551605
-0.542078
-0.532539
-0.522990
-0.513429
-0.503858
-0.494277
-0.484685
-0.475083
-0.465472
-0.455851
-0.446220
-0.436581
-0.426932
-0.417275
-0.407609
-0.397935
-0.388253
-0.378563
-0.368866
-0.359161
-0.349449
-0.339729
-0.330004
-0.320271
-0.310533
-0.300788
-0.291037
-0.281281
-0.271519
-0.261752
-0.251980
-0.242203
-0.232422
-0.222636
-0.212847
-0.203053
-0.193256
-0.183455
-0.173651
-0.163844
-0.154035
-0.144222
-0.134408
-0.124591
-0.114772
-0.104952
-0.095130
-0.085308
-0.075484
-0.065659
-0.055834
-0.046008
-0.036183
-0.026357
-0.016532
-0.006707
0.003117
0.012940
0.022761
0.032581
0.042400
0.052217
0.062031
0.071843
0.081653
0.091460
0.101264
0.111064
0.120862
0.130655
0.140445
0.150230
0.160012
0.169788
0.179560
0.189327
0.199089
0.208846
0.218596
0.228341
0.238080
0.247813
0.257539
0.267258
0.276971
0.286676
0.296374
0.306064
0.315747
0.325422
0.335088
0.344746
0.354396
0.364036
0.373668
0.383290
0.392903
0.402506
0.412099
0.421682
0.431255
0.440817
0.450368
0.459909
0.469438
0.478956
0.488463
0.497958
0.507440
0.516911
0.526369
0.535815
0.545248
0.554668
0.564075
0.573468
0.582848
0.592214
0.601566
0.610904
0.620228
0.629537
0.638831
0.648110
0.657375
0.666624
0.675857
0.685075
0.694276
0.703462
0.712631
0.721784
0.730921
0.740040
0.749142
0.758228
0.767295
0.776346
0.785378
0.794393
0.803389
0.812367
0.821327
0.830267
0.839190
0.848093
0.856976
0.865841
0.874686
0.883511
0.892316
0.901102
0.909867
0.918611
0.927335
0.936038
0.944721
0.953382
0.962022
0.970641
0.979238
0.987813
0.996367
1.004898
1.013407
1.021894
1.030358
1.038800
1.047219
1.055614
1.063987
1.072336
1.080662
1.088964
1.097242
1.105497
1.113727
1.121933
1.130115
1.138273
1.146405
1.154513
1.162596
1.170654
1.178687
1.186694
1.194676
1.202632
1.210562
1.218467
1.226345
1.234198
1.242024
1.249823
1.257596
1.265343
1.273062
1.280755
1.288420
1.296058
1.303669
1.311253
1.318809
1.326337
1.333837
1.341310
1.348754
1.356170
1.363558
1.370918
1.378249
1.385551
1.392825
1.400070
1.407286
1.414473
1.421631
1.428759
1.435858
1.442928
1.449967
1.456978
1.463958
1.470909
1.477829
1.484720
1.491580
1.498410
1.505210
1.511979
1.518718
1.525426
1.532103
1.538750
1.545365
1.551950
1.558503
1.565026
1.571517
1.577976
1.584405
1.590801
1.597166
1.603500
1.609802
1.616072
1.622310
1.628516
1.634690
1.640832
1.646942
1.653019
1.659065
1.665078
1.671058
1.677006
1.682921
1.688804
1.694654
1.700471
1.706256
1.712007
1.717726
1.723411
1.729064
1.734683
1.740269
1.745822
1.751342
1.756828
1.762281
1.767701
1.773087
1.778440
1.783759
1.789044
1.794296
1.799514
1.804699
1.809849
1.814966
1.820049
1.825098
1.830113
1.835095
1.840042
1.844955
1.849834
1.854679
1.859490
1.864267
1.869009
1.873718
1.878392
1.883031
1.887637
1.892208
1.896745
1.901248
1.905716
1.910150
1.914549
1.918914
1.923244
1.927540
1.931802
1.936029
1.940222
1.944380
1.948503
1.952592
1.956646
1.960666
1.964652
1.968602
1.972518
1.976400
1.980247
1.984059
1.987837
1.991580
1.995289
1.998963
2.002602
2.006207
2.009777
2.013313
2.016814
2.020281
2.023713
2.027110
2.030473
2.033801
2.037095
2.040354
2.043579
2.046769
2.049925
2.053047
2.056133
2.059186
2.062204
2.065188
2.068137
2.071052
2.073933
2.076779
2.079591
2.082369
2.085112
2.087821
2.090496
2.093137
2.095744
2.098317
2.100855
2.103360
2.105830
2.108267
2.110669
2.113038
2.115372
2.117673
2.119940
2.122173
2.124373
2.126538
2.128670
2.130769
2.132833
2.134864
2.136862
2.138826
2.140757
2.142654
2.144518
2.146349
2.148146
2.149910
2.151641
2.153338
2.155003
2.156635
2.158233
2.159799
2.161332
2.162832
2.164299
2.165733
2.167135
2.168504
2.169840
2.171144
2.172415
2.173654
2.174861
2.176035
2.177177
2.178287
2.179365
2.180410
2.181424
2.182406
2.183355
2.184273
2.185160
2.186014
2.186837
2.187628
2.188388
2.189116
2.189813
2.190478
2.191112
2.191715
2.192287
2.192828
2.193338
2.193817
2.194265
2.194682
2.195069
2.195425
2.195750
2.196045
2.196309
2.196543
2.196747
2.196920
2.197064
2.197177
2.197261
2.197314
2.197338
2.197332
2.197296
2.197230
2.197135
2.197011
2.196857
2.196674
2.196462
2.196220
2.195950
2.195651
2.195322
2.194965
2.194579
2.194165
2.193722
2.193250
2.192750
2.192222
2.191665
2.191080
2.190468
2.189827
2.189158
2.188462
2.187738
2.186986
2.186207
2.185400
2.184566
2.183704
2.182816
2.181900
2.180957
2.179987
2.178991
2.177967
2.176917
2.175841
2.174738
2.173608
2.172452
2.171270
2.170062
2.168828
2.167568
2.166282
2.164970
2.163633
2.162270
2.160882
2.159468
2.158029
2.156565
2.155075
2.153561
2.152021
2.150457
2.148868
2.147255
2.145617
2.143954
2.142268
2.140556
2.138821
2.137062
2.135279
2.133471
2.131640
2.129786
2.127908
2.126006
2.124081
2.122133
2.120161
2.118167
2.116149
2.114108
2.112045
2.109959
2.107850
2.105719
2.103566
2.101390
2.099192
2.096972
2.094730
2.092466
2.090180
2.087872
2.085543
2.083192
2.080820
2.078426
2.076012
2.073576
2.071119
2.068641
2.066143
2.063623
2.061083
2.058523
2.055942
2.053341
2.050719
2.048078
2.045416
2.042735
2.040033
2.037312
2.034572
2.031811
2.029032
2.026233
2.023415
2.020577
2.017721
2.014846
2.011952
2.009039
2.006108
2.003158
2.000189
1.997203
1.994198
1.991175
1.988134
1.985075
1.981998
1.978903
1.975791
1.972662
1.969515
1.966350
1.963169
1.959970
1.956754
1.953521
1.950272
1.947005
1.943723
1.940423
1.937107
1.933775
1.930427
1.927062
1.923681
1.920285
1.916873
1.913444
1.910001
1.906541
1.903067
1.899577
1.896071
1.892551
1.889015
1.885465
1.881899
1.878319
1.874724
1.871115
1.867491
1.863853
1.860200
1.856534
1.852853
1.849158
1.845449
1.841727
1.837991
1.834241
1.830478
1.826701
1.822911
1.819108
1.815291
1.811462
1.807620
1.803764
1.799896
1.796016
1.792123
1.788217
1.784299
1.780369
1.776426
1.772472
1.768505
1.764526
1.760536
1.756534
1.752520
1.748495
1.744458
1.740410
1.736351
1.732280
1.728198
1.724106
1.720002
1.715888
1.711763
1.707627
1.703481
1.699324
1.695157
1.690979
1.686792
1.682594
1.678386
1.674168
1.669941
1.665704
1.661457
1.657200
1.652934
1.648659
1.644374
1.640080
1.635777
1.631464
1.627143
1.622813
1.618474
1.614126
1.609770
1.605405
1.601032
1.596650
1.592260
1.587862
1.583455
1.579041
1.574618
1.570188
1.565750
1.561304
1.556850
1.552389
1.547920
1.543444
1.538961
1.534470
1.529972
1.525467
1.520955
1.516436
1.511910
1.507378
1.502839
1.498293
1.493740
1.489181
1.484616
1.480044
1.475466
1.470882
1.466292
1.461696
1.457094
1.452486
1.447872
1.443252
1.438627
1.433996
1.429360
1.424718
1.420071
1.415419
1.410761
1.406099
1.401431
1.396758
1.392080
1.387398
1.382710
1.378018
1.373321
1.368620
1.363914
1.359204
1.354489
1.349770
1.345047
1.340319
1.335588
1.330852
1.326113
1.321369
1.316622
1.311871
1.307116
1.302357
1.297595
1.292829
1.288060
1.283288
1.278512
1.273733
1.268950
1.264165
1.259376
1.254585
1.249790
1.244992
1.240192
1.235389
1.230583
1.225775
1.220963
1.216150
1.211333
1.206515
1.201694
1.196870
1.192045
1.187217
1.182387
1.177555
1.172721
1.167885
1.163047
1.158207
1.153365
1.148521
1.143676
1.138829
1.133981
1.129131
1.124279
1.119426
1.114571
1.109716
1.104859
1.100000
1.095141
1.090280
1.085418
1.080555
1.075692
1.070827
1.065961
1.061094
1.056227
1.051359
1.046490
1.041620
1.036750
1.031880
1.027008
1.022137
1.017264
1.012392
1.007519
1.002646
0.997772
0.992898
0.988024
0.983150
0.978276
0.973402
0.968527
0.963653
0.958779
0.953905
0.949031
0.944157
0.939284
0.934411
0.929538
0.924665
0.919793
0.914921
0.910050
0.905179
0.900309
0.895439
0.890570
0.885702
0.880834
0.875967
0.871100
0.866235
0.861370
0.856506
0.851643
0.846781
0.841920
0.837060
0.832201
0.827343
0.822486
0.817630
0.812775
0.807921
0.803069
0.798218
0.793368
0.788519
0.783672
0.778826
0.773982
0.769138
0.764297
0.759456
0.754618
0.749780
0.744945
0.740111
0.735278
0.730447
0.725618
0.720790
0.715964
0.711140
0.706318
0.701497
0.696678
0.691861
0.687046
0.682232
0.677421
0.672611
0.667804
0.662998
0.658194
0.653392
0.648593
0.643795
0.638999
0.634206
0.629414
0.624625
0.619838
0.615053
0.610270
0.605489
0.600710
0.595934
0.591160
0.586388
0.581619
0.576851
0.572086
0.567324
0.562564
0.557806
0.553050
0.548297
0.543546
0.538798
0.534052
0.529308
0.524567
0.519828
0.515092
0.510359
0.505627
0.500899
0.496173
0.491449
0.486728
0.482010
0.477294
0.472580
0.467870
0.463162
0.458456
0.453753
0.449053
0.444355
0.439660
0.434968
0.430278
0.425591
0.420907
0.416225
0.411547
0.406870
0.402197
0.397526
0.392858
0.388193
0.383530
0.378870
0.374213
0.369559
0.364907
0.360258
0.355612
0.350969
0.346328
0.341690
0.337055
0.332423
0.327794
0.323167
0.318543
0.313922
0.309304
0.304688
0.300076
0.295466
0.290859
0.286255
0.281653
0.277054
0.272459
0.267866
0.263275
0.258688
0.254103
0.249522
0.244943
0.240366
0.235793
0.231223
0.226655
0.222090
0.217528
0.212968
0.208412
0.203858
0.199307
0.194759
0.190213
0.185671
0.181131
0.176594
0.172060
0.167528
0.162999
0.158473
0.153950
0.149430
0.144912
0.140397
0.135885
0.131375
0.126869
0.122364
0.117863
0.113365
0.108869
0.104375
0.099885
0.095397
0.090912
0.086430
0.081950
0.077473
0.072998
0.068526
0.064057
0.059591
0.055127
0.050665
0.046207
0.041751
0.037297
0.032846
0.028398
0.023952
0.019509
0.015069
0.010630
0.006195
0.001762
-0.002669
-0.007097
-0.011522
-0.015945
-0.020365
-0.024783
-0.029199
-0.033612
-0.038023
-0.042431
-0.046837
-0.051240
-0.055641
-0.060040
-0.064436
-0.068830
-0.073221
-0.077610
-0.081997
-0.086382
-0.090764
-0.095144
-0.099521
-0.103896
-0.108269
-0.112640
-0.117009
-0.121375
-0.125739
-0.130101
-0.134460
-0.138818
-0.143173
-0.147526
-0.151877
-0.156226
-0.160572
-0.164917
-0.169259
-0.173600
-0.177938
-0.182274
-0.186608
-0.190940
-0.195270
-0.199598
-0.203924
-0.208248
-0.212570
-0.216890
-0.221209
-0.225525
-0.229839
-0.234151
-0.238462
-0.242770
-0.247077
-0.251382
-0.255685
-0.259986
-0.264285
-0.268583
-0.272878
-0.277172
-0.281464
-0.285755
-0.290043
-0.294330
-0.298615
-0.302899
-0.307181
-0.311461
-0.315739
-0.320016
-0.324291
-0.328565
-0.332837
-0.337107
-0.341376
-0.345643
-0.349908
-0.354172
-0.358435
-0.362696
-0.366955
-0.371214
-0.375470
-0.379725
-0.383979
-0.388231
-0.392482
-0.396731
-0.400979
-0.405225
-0.409471
-0.413714
-0.417957
-0.422198
-0.426438
-0.430676
-0.434914
-0.439149
-0.443384
-0.447618
-0.451850
-0.456081
-0.460310
-0.464539
-0.468766
-0.472992
-0.477217
-0.481441
-0.485663
-0.489885
-0.494105
-0.498325
-0.502543
-0.506760
-0.510976
-0.515191
-0.519405
-0.523618
-0.527829
-0.532040
-0.536250
-0.540459
-0.544667
-0.548874
-0.553080
-0.557284
-0.561488
-0.565692
-0.569894
-0.574095
-0.578295
-0.582495
-0.586694
-0.590891
-0.595088
-0.599284
-0.603480
-0.607674
-0.611868
-0.616060
-0.620252
-0.624444
-0.628634
-0.632824
-0.637013
-0.641201
-0.645388
-0.649575
-0.653761
-0.657947
-0.662131
-0.666315
-0.670498
-0.674681
-0.678863
-0.683044
-0.687225
-0.691405
-0.695584
-0.699762
-0.703941
-0.708118
-0.712295
-0.716471
-0.720647
-0.724822
-0.728996
-0.733170
-0.737343
-0.741516
-0.745688
-0.749860
-0.754031
-0.758202
-0.762372
-0.766541
-0.770710
-0.774879
-0.779047
-0.783214
-0.787381
-0.791548
-0.795714
-0.799879
-0.804044
-0.808208
-0.812372
-0.816536
-0.820699
-0.824862
-0.829024
-0.833186
-0.837347
-0.841507
-0.845668
-0.849828
-0.853987
-0.858146
-0.862304
-0.866462
-0.870620
-0.874777
-0.878934
-0.883090
-0.887246
-0.891401
-0.895556
-0.899711
-0.903865
-0.908018
-0.912171
-0.916324
-0.920476
-0.924628
-0.928780
-0.932930
-0.937081
-0.941231
-0.945380
-0.949529
-0.953678
-0.957826
-0.961974
-0.966121
-0.970268
-0.974414
-0.978560
-0.982705
-0.986850
-0.990994
-0.995138
-0.999281
-1.003424
-1.007566
-1.011708
-1.015849
-1.019990
-1.024130
-1.028269
-1.032408
-1.036547
-1.040685
-1.044822
-1.048959
-1.053095
-1.057230
-1.061365
-1.065499
-1.069633
-1.073766
-1.077899
-1.082030
-1.086161
-1.090292
-1.094422
-1.098551
-1.102679
-1.106806
-1.110933
-1.115060
-1.119185
-1.123310
-1.127433
-1.131556
-1.135679
-1.139800
-1.143921
-1.148041
-1.152160
-1.156278
-1.160395
-1.164511
-1.168627
-1.172741
-1.176855
-1.180967
-1.185079
-1.189189
-1.193299
-1.197408
-1.201515
-1.205622
-1.209727
-1.213832
-1.217935
-1.222037
-1.226138
-1.230238
-1.234336
-1.238434
-1.242530
-1.246625
-1.250719
-1.254811
-1.258903
-1.262992
-1.267081
-1.271168
-1.275254
-1.279338
-1.283421
-1.287503
-1.291583
-1.295661
-1.299738
-1.303814
-1.307888
-1.311960
-1.316031
-1.320100
-1.324167
-1.328233
-1.332297
-1.336359
-1.340420
-1.344479
-1.348536
-1.352591
-1.356644
-1.360695
-1.364745
-1.368792
-1.372837
-1.376881
-1.380922
-1.384962
-1.388999
-1.393034
-1.397067
-1.401098
-1.405126
-1.409152
-1.413176
-1.417198
-1.421217
-1.425234
-1.429249
-1.433261
-1.437271
-1.441278
-1.445282
-1.449284
-1.453284
-1.457281
-1.461275
-1.465266
-1.469255
-1.473241
-1.477224
-1.481204
-1.485181
-1.489155
-1.493127
-1.497095
-1.501060
-1.505022
-1.508982
-1.512938
-1.516890
-1.520840
-1.524786
-1.528729
-1.532668
-1.536605
-1.540537
-1.544467
-1.548392
-1.552314
-1.556233
-1.560148
-1.564059
-1.567966
-1.571870
-1.575770
-1.579666
-1.583558
-1.587446
-1.591330
-1.595210
-1.599086
-1.602958
-1.606826
-1.610689
-1.614548
-1.618403
-1.622254
-1.626100
-1.629941
-1.633778
-1.637611
-1.641439
-1.645262
-1.649081
-1.652894
-1.656703
-1.660507
-1.664307
-1.668101
-1.671890
-1.675674
-1.679453
-1.683227
-1.686995
-1.690759
-1.694517
-1.698269
-1.702017
-1.705758
-1.709494
-1.713225
-1.716950
-1.720669
-1.724382
-1.728090
-1.731792
-1.735487
-1.739177
-1.742861
-1.746538
-1.750210
-1.753875
-1.757534
-1.761186
-1.764833
-1.768472
-1.772105
-1.775732
-1.779352
-1.782965
-1.786572
-1.790171
-1.793764
-1.797350
-1.800929
-1.804500
-1.808065
-1.811622
-1.815172
-1.818715
-1.822251
-1.825779
-1.829299
-1.832812
-1.836317
-1.839814
-1.843304
-1.846786
-1.850260
-1.853726
-1.857184
-1.860633
-1.864075
-1.867508
-1.870933
-1.874350
-1.877758
-1.881158
-1.884549
-1.887931
-1.891304
-1.894669
-1.898025
-1.901372
-1.904710
-1.908039
-1.911359
-1.914669
-1.917970
-1.921262
-1.924544
-1.927817
-1.931080
-1.934334
-1.937577
-1.940811
-1.944035
-1.947249
-1.950453
-1.953647
-1.956831
-1.960004
-1.963167
-1.966320
-1.969462
-1.972594
-1.975715
-1.978825
-1.981924
-1.985013
-1.988090
-1.991156
-1.994212
-1.997256
-2.000289
-2.003310
-2.006320
-2.009318
-2.012305
-2.015281
-2.018244
-2.021195
-2.024135
-2.027063
-2.029978
-2.032882
-2.035773
-2.038651
-2.041518
-2.044371
-2.047213
-2.050041
-2.052857
-2.055660
-2.058450
-2.061227
-2.063991
-2.066742
-2.069479
-2.072203
-2.074914
-2.077611
-2.080295
-2.082964
-2.085620
-2.088263
-2.090891
-2.093505
-2.096105
-2.098691
-2.101263
-2.103820
-2.106362
-2.108891
-2.111404
-2.113903
-2.116387
-2.118856
-2.121309
-2.123748
-2.126172
-2.128580
-2.130973
-2.133351
-2.135713
-2.138059
-2.140390
-2.142705
-2.145003
-2.147286
-2.149553
-2.151804
-2.154038
-2.156256
-2.158457
-2.160642
-2.162810
-2.164962
-2.167097
-2.169214
-2.171315
-2.173399
-2.175465
-2.177514
-2.179546
-2.181560
-2.183557
-2.185536
-2.187497
-2.189441
-2.191366
-2.193274
-2.195163
-2.197034
-2.198887
-2.200721
-2.202537
-2.204334
-2.206112
-2.207872
-2.209613
-2.211334
-2.213037
-2.214720
-2.216385
-2.218029
-2.219655
-2.221261
-2.222847
-2.224413
-2.225960
-2.227486
-2.228993
-2.230479
-2.231945
-2.233391
-2.234817
-2.236222
-2.237606
-2.238970
-2.240312
-2.241634
-2.242935
-2.244215
-2.245474
-2.246711
-2.247927
-2.249121
-2.250294
-2.251445
-2.252575
-2.253682
-2.254768
-2.255832
-2.256873
-2.257892
-2.258889
-2.259864
-2.260816
-2.261745
-2.262652
-2.263535
-2.264396
-2.265234
-2.266049
-2.266840
-2.267609
-2.268353
-2.269075
-2.269773
-2.270447
-2.271097
-2.271724
-2.272326
-2.272905
-2.273459
-2.273990
-2.274495
-2.274977
-2.275434
-2.275866
-2.276274
-2.276657
-2.277015
-2.277348
-2.277656
-2.277938
-2.278196
-2.278428
-2.278635
-2.278816
-2.278971
-2.279101
-2.279205
-2.279284
-2.279336
-2.279362
-2.279362
-2.279336
-2.279283
-2.279204
-2.279098
-2.278966
-2.278807
-2.278621
-2.278409
-2.278169
-2.277903
-2.277609
-2.277288
-2.276940
-2.276564
-2.276161
-2.275731
-2.275272
-2.274786
-2.274273
-2.273731
-2.273161
-2.272563
-2.271937
-2.271283
-2.270600
-2.269889
-2.269150
-2.268382
-2.267585
-2.266760
-2.265906
-2.265023
-2.264111
-2.263170
-2.262199
-2.261200
-2.260171
-2.259113
-2.258026
-2.256909
-2.255762
-2.254586
-2.253380
-2.252144
-2.250878
-2.249583
-2.248257
-2.246901
-2.245515
-2.244099
-2.242652
-2.241175
-2.239668
-2.238130
-2.236561
-2.234962
-2.233332
-2.231671
-2.229980
-2.228257
-2.226504
-2.224719
-2.222903
-2.221056
-2.219178
-2.217268
-2.215327
-2.213355
-2.211351
-2.209315
-2.207248
-2.205149
-2.203019
-2.200856
-2.198662
-2.196436
-2.194178
-2.191888
-2.189565
-2.187211
-2.184824
-2.182406
-2.179954
-2.177471
-2.174955
-2.172407
-2.169826
-2.167213
-2.164567
-2.161888
-2.159177
-2.156433
-2.153656
-2.150847
-2.148004
-2.145129
-2.142220
-2.139279
-2.136305
-2.133298
-2.130257
-2.127184
-2.124077
-2.120937
-2.117764
-2.114557
-2.111318
-2.108045
-2.104738
-2.101398
-2.098025
-2.094618
-2.091178
-2.087704
-2.084197
-2.080656
-2.077082
-2.073474
-2.069832
-2.066157
-2.062448
-2.058705
-2.054929
-2.051119
-2.047275
-2.043398
-2.039486
-2.035541
-2.031562
-2.027549
-2.023503
-2.019423
-2.015308
-2.011160
-2.006978
-2.002763
-1.998513
-1.994230
-1.989912
-1.985561
-1.981176
-1.976757
-1.972304
-1.967818
-1.963297
-1.958743
-1.954154
-1.949532
-1.944877
-1.940187
-1.935463
-1.930706
-1.925915
-1.921090
-1.916232
-1.911339
-1.906413
-1.901453
-1.896460
-1.891433
-1.886372
-1.881278
-1.876150
-1.870988
-1.865793
-1.860565
-1.855303
-1.850007
-1.844678
-1.839316
-1.833921
-1.828492
-1.823029
-1.817534
-1.812005
-1.806443
-1.800848
-1.795220
-1.789559
-1.783865
-1.778138
-1.772378
-1.766585
-1.760759
-1.754901
-1.749010
-1.743086
-1.737130
-1.731141
-1.725119
-1.719065
-1.712979
-1.706861
-1.700710
-1.694527
-1.688312
-1.682065
-1.675786
-1.669475
-1.663132
-1.656757
-1.650351
-1.643913
-1.637443
-1.630942
-1.624410
-1.617846
-1.611251
-1.604625
-1.597967
-1.591279
-1.584560
-1.577810
-1.571029
-1.564217
-1.557375
-1.550503
-1.543600
-1.536666
-1.529703
-1.522709
-1.515686
-1.508632
-1.501549
-1.494436
-1.487293
-1.480121
-1.472919
-1.465689
-1.458428
-1.451139
-1.443821
-1.436474
-1.429099
-1.421694
-1.414261
-1.406800
-1.399310
-1.391793
-1.384247
-1.376673
-1.369071
-1.361442
-1.353785
-1.346101
-1.338389
-1.330650
-1.322885
-1.315092
-1.307272
-1.299426
-1.291553
-1.283654
-1.275729
-1.267777
-1.259800
-1.251796
-1.243767
-1.235712
-1.227632
-1.219527
-1.211396
-1.203241
-1.195061
-1.186856
-1.178626
-1.170372
-1.162094
-1.153792
-1.145466
-1.137116
-1.128742
-1.120345
-1.111925
-1.103481
-1.095015
-1.086526
-1.078014
-1.069479
-1.060922
-1.052344
-1.043743
-1.035120
-1.026475
-1.017810
-1.009122
-1.000414
-0.991685
-0.982935
-0.974164
-0.965373
-0.956561
-0.947730
-0.938878
-0.930007
-0.921116
-0.912206
-0.903277
-0.894328
-0.885361
-0.876375
-0.867371
-0.858348
-0.849308
-0.840249
-0.831173
-0.822079
-0.812968
-0.803840
-0.794695
-0.785533
-0.776354
-0.767160
-0.757949
-0.748722
-0.739479
-0.730221
-0.720947
-0.711658
-0.702354
-0.693036
-0.683703
-0.674355
-0.664993
-0.655618
-0.646228
-0.636825
-0.627409
-0.617979
-0.608537
-0.599082
-0.589614
-0.580134
-0.570642
-0.561138
-0.551622
-0.542095
-0.532556
-0.523006
-0.513446
-0.503875
-0.494293
-0.484702
-0.475100
-0.465489
-0.455867
-0.446237
-0.436597
-0.426949
-0.417292
-0.407626
-0.397952
-0.388270
-0.378580
-0.368883
-0.359178
-0.349466
-0.339746
-0.330021
-0.320288
-0.310549
-0.300805
-0.291054
-0.281298
-0.271536
-0.261769
-0.251997
-0.242220
-0.232439
-0.222653
-0.212864
-0.203070
-0.193273
-0.183472
-0.173668
-0.163861
-0.154052
-0.144239
-0.134425
-0.124608
-0.114789
-0.104969
-0.095147
-0.085325
-0.075501
-0.065676
-0.055851
-0.046025
-0.036200
-0.026374
-0.016549
-0.006724
0.003100
0.012923
0.022744
0.032565
0.042383
0.052200
0.062014
0.071826
0.081636
0.091443
0.101247
0.111047
0.120845
0.130638
0.140428
0.150214
0.159995
0.169772
0.179544
0.189311
0.199072
0.208829
0.218580
0.228325
0.238063
0.247796
0.257522
0.267242
0.276954
0.286660
0.296358
0.306048
0.315731
0.325405
0.335072
0.344730
0.354379
0.364020
0.373651
0.383273
0.392886
0.402489
0.412082
0.421666
0.431238
0.440801
0.450352
0.459893
0.469422
0.478940
0.488447
0.497941
0.507424
0.516895
0.526353
0.535799
0.545232
0.554652
0.564059
0.573452
0.582832
0.592198
0.601550
0.610888
0.620212
0.629521
0.638815
0.648095
0.657359
0.666608
0.675841
0.685059
0.694261
0.703447
0.712616
0.721769
0.730905
0.740025
0.749127
0.758212
0.767280
0.776331
0.785363
0.794378
0.803374
0.812352
0.821312
0.830253
0.839175
0.848078
0.856962
0.865826
0.874671
0.883496
0.892302
0.901087
0.909852
0.918597
0.927321
0.936024
0.944706
0.953368
0.962008
0.970627
0.979224
0.987799
0.996352
1.004884
1.013393
1.021880
1.030344
1.038786
1.047205
1.055600
1.063973
1.072322
1.080648
1.088950
1.097229
1.105483
1.113714
1.121920
1.130102
1.138259
1.146392
1.154500
1.162583
1.170641
1.178673
1.186681
1.194663
1.202619
1.210549
1.218454
1.226332
1.234185
1.242011
1.249810
1.257583
1.265330
1.273049
1.280742
1.288407
1.296046
1.303657
1.311240
1.318796
1.326324
1.333825
1.341297
1.348742
1.356158
1.363546
1.370906
1.378237
1.385539
1.392813
1.400058
1.407274
1.414461
1.421619
1.428747
1.435846
1.442916
1.449956
1.456966
1.463947
1.470897
1.477818
1.484709
1.491569
1.498399
1.505199
1.511968
1.518707
1.525415
1.532092
1.538739
1.545354
1.551939
1.558492
1.565015
1.571506
1.577966
1.584394
1.590791
1.597156
1.603489
1.609791
1.616061
1.622299
1.628506
1.634680
1.640822
1.646932
1.653009
1.659055
1.665068
1.671048
1.676996
1.682911
1.688794
1.694644
1.700461
1.706246
1.711997
1.717716
1.723402
1.729054
1.734674
1.740260
1.745813
1.751333
1.756819
1.762272
1.767692
1.773078
1.778431
1.783750
1.789036
1.794287
1.799506
1.804690
1.809841
1.814958
1.820041
1.825090
1.830105
1.835086
1.840034
1.844947
1.849826
1.854671
1.859482
1.864259
1.869001
1.873710
1.878384
1.883024
1.887629
1.892201
1.896738
1.901240
1.905708
1.910142
1.914542
1.918907
1.923237
1.927533
1.931795
1.936022
1.940215
1.944373
1.948496
1.952585
1.956640
1.960660
1.964645
1.968596
1.972512
1.976393
1.980240
1.984053
1.987831
1.991574
1.995283
1.998957
2.002596
2.006201
2.009771
2.013307
2.016808
2.020275
2.023707
2.027104
2.030467
2.033796
2.037089
2.040349
2.043574
2.046764
2.049920
2.053041
2.056128
2.059181
2.062199
2.065183
2.068132
2.071047
2.073928
2.076774
2.079586
2.082364
2.085107
2.087817
2.090492
2.093133
2.095740
2.098312
2.100851
2.103356
2.105826
2.108263
2.110665
2.113034
2.115368
2.117669
2.119936
2.122169
2.124369
2.126535
2.128667
2.130765
2.132830
2.134861
2.136859
2.138823
2.140754
2.142651
2.144515
2.146345
2.148143
2.149907
2.151638
2.153336
2.155000
2.156632
2.158231
2.159796
2.161329
2.162829
2.164296
2.165731
2.167132
2.168501
2.169838
2.171142
2.172413
2.173652
2.174859
2.176033
2.177175
2.178285
2.179363
2.180409
2.181422
2.182404
2.183354
2.184272
2.185158
2.186013
2.186835
2.187627
2.188386
2.189115
2.189811
2.190477
2.191111
2.191714
2.192286
2.192827
2.193337
2.193816
2.194264
2.194681
2.195068
2.195424
2.195749
2.196044
2.196309
2.196543
2.196747
2.196920
2.197064
2.197177
2.197260
2.197314
2.197338
2.197332
2.197296
2.197230
2.197136
2.197011
2.196857
2.196674
2.196462
2.196221
2.195950
2.195651
2.195323
2.194966
2.194580
2.194165
2.193722
2.193251
2.192751
2.192223
2.191666
2.191081
2.190469
2.189828
2.189160
2.188463
2.187739
2.186987
2.186208
2.185401
2.184567
2.183706
2.182817
2.181901
2.180959
2.179989
2.178992
2.177969
2.176919
2.175843
2.174740
2.173610
2.172454
2.171272
2.170064
2.168830
2.167570
2.166284
2.164973
2.163635
2.162273
2.160884
2.159470
2.158031
2.156567
2.155078
2.153563
2.152024
2.150460
2.148871
2.147258
2.145620
2.143957
2.142270
2.140559
2.138824
2.137065
2.135282
2.133474
2.131644
2.129789
2.127911
2.126009
2.124084
2.122136
2.120165
2.118170
2.116152
2.114112
2.112049
2.109963
2.107854
2.105723
2.103569
2.101394
2.099196
2.096976
2.094733
2.092469
2.090184
2.087876
2.085547
2.083196
2.080824
2.078430
2.076016
2.073580
2.071123
2.068645
2.066147
2.063628
2.061088
2.058527
2.055946
2.053345
2.050724
2.048082
2.045421
2.042739
2.040038
2.037317
2.034576
2.031816
2.029037
2.026238
2.023419
2.020582
2.017726
2.014851
1.913875
1.822647
1.740198
1.665651
1.598221
1.537196
1.481937
1.431869
1.386473
1.345282
1.307875
1.273874
1.242937
1.214756
1.189056
1.165586
1.144124
1.124467
1.106434
1.089860
1.074599
1.060519
1.047500
1.035436
1.024229
1.013794
1.004052
0.994933
0.986375
0.978321
0.970720
0.963526
0.956699
0.950202
0.944001
0.938068
0.932375
0.926899
0.921619
0.916515
0.911570
0.906770
0.902100
0.897548
0.893103
0.888756
0.884498
0.880321
0.876218
0.872183
0.868211
0.864297
0.860436
0.856625
0.852860
0.849139
0.845458
0.841816
0.838210
0.834638
0.831100
0.827593
0.824117
0.820670
0.817252
0.813861
0.810497
0.807160
0.803848
0.800562
0.797301
0.794065
0.790853
0.787665
0.784502
0.781362
0.778246
0.775154
0.772084
0.769039
0.766016
0.763017
0.760040
0.757087
0.754156
0.751248
0.748363
0.745501
0.742661
0.739844
0.737049
0.734276
0.731525
0.728796
0.726090
0.723405
0.720741
0.718099
0.715479
0.712879
0.710301
0.707743
0.705206
0.702690
0.700194
0.697718
0.695261
0.692825
0.690407
0.688009
0.685630
0.683270
0.680928
0.678604
0.676298
0.674010
0.671740
0.669486
0.667250
0.665030
0.662826
0.660639
0.658467
0.656311
0.654170
0.652044
0.649933
0.647835
0.645752
0.643683
0.641627
0.639585
0.637555
0.635537
0.633532
0.631539
0.629558
0.627588
0.625629
0.623680
0.621743
0.619815
0.617897
0.615989
0.614090
0.612200
0.610319
0.608446
0.606581
0.604724
0.602875
0.601033
0.599198
0.597370
0.595549
0.593733
0.591924
0.590120
0.588321
0.586528
0.584740
0.582956
0.581177
0.579402
0.577631
0.575863
0.574099
0.572339
0.570581
0.568826
0.567074
0.565324
0.563576
0.561830
0.560086
0.558343
0.556602
0.554862
0.553123
0.551385
0.549647
0.547910
0.546173
0.544435
0.542698
0.540961
0.539223
0.537485
0.535746
0.534006
0.532265
0.530523
0.528779
0.527035
0.525288
0.523540
0.521791
0.520039
0.518285
0.516529
0.514771
0.513010
0.511248
0.509482
0.507714
0.505943
0.504169
0.502393
0.500613
0.498831
0.497045
0.495256
0.493464
0.491668
0.489869
0.488067
0.486261
0.484451
0.482638
0.480821
0.479001
0.477176
0.475348
0.473517
0.471681
0.469841
0.467998
0.466150
0.464299
0.462443
0.460584
0.458721
0.456853
0.454982
0.453106
0.451226
0.449343
0.447455
0.445563
0.443667
0.441767
0.439863
0.437955
0.436043
0.434126
0.432206
0.430282
0.428354
0.426421
0.424485
0.422545
0.420601
0.418653
0.416701
0.414745
0.412785
0.410822
0.408855
0.406884
0.404909
0.402931
0.400949
0.398963
0.396974
0.394981
0.392985
0.390986
0.388983
0.386976
0.384966
0.382953
0.380937
0.378917
0.376894
0.374869
0.372840
0.370808
0.368773
0.366735
0.364694
0.362650
0.360604
0.358554
0.356502
0.354448
0.352391
0.350331
0.348268
0.346204
0.344137
0.342067
0.339995
0.337921
0.335845
0.333767
0.331686
0.329604
0.327519
0.325433
0.323344
0.321254
0.319162
0.317069
0.314973
0.312876
0.310778
0.308677
0.306576
0.304473
0.302368
0.300263
0.298156
0.296047
0.293938
0.291827
0.289716
0.287603
0.285490
0.283375
0.281260
0.279143
0.277026
0.274908
0.272790
0.270671
0.268551
0.266431
0.264310
0.262189
0.260067
0.257945
0.255823
0.253700
0.251577
0.249454
0.247331
0.245207
0.243084
0.240960
0.238837
0.236713
0.234590
0.232467
0.230344
0.228221
0.226098
0.223976
0.221854
0.219732
0.217611
0.215490
0.213369
0.211249
0.209130
0.207011
0.204892
0.202775
0.200657
0.198541
0.196425
0.194310
0.192196
0.190083
0.187970
0.185858
0.183747
0.181637
0.179528
0.177420
0.175313
0.173207
0.171101
0.168997
0.166894
0.164792
0.162692
0.160592
0.158493
0.156396
0.154300
0.152205
0.150111
0.148019
0.145927
0.143837
0.141749
0.139661
0.137575
0.135491
0.133408
0.131326
0.129245
0.127166
0.125088
0.123012
0.120937
0.118864
0.116792
0.114722
0.112653
0.110585
0.108520
0.106455
0.104392
0.102331
0.100271
0.098213
0.096156
0.094101
0.092047
0.089995
0.087945
0.085896
0.083849
0.081803
0.079759
0.077717
0.075676
0.073637
0.071599
0.069563
0.067529
0.065496
0.063465
0.061435
0.059407
0.057381
0.055356
0.053333
0.051311
0.049291
0.047273
0.045256
0.043241
0.041228
0.039216
0.037206
0.035197
0.033190
0.031185
0.029181
0.027178
0.025178
0.023179
0.021181
0.019185
0.017191
0.015198
0.013206
0.011217
0.009228
0.007242
0.005256
0.003273
0.001290
-0.000690
-0.002669
-0.004647
-0.006623
-0.008598
-0.010571
-0.012543
-0.014513
-0.016482
-0.018450
-0.020416
-0.022380
-0.024344
-0.026305
-0.028266
-0.030225
-0.032183
-0.034139
-0.036094
-0.038047
-0.040000
-0.041951
-0.043900
-0.045849
-0.047796
-0.049742
-0.051686
-0.053629
-0.055571
-0.057512
-0.059452
-0.061390
-0.063327
-0.065263
-0.067198
-0.069132
-0.071064
-0.072995
-0.074926
-0.076855
-0.078783
-0.080709
-0.082635
-0.084560
-0.086483
-0.088406
-0.090327
-0.092248
-0.094167
-0.096086
-0.098003
-0.099920
-0.101835
-0.103750
-0.105664
-0.107576
-0.109488
-0.111399
-0.113309
-0.115218
-0.117126
-0.119034
-0.120940
-0.122846
-0.124751
-0.126655
-0.128558
-0.130461
-0.132362
-0.134263
-0.136164
-0.138063
-0.139962
-0.141860
-0.143757
-0.145654
-0.147550
-0.149446
-0.151340
-0.153234
-0.155128
-0.157021
-0.158913
-0.160805
-0.162696
-0.164586
-0.166476
-0.168366
-0.170255
-0.172143
-0.174031
-0.175919
-0.177806
-0.179692
-0.181578
-0.183464
-0.185349
-0.187234
-0.189119
-0.191003
-0.192886
-0.194770
-0.196653
-0.198535
-0.200417
-0.202299
-0.204181
-0.206062
-0.207943
-0.209824
-0.211705
-0.213585
-0.215465
-0.217345
-0.219224
-0.221104
-0.222983
-0.224862
-0.226741
-0.228619
-0.230498
-0.232376
-0.234255
-0.236133
-0.238011
-0.239889
-0.241766
-0.243644
-0.245522
-0.247399
-0.249277
-0.251155
-0.253032
-0.254910
-0.256787
-0.258665
-0.260542
-0.262420
-0.264297
-0.266175
-0.268053
-0.269930
-0.271808
-0.273686
-0.275564
-0.277442
-0.279320
-0.281198
-0.283077
-0.284955
-0.286834
-0.288713
-0.290592
-0.292471
-0.294351
-0.296230
-0.298110
-0.299990
-0.301870
-0.303750
-0.305631
-0.307512
-0.309393
-0.311274
-0.313156
-0.315038
-0.316920
-0.318802
-0.320685
-0.322568
-0.324451
-0.326335
-0.328219
-0.330103
-0.331988
-0.333873
-0.335758
-0.337644
-0.339530
-0.341416
-0.343303
-0.345190
-0.347078
-0.348966
-0.350854
-0.352743
-0.354632
-0.356522
-0.358411
-0.360302
-0.362193
-0.364084
-0.365976
-0.367868
-0.369760
-0.371654
-0.373547
-0.375441
-0.377336
-0.379231
-0.381126
-0.383022
-0.384918
-0.386815
-0.388713
-0.390611
-0.392509
-0.394408
-0.396307
-0.398207
-0.400108
-0.402009
-0.403910
-0.405812
-0.407715
-0.409618
-0.411522
-0.413426
-0.415331
-0.417236
-0.419142
-0.421049
-0.422956
-0.424863
-0.426771
-0.428680
-0.430589
-0.432499
-0.434409
-0.436320
-0.438232
-0.440144
-0.442056
-0.443970
-0.445883
-0.447798
-0.449713
-0.451628
-0.453544
-0.455461
-0.457378
-0.459296
-0.461214
-0.463133
-0.465053
-0.466973
-0.468894
-0.470815
-0.472737
-0.474659
-0.476582
-0.478506
-0.480430
-0.482355
-0.484280
-0.486206
-0.488132
-0.490059
-0.491987
-0.493915
-0.495843
-0.497772
-0.499702
-0.501632
-0.503563
-0.505495
-0.507426
-0.509359
-0.511292
-0.513225
-0.515159
-0.517094
-0.519029
-0.520965
-0.522901
-0.524837
-0.526774
-0.528712
-0.530650
-0.532588
-0.534527
-0.536467
-0.538407
-0.540347
-0.542288
-0.544230
-0.546172
-0.548114
-0.550056
-0.552000
-0.553943
-0.555887
-0.557832
-0.559776
-0.561721
-0.563667
-0.565613
-0.567559
-0.569506
-0.571453
-0.573401
-0.575348
-0.577296
-0.579245
-0.581194
-0.583143
-0.585092
-0.587042
-0.588992
-0.590942
-0.592892
-0.594843
-0.596794
-0.598745
-0.600697
-0.602649
-0.604601
-0.606553
-0.608505
-0.610457
-0.612410
-0.614363
-0.616316
-0.618269
-0.620222
-0.622175
-0.624129
-0.626082
-0.628036
-0.629990
-0.631943
-0.633897
-0.635851
-0.637805
-0.639758
-0.641712
-0.643666
-0.645620
-0.647573
-0.649527
-0.651480
-0.653434
-0.655387
-0.657340
-0.659294
-0.661246
-0.663199
-0.665152
-0.667104
-0.669056
-0.671008
-0.672960
-0.674911
-0.676863
-0.678814
-0.680764
-0.682714
-0.684664
-0.686614
-0.688563
-0.690512
-0.692460
-0.694408
-0.696356
-0.698303
-0.700250
-0.702196
-0.704141
-0.706086
-0.708031
-0.709975
-0.711918
-0.713861
-0.715803
-0.717745
-0.719686
-0.721626
-0.723565
-0.725504
-0.727442
-0.729379
-0.731316
-0.733251
-0.735186
-0.737120
-0.739053
-0.740985
-0.742917
-0.744847
-0.746776
-0.748705
-0.750632
-0.752559
-0.754484
-0.756408
-0.758332
-0.760254
-0.762175
-0.764095
-0.766013
-0.767931
-0.769847
-0.771762
-0.773676
-0.775588
-0.777499
-0.779409
-0.781317
-0.783224
-0.785130
-0.787034
-0.788936
-0.790837
-0.792737
-0.794635
-0.796531
-0.798426
-0.800319
-0.802211
-0.804101
-0.805989
-0.807875
-0.809760
-0.811642
-0.813523
-0.815403
-0.817280
-0.819155
-0.821029
-0.822900
-0.824769
-0.826637
-0.828502
-0.830365
-0.832227
-0.834086
-0.835942
-0.837797
-0.839650
-0.841500
-0.843348
-0.845193
-0.847036
-0.848877
-0.850715
-0.852551
-0.854385
-0.856216
-0.858044
-0.859870
-0.861693
-0.863514
-0.865332
-0.867147
-0.868959
-0.870769
-0.872576
-0.874380
-0.876181
-0.877979
-0.879775
-0.881567
-0.883356
-0.885143
-0.886926
-0.888706
-0.890483
-0.892257
-0.894028
-0.895795
-0.897559
-0.899320
-0.901077
-0.902831
-0.904581
-0.906328
-0.908072
-0.909812
-0.911548
-0.913281
-0.915010
-0.916736
-0.918458
-0.920176
-0.921890
-0.923600
-0.925307
-0.927009
-0.928708
-0.930402
-0.932093
-0.933779
-0.935462
-0.937140
-0.938814
-0.940484
-0.942149
-0.943810
-0.945467
-0.947120
-0.948768
-0.950411
-0.952050
-0.953685
-0.955314
-0.956940
-0.958560
-0.960176
-0.961787
-0.963393
-0.964995
-0.966591
-0.968183
-0.969769
-0.971351
-0.972928
-0.974499
-0.976065
-0.977626
-0.979182
-0.980733
-0.982278
-0.983818
-0.985352
-0.986881
-0.988405
-0.989923
-0.991435
-0.992942
-0.994443
-0.995939
-0.997428
0.201016
-1.145938
-1.131825
-1.119342
-1.108318
-1.098599
-1.090048
-1.082542
-1.075972
0.129658
-1.210827
-1.190921
-1.173251
-1.157580
-1.143701
-1.131423
0.079291
-1.256614
-1.232608
-1.211266
-1.192308
-1.175485
0.039277
-1.292980
-1.265708
-1.241443
-1.219869
-0.000872
-1.329317
-1.298634
-1.271316
-1.247009
-0.025584
-1.351834
-1.319189
-1.290114
-0.064434
-1.386862
-1.350796
-1.318659
-0.090252
-1.410225
-1.371961
-1.337857
-0.107704
-1.426099
-1.386424
-1.351057
-0.119784
-1.437166
-1.396582
-1.360403
-0.128414
-1.445143
-1.403975
-0.167528
-1.480261
-1.435514
-1.395608
-0.160300
-1.474044
-1.430199
-0.191372
-1.501962
-1.455292
-1.413663
-0.176828
-1.489194
-1.444109
-0.204184
-1.513784
-1.466218
-1.423788
-0.186243
-1.497970
-1.452303
-0.211863
-1.521001
-1.473009
-0.230492
-1.537771
-1.488110
-1.443801
-0.204581
-1.514813
-1.467786
-0.226133
-1.534192
-1.485213
-1.441511
-0.202830
-1.513557
-1.466954
-0.225674
-1.534082
-1.485392
-1.441946
-0.203487
-1.514430
-1.467995
-0.226857
-1.535412
-1.486829
-1.443473
-0.205082
-1.516109
-1.469724
-1.428331
-0.191687
-1.504294
-1.459305
-1.419158
-0.183617
-1.497231
-1.453123
-1.413760
-0.178909
-1.493160
-1.449601
-1.410727
-0.176298
-1.490948
-1.447726
-1.409148
-1.374725
-0.144260
-1.462485
-1.422436
-1.386691
-1.354796
-0.126572
-1.446833
-1.408576
-1.374429
-1.343956
-1.316771
-0.092732
-1.416777
-1.381871
-1.350712
-1.322904
-1.298095
-1.275966
-0.056415
-1.384522
-1.353207
-1.325249
-1.300294
-1.278026
-1.258158
-1.240438
-1.224637
-1.210552
-1.198001
-1.186819
-1.176861
-1.167995
-1.160106
-1.153087
-1.146844
-1.141295
-1.136363
-1.131982
-1.128090
-1.124635
-1.121567
-1.118844
-1.116426
-1.114280
-1.112374
-1.110681
-1.109176
-1.107836
-1.106642
-1.105576
-1.104622
-1.103766
-1.102994
-1.102297
-1.101664
-1.101084
-1.100551
-1.100058
-1.099597
-1.099162
-1.098749
-1.098353
-1.097970
-1.097596
-1.097228
-1.096863
-1.096497
-1.096130
-1.095758
-1.095381
-1.094995
-1.094600
-1.094195
-1.093777
-1.093347
-1.092903
-1.092445
-1.091971
-1.091481
-1.090975
-1.090452
-1.089911
-1.089352
-1.088774
-1.088179
-1.087564
-1.086930
-1.086277
-1.085605
-1.084912
-1.084200
-1.083468
-1.082716
-1.081944
-1.081152
-1.080339
-1.079507
-1.078653
-1.077780
-1.076886
-1.075972
-1.075037
-1.074081
-1.073106
-1.072109
-1.071093
-1.070056
-1.068998
-1.067920
-1.066821
-1.065703
-1.064563
-1.063404
-1.062223
-1.061023
-1.059802
-1.058561
-1.057300
-1.056018
-1.054716
-1.053394
-1.052052
-1.050689
-1.049306
-1.047903
-1.046480
-1.045037
-1.043574
-1.042091
-1.040587
-1.039064
-1.037521
-1.035957
-1.034374
-1.032771
-1.031148
-1.029505
-1.027842
-1.026159
-1.024456
-1.022734
-1.020992
-1.019230
-1.017448
-1.015647
-1.013826
-1.011985
-1.010125
-1.008245
-1.006345
-1.004426
-1.002487
-1.000528
-0.998551
-0.996553
-0.994536
-0.992500
-0.990444
-0.988369
-0.986275
-0.984161
-0.982027
-0.979875
-0.977703
-0.975512
-0.973301
-0.971072
-0.968823
-0.966555
-0.964268
-0.961962
-0.959636
-0.957292
-0.954928
-0.952546
-0.950145
-0.947724
-0.945285
-0.942827
-0.940350
-0.937854
-0.935339
-0.932805
-0.930253
-0.927682
-0.925092
-0.922484
-0.919857
-0.917211
-0.914547
-0.911864
-0.909163
-0.906444
-0.903706
-0.900949
-0.898174
-0.895381
-0.892570
-0.889740
-0.886892
-0.884026
-0.881142
-0.878240
-0.875319
-0.872381
-0.869425
-0.866451
-0.863459
-0.860449
-0.857421
-0.854375
-0.851312
-0.848231
-0.845133
-0.842017
-0.838883
-0.835732
-0.832564
-0.829378
-0.826175
-0.822954
-0.819716
-0.816461
-0.813189
-0.809900
-0.806594
-0.803271
-0.799931
-0.796574
-0.793200
-0.789810
-0.786403
-0.782979
-0.779538
-0.776082
-0.772608
-0.769118
-0.765612
-0.762090
-0.758551
-0.754997
-0.751426
-0.747839
-0.744236
-0.740617
-0.736983
-0.733332
-0.729666
-0.725984
-0.722287
-0.718574
-0.714846
-0.711103
-0.707344
-0.703570
-0.699781
-0.695976
-0.692157
-0.688323
-0.684474
-0.680610
-0.676731
-0.672838
-0.668930
-0.665008
-0.661072
-0.657121
-0.653156
-0.649176
-0.645183
-0.641176
-0.637155
-0.633119
-0.629071
-0.625008
-0.620932
-0.616843
-0.612740
-0.608623
-0.604494
-0.600351
-0.596196
-0.592027
-0.587846
-0.583651
-0.579444
-0.575225
-0.570993
-0.566748
-0.562491
-0.558222
-0.553941
-0.549647
-0.545342
-0.541025
-0.536696
-0.532356
-0.528004
-0.523640
-0.519265
-0.514879
-0.510481
-0.506073
-0.501653
-0.497223
-0.492782
-0.488330
-0.483868
-0.479395
-0.474912
-0.470418
-0.465915
-0.461401
-0.456877
-0.452344
-0.447801
-0.443248
-0.438685
-0.434114
-0.429532
-0.424942
-0.420343
-0.415734
-0.411117
-0.406491
-0.401856
-0.397213
-0.392561
-0.387901
-0.383233
-0.378556
-0.373872
-0.369180
-0.364480
-0.359772
-0.355057
-0.350334
-0.345604
-0.340867
-0.336123
-0.331372
-0.326614
-0.321849
-0.317077
-0.312299
-0.307515
-0.302724
-0.297928
-0.293125
-0.288316
-0.283501
-0.278681
-0.273855
-0.269024
-0.264187
-0.259345
-0.254498
-0.249647
-0.244790
-0.239928
-0.235062
-0.230191
-0.225316
-0.220437
-0.215554
-0.210666
-0.205775
-0.200880
-0.195981
-0.191078
-0.186173
-0.181264
-0.176351
-0.171436
-0.166518
-0.161597
-0.156673
-0.151747
-0.146818
-0.141887
-0.136954
-0.132018
-0.127081
-0.122142
-0.117201
-0.112258
-0.107314
-0.102369
-0.097422
-0.092475
-0.087526
-0.082577
-0.077626
-0.072675
-0.067724
-0.062772
-0.057820
-0.052868
-0.047916
-0.042964
-0.038012
-0.033060
-0.028109
-0.023159
-0.018209
-0.013260
-0.008312
-0.003366
0.001580
0.006524
0.011467
0.016409
0.021348
0.026286
0.031222
0.036156
0.041088
0.046018
0.050945
0.055869
0.060791
0.065711
0.070627
0.075541
0.080451
0.085358
0.090262
0.095162
0.100059
0.104952
0.109841
0.114727
0.119608
0.124485
0.129358
0.134227
0.139091
0.143951
0.148805
0.153655
0.158500
0.163340
0.168175
0.173004
0.177829
0.182647
0.187460
0.192267
0.197069
0.201864
0.206654
0.211437
0.216214
0.220984
0.225749
0.230506
0.235257
0.240001
0.244738
0.249468
0.254191
0.258906
0.263614
0.268315
0.273008
0.277694
0.282372
0.287042
0.291704
0.296358
0.301003
0.305641
0.310270
0.314890
0.319502
0.324105
0.328700
0.333286
0.337862
0.342430
0.346988
0.351537
0.356077
0.360607
0.365128
0.369639
0.374140
0.378631
0.383113
0.387584
0.392046
0.396497
0.400938
0.405368
0.409788
0.414197
0.418596
0.422984
0.427361
0.431727
0.436082
0.440425
0.444758
0.449080
0.453390
0.457688
0.461975
0.466251
0.470514
0.474766
0.479006
0.483234
0.487450
0.491654
0.495846
0.500025
0.504192
0.508346
0.512488
0.516618
0.520735
0.524839
0.528930
0.533008
0.537073
0.541126
0.545165
0.549191
0.553203
0.557203
0.561189
0.565161
0.569120
0.573065
0.576997
0.580914
0.584818
0.588708
0.592584
0.596446
0.600294
0.604128
0.607948
0.611753
0.615544
0.619320
0.623082
0.626830
0.630563
0.634281
0.637985
0.641673
0.645347
0.649006
0.652650
0.656279
0.659893
0.663492
0.667076
0.670644
0.674197
0.677735
0.681257
0.684764
0.688256
0.691732
0.695192
0.698637
0.702066
0.705479
0.708877
0.712258
0.715624
0.718974
0.722308
0.725625
0.728927
0.732213
0.735482
0.738736
0.741973
0.745194
0.748398
0.751586
0.754758
0.757913
0.761052
0.764174
0.767280
0.770369
0.773442
0.776498
0.779537
0.782559
0.785565
0.788554
0.791526
0.794481
0.797420
0.800341
0.803245
0.806133
0.809003
0.811857
0.814693
0.817513
0.820315
0.823100
0.825868
0.828618
0.831352
0.834068
0.836767
0.839448
0.842113
0.844760
0.847389
0.850001
0.852596
0.855174
0.857734
0.860276
0.862801
0.865309
0.867799
0.870271
0.872726
0.875164
0.877584
0.879986
0.882370
0.884738
0.887087
0.889419
0.891733
0.894030
0.896308
0.898570
0.900813
0.903039
0.905247
0.907437
0.909610
0.911765
0.913902
0.916022
0.918124
0.920208
0.922274
0.924322
0.926353
0.928366
0.930361
0.932339
0.934299
0.936241
0.938165
0.940071
0.941960
0.943831
0.945684
0.947519
0.949337
0.951137
0.952919
0.954683
0.956430
0.958159
0.959870
0.961564
0.963239
0.964898
0.966538
0.968161
0.969766
0.971353
0.972923
0.974475
0.976009
0.977526
0.979025
0.980506
0.981970
0.983417
0.984846
0.986257
0.987650
0.989027
0.990385
0.991726
0.993050
0.994356
0.995645
0.996916
0.998170
0.999406
1.000625
1.001827
1.003011
1.004179
1.005328
1.006461
1.007576
1.008674
1.009754
1.010818
1.011864
1.012893
1.013905
1.014900
1.015878
1.016839
1.017783
1.018709
1.019619
1.020512
1.021388
1.022247
1.023089
1.023914
1.024722
1.025514
1.026288
1.027046
1.027787
1.028512
1.029220
1.029911
1.030586
1.031244
1.031885
1.032510
1.033119
1.033711
1.034287
1.034846
1.035389
1.035916
1.036426
1.036920
1.037398
1.037859
1.038305
1.038734
1.039148
1.039545
1.039926
1.040291
1.040641
1.040974
1.041292
1.041593
1.041879
1.042150
1.042404
1.042643
1.042866
1.043073
1.043265
1.043442
1.043603
1.043748
1.043878
1.043993
1.044093
1.044177
1.044246
1.044299
1.044338
1.044361
1.044369
1.044363
1.044341
1.044304
1.044253
1.044186
1.044105
1.044009
1.043898
1.043772
1.043632
1.043478
1.043308
1.043124
1.042926
1.042713
1.042486
1.042245
1.041989
1.041719
1.041435
1.041136
1.040824
1.040497
1.040157
1.039802
1.039434
1.039052
1.038655
1.038246
1.037822
1.037385
1.036934
1.036469
1.035991
1.035499
1.034994
1.034476
1.033944
1.033399
1.032841
1.032269
1.031685
1.031087
1.030476
1.029852
1.029216
1.028566
1.027903
1.027228
1.026540
1.025839
1.025126
1.024400
1.023661
1.022910
1.022147
1.021371
1.020583
1.019782
1.018970
1.018145
1.017308
1.016459
1.015597
1.014724
1.013839
1.012942
1.012034
1.011113
1.010181
1.009237
1.008281
1.007314
1.006336
1.005346
1.004344
1.003331
1.002307
1.001272
1.000225
0.999168
0.998099
0.997019
0.995928
0.994827
0.993714
0.992591
0.991457
0.990312
0.989156
0.987990
0.986813
0.985626
0.984429
0.983221
0.982002
0.980774
0.979535
0.978286
0.977027
0.975757
0.974478
0.973189
0.971890
0.970581
0.969262
0.967934
0.966595
0.965248
0.963890
0.962523
0.961147
0.959761
0.958366
0.956961
0.955547
0.954124
0.952692
0.951251
0.949801
0.948342
0.946873
0.945396
0.943910
0.942416
0.940912
0.939400
0.937879
0.936350
0.934812
0.933266
0.931711
0.930148
0.928577
0.926997
0.925410
0.923814
0.922210
0.920598
0.918978
0.917350
0.915714
0.914071
0.912419
0.910760
0.909094
0.907419
0.905737
0.904048
0.902351
0.900647
0.898935
0.897217
0.895490
0.893757
0.892017
0.890269
0.888515
0.886753
0.884985
0.883209
0.881427
0.879638
0.877843
0.876040
0.874231
0.872416
0.870594
0.868765
0.866930
0.865089
0.863242
0.861388
0.859528
0.857662
0.855789
0.853911
0.852026
0.850136
0.848240
0.846338
0.844430
0.842516
0.840597
0.838671
0.836741
0.834805
0.832863
0.830915
0.828963
0.827005
0.825041
0.823073
0.821099
0.819120
0.817136
0.815147
0.813152
0.811153
0.809149
0.807140
0.805126
0.803107
0.801084
0.799056
0.797023
0.794986
0.792944
0.790897
0.788846
0.786791
0.784731
0.782667
0.780599
0.778526
0.776450
0.774369
0.772284
0.770195
0.768102
0.766005
0.763904
0.761799
0.759690
0.757578
0.755462
0.753342
0.751218
0.749091
0.746961
0.744826
0.742689
0.740548
0.738403
0.736255
0.734104
0.731950
0.729792
0.727631
0.725467
0.723300
0.721130
0.718957
0.716781
0.714602
0.712420
0.710235
0.708047
0.705857
0.703664
0.701468
0.699270
0.697069
0.694865
0.692659
0.690450
0.688239
0.686026
0.683810
0.681591
0.679371
0.677148
0.674923
0.672696
0.670467
0.668235
0.666002
0.663766
0.661529
0.659289
0.657048
0.654805
0.652560
0.650313
0.648064
0.645814
0.643562
0.641308
0.639052
0.636795
0.634537
0.632277
0.630015
0.627752
0.625487
0.623222
0.620954
0.618686
0.616416
0.614145
0.611873
0.609599
0.607324
0.605049
0.602772
0.600494
0.598215
0.595935
0.593654
0.591372
0.589089
0.586806
0.584521
0.582236
0.579950
0.577663
0.575376
0.573088
0.570799
0.568509
0.566219
0.563929
0.561637
0.559346
0.557054
0.554761
0.552468
0.550175
0.547881
0.545587
0.543292
0.540997
0.538703
0.536407
0.534112
0.531816
0.529521
0.527225
0.524929
0.522633
0.520337
0.518040
0.515744
0.513448
0.511152
0.508856
0.506561
0.504265
0.501969
0.499674
0.497379
0.495084
0.492789
0.490495
0.488201
0.485907
0.483613
0.481320
0.479027
0.476735
0.474443
0.472152
0.469861
0.467570
0.465280
0.462991
0.460702
0.458414
0.456126
0.453839
0.451552
0.449267
0.446982
0.444697
0.442413
0.440130
0.437848
0.435567
0.433286
0.431006
0.428727
0.426449
0.424172
0.421895
0.419620
0.417345
0.415072
0.412799
0.410527
0.408256
0.405987
0.403718
0.401450
0.399184
0.396918
0.394653
0.392390
0.390128
0.387866
0.385606
0.383347
0.381090
0.378833
0.376578
0.374324
0.372071
0.369819
0.367569
0.365319
0.363072
0.360825
0.358580
0.356336
0.354093
0.351852
0.349612
0.347373
0.345136
0.342900
0.340666
0.338432
0.336201
0.333971
0.331742
0.329515
0.327289
0.325064
0.322841
0.320620
0.318400
0.316182
0.313965
0.311750
0.309536
0.307323
0.305113
0.302904
0.300696
0.298490
0.296286
0.294083
0.291882
0.289682
0.287484
0.285288
0.283093
0.280900
0.278708
0.276518
0.274330
0.272144
0.269959
0.267776
0.265594
0.263414
0.261236
0.259060
0.256885
0.254712
0.252541
0.250371
0.248203
0.246037
0.243873
0.241710
0.239549
0.237390
0.235233
0.233077
0.230923
0.228771
0.226620
0.224472
0.222325
0.220179
0.218036
0.215894
0.213755
0.211616
0.209480
0.207346
0.205213
0.203082
0.200953
0.198825
0.196700
0.194576
0.192454
0.190333
0.188215
0.186098
0.183983
0.181870
0.179758
0.177649
0.175541
0.173435
0.171331
0.169228
0.167128
0.165029
0.162932
0.160836
0.158743
0.156651
0.154561
0.152473
0.150386
0.148302
0.146219
0.144137
0.142058
0.139980
0.137904
0.135830
0.133758
0.131687
0.129618
0.127551
0.125486
0.123422
0.121360
0.119300
0.117242
0.115185
0.113130
0.111076
0.109025
0.106975
0.104927
0.102880
0.100835
0.098792
0.096751
0.094711
0.092673
0.090637
0.088602
0.086569
0.084537
0.082507
0.080479
0.078453
0.076428
0.074405
0.072383
0.070363
0.068344
0.066328
0.064312
0.062299
0.060287
0.058276
0.056267
0.054260
0.052254
0.050250
0.048247
0.046246
0.044247
0.042248
0.040252
0.038257
0.036263
0.034271
0.032280
0.030291
0.028304
0.026318
0.024333
0.022349
0.020368
0.018387
0.016408
0.014431
0.012454
0.010480
0.008506
0.006534
0.004564
0.002594
0.000626
-0.001340
-0.003305
-0.005269
-0.007232
-0.009193
-0.011153
-0.013112
-0.015069
-0.017025
-0.018980
-0.020934
-0.022886
-0.024837
-0.026787
-0.028735
-0.030683
-0.032629
-0.034574
-0.036518
-0.038461
-0.040402
-0.042343
-0.044282
-0.046220
-0.048157
-0.050093
-0.052027
-0.053961
-0.055894
-0.057825
-0.059755
-0.061685
-0.063613
-0.065540
-0.067467
-0.069392
-0.071316
-0.073239
-0.075162
-0.077083
-0.079003
-0.080923
-0.082841
-0.084759
-0.086675
-0.088591
-0.090506
-0.092420
-0.094333
-0.096245
-0.098156
-0.100067
-0.101976
-0.103885
-0.105793
-0.107700
-0.109606
-0.111512
-0.113417
-0.115321
-0.117224
-0.119127
-0.121029
-0.122930
-0.124830
-0.126730
-0.128629
-0.130527
-0.132425
-0.134322
-0.136219
-0.138114
-0.140009
-0.141904
-0.143798
-0.145691
-0.147584
-0.149476
-0.151368
-0.153259
-0.155150
-0.157040
-0.158929
-0.160818
-0.162707
-0.164595
-0.166482
-0.168370
-0.170256
-0.172143
-0.174028
-0.175914
-0.177799
-0.179683
-0.181568
-0.183451
-0.185335
-0.187218
-0.189101
-0.190983
-0.192865
-0.194747
-0.196629
-0.198510
-0.200391
-0.202272
-0.204152
-0.206032
-0.207912
-0.209792
-0.211671
-0.213551
-0.215430
-0.217309
-0.219187
-0.221066
-0.222944
-0.224823
-0.226701
-0.228579
-0.230457
-0.232334
-0.234212
-0.236090
-0.237967
-0.239845
-0.241722
-0.243599
-0.245476
-0.247354
-0.249231
-0.251108
-0.252985
-0.254863
-0.256740
-0.258617
-0.260494
-0.262372
-0.264249
-0.266127
-0.268004
-0.269882
-0.271759
-0.273637
-0.275515
-0.277393
-0.279271
-0.281149
-0.283028
-0.284906
-0.286785
-0.288664
-0.290543
-0.292422
-0.294302
-0.296181
-0.298061
-0.299941
-0.301821
-0.303702
-0.305583
-0.307464
-0.309345
-0.311226
-0.313108
-0.314990
-0.316872
-0.318755
-0.320638
-0.322521
-0.324405
-0.326288
-0.328173
-0.330057
-0.331942
-0.333827
-0.335712
-0.337598
-0.339485
-0.341371
-0.343258
-0.345146
-0.347033
-0.348921
-0.350810
-0.352699
-0.354588
-0.356478
-0.358368
-0.360259
-0.362150
-0.364041
-0.365933
-0.367826
-0.369719
-0.371612
-0.373506
-0.375400
-0.377295
-0.379190
-0.381085
-0.382982
-0.384878
-0.386775
-0.388673
-0.390571
-0.392470
-0.394369
-0.396269
-0.398169
-0.400070
-0.401971
-0.403873
-0.405775
-0.407678
-0.409581
-0.411485
-0.413389
-0.415294
-0.417200
-0.419106
-0.421013
-0.422920
-0.424828
-0.426736
-0.428645
-0.430554
-0.432464
-0.434375
-0.436286
-0.438198
-0.440110
-0.442023
-0.443936
-0.445850
-0.447765
-0.449680
-0.451596
-0.453512
-0.455429
-0.457347
-0.459265
-0.461183
-0.463102
-0.465022
-0.466942
-0.468863
-0.470785
-0.472707
-0.474630
-0.476553
-0.478476
-0.480401
-0.482326
-0.484251
-0.486177
-0.488104
-0.490031
-0.491959
-0.493887
-0.495816
-0.497745
-0.499675
-0.501606
-0.503537
-0.505468
-0.507400
-0.509333
-0.511266
-0.513200
-0.515134
-0.517069
-0.519004
-0.520940
-0.522876
-0.524813
-0.526750
-0.528688
-0.530626
-0.532565
-0.534504
-0.536444
-0.538384
-0.540325
-0.542266
-0.544207
-0.546149
-0.548092
-0.550035
-0.551978
-0.553922
-0.555866
-0.557810
-0.559755
-0.561701
-0.563647
-0.565593
-0.567539
-0.569486
-0.571433
-0.573381
-0.575329
-0.577277
-0.579226
-0.581175
-0.583124
-0.585074
-0.587024
-0.588974
-0.590924
-0.592875
-0.594826
-0.596777
-0.598728
-0.600680
-0.602632
-0.604584
-0.606536
-0.608489
-0.610441
-0.612394
-0.614347
-0.616300
-0.618254
-0.620207
-0.622161
-0.624114
-0.626068
-0.628022
-0.629975
-0.631929
-0.633883
-0.635837
-0.637791
-0.639745
-0.641699
-0.643653
-0.645607
-0.647561
-0.649515
-0.651468
-0.653422
-0.655375
-0.657329
-0.659282
-0.661235
-0.663188
-0.665141
-0.667093
-0.669046
-0.670998
-0.672950
-0.674901
-0.676853
-0.678804
-0.680754
-0.682705
-0.684655
-0.686605
-0.688554
-0.690503
-0.692451
-0.694400
-0.696347
-0.698294
-0.700241
-0.702188
-0.704133
-0.706078
-0.708023
-0.709967
-0.711911
-0.713854
-0.715796
-0.717738
-0.719679
-0.721619
-0.723558
-0.725497
-0.727435
-0.729373
-0.731309
-0.733245
-0.735180
-0.737114
-0.739047
-0.740980
-0.742911
-0.744842
-0.746771
-0.748700
-0.750627
-0.752554
-0.754479
-0.756404
-0.758327
-0.760249
-0.762170
-0.764090
-0.766009
-0.767927
-0.769843
-0.771758
-0.773672
-0.775584
-0.777495
-0.779405
-0.781314
-0.783221
-0.785126
-0.787030
-0.788933
-0.790834
-0.792734
-0.794632
-0.796528
-0.798423
-0.800317
-0.802208
-0.804098
-0.805986
-0.807873
-0.809757
-0.811640
-0.813521
-0.815400
-0.817278
-0.819153
-0.821027
-0.822898
-0.824768
-0.826635
-0.828500
-0.830364
-0.832225
-0.834084
-0.835941
-0.837796
-0.839648
-0.841498
-0.843346
-0.845192
-0.847035
-0.848876
-0.850714
-0.852550
-0.854384
-0.856215
-0.858043
-0.859869
-0.861692
-0.863513
-0.865331
-0.867146
-0.868958
-0.870768
-0.872575
-0.874379
-0.876180
-0.877979
-0.879774
-0.881566
-0.883356
-0.885142
-0.886925
-0.888706
-0.890483
-0.892256
-0.894027
-0.895794
-0.897558
-0.899319
-0.901076
-0.902830
-0.904581
-0.906328
-0.908072
-0.909812
-0.911548
-0.913281
-0.915010
-0.916735
-0.918457
-0.920175
-0.921889
-0.923600
-0.925306
-0.927009
-0.928707
-0.930402
-0.932092
-0.933779
-0.935461
-0.937139
-0.938813
-0.940483
-0.942149
-0.943810
-0.945467
-0.947119
-0.948767
-0.950411
-0.952050
-0.953684
-0.955314
-0.956939
-0.958560
-0.960175
-0.961787
-0.963393
-0.964994
-0.966591
-0.968182
-0.969769
-0.971350
-0.972927
-0.974498
-0.976065
-0.977626
-0.979182
-0.980732
-0.982277
-0.983817
-0.985352
-0.986881
-0.988404
-0.989922
-0.991435
-0.992941
-0.994443
-0.995938
-0.997427
0.201017
-1.145937
-1.131824
-1.119341
-1.108317
-1.098598
-1.090047
-1.082542
-1.075971
0.129659
-1.210827
-1.190921
-1.173250
-1.157579
-1.143700
-1.131423
0.079292
-1.256613
-1.232607
-1.211265
-1.192307
-1.175484
0.039278
-1.292979
-1.265707
-1.241442
-1.219868
-0.000871
-1.329316
-1.298633
-1.271315
-1.247008
-0.025582
-1.351833
-1.319188
-1.290113
-0.064433
-1.386861
-1.350795
-1.318658
-0.090251
-1.410224
-1.371960
-1.337856
-0.107702
-1.426098
-1.386422
-1.351056
-0.119783
-1.437164
-1.396581
-1.360402
-0.128413
-1.445142
-1.403974
-0.167527
-1.480260
-1.435513
-1.395606
-0.160299
-1.474042
-1.430198
-0.191371
-1.501961
-1.455291
-1.413662
-0.176827
-1.489193
-1.444108
-0.204183
-1.513783
-1.466217
-1.423786
-0.186241
-1.497969
-1.452301
-0.211862
-1.520999
-1.473008
-0.230491
-1.537770
-1.488109
-1.443800
-0.204579
-1.514812
-1.467785
-0.226132
-1.534191
-1.485212
-1.441510
-0.202829
-1.513556
-1.466953
-0.225673
-1.534081
-1.485391
-1.441945
-0.203486
-1.514428
-1.467994
-0.226856
-1.535411
-1.486828
-1.443472
-0.205081
-1.516108
-1.469723
-1.428330
-0.191686
-1.504293
-1.459304
-1.419157
-0.183616
-1.497230
-1.453122
-1.413759
-0.178908
-1.493159
-1.449600
-1.410726
-0.176297
-1.490947
-1.447725
-1.409147
-1.374724
-0.144259
-1.462484
-1.422435
-1.386690
-1.354796
-0.126571
-1.446832
-1.408576
-1.374428
-1.343956
-1.316771
-0.092732
-1.416777
-1.381871
-1.350711
-1.322904
-1.298094
-1.275966
-0.056415
-1.384522
-1.353206
-1.325249
-1.300294
-1.278025
-1.258158
-1.240438
-1.224637
-1.210552
-1.198001
-1.186819
-1.176861
-1.167995
-1.160106
-1.153087
-1.146844
-1.141295
-1.136363
-1.131982
-1.128090
-1.124635
-1.121567
-1.118844
-1.116426
-1.114280
-1.112375
-1.110681
-1.109176
-1.107836
-1.106642
-1.105576
-1.104622
-1.103766
-1.102995
-1.102298
-1.101664
-1.101085
-1.100552
-1.100058
-1.099597
-1.099163
-1.098750
-1.098354
-1.097971
-1.097597
-1.097229
-1.096863
-1.096498
-1.096131
-1.095759
-1.095382
-1.094996
-1.094601
-1.094196
-1.093778
-1.093348
-1.092904
-1.092446
-1.091972
-1.091482
-1.090976
-1.090453
-1.089912
-1.089353
-1.088776
-1.088180
-1.087565
-1.086932
-1.086279
-1.085606
-1.084914
-1.084202
-1.083470
-1.082718
-1.081946
-1.081154
-1.080341
-1.079508
-1.078655
-1.077782
-1.076888
-1.075973
-1.075038
-1.074083
-1.073107
-1.072111
-1.071095
-1.070058
-1.069000
-1.067922
-1.066823
-1.065705
-1.064565
-1.063406
-1.062226
-1.061025
-1.059805
-1.058563
-1.057302
-1.056020
-1.054719
-1.053396
-1.052054
-1.050692
-1.049309
-1.047906
-1.046483
-1.045040
-1.043577
-1.042093
-1.040590
-1.039067
-1.037524
-1.035960
-1.034377
-1.032774
-1.031151
-1.029508
-1.027845
-1.026162
-1.024459
-1.022737
-1.020995
-1.019233
-1.017451
-1.015650
-1.013829
-1.011988
-1.010128
-1.008248
-1.006348
-1.004429
-1.002490
-1.000532
-0.998554
-0.996557
-0.994540
-0.992504
-0.990448
-0.988373
-0.986278
-0.984164
-0.982031
-0.979878
-0.977707
-0.975516
-0.973305
-0.971076
-0.968827
-0.966559
-0.964272
-0.961966
-0.959640
-0.957296
-0.954933
-0.952550
-0.950149
-0.947728
-0.945289
-0.942831
-0.940354
-0.937858
-0.935343
-0.932810
-0.930257
-0.927686
-0.925097
-0.922488
-0.919861
-0.917216
-0.914552
-0.911869
-0.909168
-0.906448
-0.903710
-0.900954
-0.898179
-0.895386
-0.892575
-0.889745
-0.886897
-0.884031
-0.881147
-0.878245
-0.875324
-0.872386
-0.869430
-0.866456
-0.863464
-0.860454
-0.857426
-0.854381
-0.851317
-0.848237
-0.845138
-0.842022
-0.838889
-0.835737
-0.832569
-0.829383
-0.826180
-0.822960
-0.819722
-0.816467
-0.813195
-0.809906
-0.806600
-0.803277
-0.799937
-0.796580
-0.793206
-0.789816
-0.786408
-0.782985
-0.779544
-0.776087
-0.772614
-0.769124
-0.765618
-0.762096
-0.758557
-0.755003
-0.751432
-0.747845
-0.744242
-0.740623
-0.736989
-0.733338
-0.729672
-0.725991
-0.722294
-0.718581
-0.714853
-0.711109
-0.707350
-0.703576
-0.699787
-0.695983
-0.692163
-0.688329
-0.684480
-0.680616
-0.676738
-0.672845
-0.668937
-0.665015
-0.661078
-0.657128
-0.653162
-0.649183
-0.645190
-0.641183
-0.637161
-0.633126
-0.629078
-0.625015
-0.620939
-0.616850
-0.612747
-0.608630
-0.604501
-0.600358
-0.596203
-0.592034
-0.587853
-0.583658
-0.579451
-0.575232
-0.571000
-0.566755
-0.562498
-0.558229
-0.553948
-0.549655
-0.545350
-0.541032
-0.536704
-0.532363
-0.528011
-0.523647
-0.519272
-0.514886
-0.510489
-0.506080
-0.501661
-0.497231
-0.492789
-0.488338
-0.483875
-0.479403
-0.474919
-0.470426
-0.465922
-0.461409
-0.456885
-0.452351
-0.447808
-0.443255
-0.438693
-0.434121
-0.429540
-0.424950
-0.420350
-0.415742
-0.411125
-0.406499
-0.401864
-0.397221
-0.392569
-0.387909
-0.383241
-0.378564
-0.373880
-0.369188
-0.364488
-0.359780
-0.355065
-0.350342
-0.345612
-0.340875
-0.336131
-0.331380
-0.326622
-0.321857
-0.317085
-0.312307
-0.307523
-0.302732
-0.297936
-0.293133
-0.288324
-0.283509
-0.278689
-0.273863
-0.269032
-0.264195
-0.259354
-0.254507
-0.249655
-0.244798
-0.239936
-0.235070
-0.230200
-0.225325
-0.220445
-0.215562
-0.210674
-0.205783
-0.200888
-0.195989
-0.191087
-0.186181
-0.181272
-0.176360
-0.171444
-0.166526
-0.161605
-0.156681
-0.151755
-0.146826
-0.141895
-0.136962
-0.132026
-0.127089
-0.122150
-0.117209
-0.112267
-0.107323
-0.102377
-0.097431
-0.092483
-0.087534
-0.082585
-0.077635
-0.072684
-0.067732
-0.062781
-0.057829
-0.052876
-0.047924
-0.042972
-0.038020
-0.033069
-0.028118
-0.023167
-0.018218
-0.013269
-0.008321
-0.003374
0.001572
0.006516
0.011459
0.016400
0.021340
0.026278
0.031214
0.036148
0.041080
0.046009
0.050937
0.055861
0.060783
0.065702
0.070619
0.075532
0.080443
0.085350
0.090254
0.095154
0.100051
0.104944
0.109833
0.114719
0.119600
0.124477
0.129350
0.134219
0.139083
0.143942
0.148797
0.153647
0.158492
0.163332
0.168167
0.172996
0.177820
0.182639
0.187452
0.192259
0.197061
0.201856
0.206646
0.211429
0.216206
0.220976
0.225740
0.230498
0.235249
0.239993
0.244730
0.249460
0.254183
0.258898
0.263606
0.268307
0.273001
0.277686
0.282364
0.287034
0.291696
0.296350
0.300995
0.305633
0.310262
0.314882
0.319494
0.324098
0.328692
0.333278
0.337854
0.342422
0.346980
0.351529
0.356069
0.360599
0.365120
0.369631
0.374132
0.378624
0.383105
0.387577
0.392038
0.396489
0.400930
0.405360
0.409780
0.414190
0.418588
0.422976
0.427353
0.431719
0.436074
0.440418
0.444751
0.449072
0.453382
0.457681
0.461968
0.466243
0.470507
0.474759
0.478999
0.483227
0.487443
0.491647
0.495838
0.500018
0.504185
0.508339
0.512482
0.516611
0.520728
0.524832
0.528923
0.533001
0.537067
0.541119
0.545158
0.549184
0.553197
0.557196
0.561182
0.565154
0.569113
0.573058
0.576990
0.580908
0.584812
0.588702
0.592578
0.596440
0.600288
0.604122
0.607941
0.611747
0.615538
0.619314
0.623076
0.626824
0.630556
0.634275
0.637978
0.641667
0.645341
0.649000
0.652644
0.656273
0.659887
0.663486
0.667070
0.670638
0.674191
0.677729
0.681251
0.684758
0.688250
0.691726
0.695186
0.698631
0.702060
0.705473
0.708871
0.712253
0.715618
0.718968
0.722302
0.725620
0.728922
0.732207
0.735477
0.738730
0.741967
0.745188
0.748393
0.751581
0.754753
0.757908
0.761047
0.764169
0.767275
0.770364
0.773437
0.776493
0.779532
0.782554
0.785560
0.788549
0.791521
0.794476
0.797415
0.800336
0.803241
0.806128
0.808999
0.811852
0.814688
0.817508
0.820310
0.823095
0.825863
0.828614
0.831347
0.834063
0.836762
0.839444
0.842108
0.844755
0.847385
0.849997
0.852592
0.855169
0.857729
0.860272
0.862797
0.865304
0.867795
0.870267
0.872722
0.875160
0.877579
0.879982
0.882366
0.884734
0.887083
0.889415
0.891729
0.894026
0.896305
0.898566
0.900809
0.903035
0.905243
0.907434
0.909606
0.911761
0.913899
0.916018
0.918120
0.920204
0.922270
0.924319
0.926350
0.928363
0.930358
0.932335
0.934295
0.936237
0.938161
0.940068
0.941957
0.943828
0.945681
0.947516
0.949334
0.951134
0.952916
0.954680
0.956427
0.958156
0.959867
0.961561
0.963237
0.964895
0.966535
0.968158
0.969763
0.971350
0.972920
0.974472
0.976007
0.977523
0.979022
0.980504
0.981968
0.983414
0.984843
0.986254
0.987648
0.989024
0.990383
0.991724
0.993048
0.994354
0.995643
0.996914
0.998168
0.999404
1.000623
1.001825
1.003009
1.004177
1.005326
1.006459
1.007574
1.008672
1.009753
1.010816
1.011863
1.012892
1.013904
1.014899
1.015877
1.016837
1.017781
1.018708
1.019618
1.020510
1.021386
1.022245
1.023087
1.023912
1.024721
1.025512
1.026287
1.027045
1.027786
1.028511
1.029219
1.029910
1.030585
1.031243
1.031884
1.032509
1.033118
1.033710
1.034286
1.034845
1.035388
1.035915
1.036425
1.036919
1.037397
1.037859
1.038304
1.038734
1.039147
1.039544
1.039926
1.040291
1.040640
1.040974
1.041291
1.041593
1.041879
1.042149
1.042404
1.042642
1.042866
1.043073
1.043265
1.043442
1.043603
1.043748
1.043878
1.043993
1.044092
1.044177
1.044245
1.044299
1.044338
1.044361
1.044369
1.044363
1.044341
1.044304
1.044253
1.044186
1.044105
1.044009
1.043898
1.043773
1.043633
1.043478
1.043308
1.043125
1.042926
1.042714
1.042487
1.042245
1.041989
1.041719
1.041435
1.041137
1.040824
1.040498
1.040157
1.039803
1.039435
1.039052
1.038656
1.038246
1.037823
1.037385
1.036934
1.036470
1.035992
1.035500
1.034995
1.034477
1.033945
1.033400
1.032842
1.032270
1.031686
1.031088
1.030477
1.029853
1.029217
1.028567
1.027905
1.027229
1.026541
1.025841
1.025127
1.024401
1.023663
1.022912
1.022148
1.021372
1.020584
1.019784
1.018971
1.018146
1.017309
1.016460
1.015599
1.014726
1.013841
1.012944
1.012035
1.011115
1.010182
1.009238
1.008283
1.007316
1.006337
1.005347
1.004346
1.003333
1.002309
1.001274
1.000227
0.999169
0.998101
0.997021
0.995930
0.994829
0.993716
0.992593
0.991458
0.990314
0.989158
0.987992
0.986815
0.985628
0.984431
0.983223
0.982004
0.980776
0.979537
0.978288
0.977029
0.975759
0.974480
0.973191
0.971892
0.970583
0.969264
0.967936
0.966598
0.965250
0.963892
0.962526
0.961149
0.959763
0.958368
0.956964
0.955550
0.954127
0.952695
0.951254
0.949803
0.948344
0.946876
0.945399
0.943913
0.942418
0.940915
0.939403
0.937882
0.936353
0.934815
0.933269
0.931714
0.930151
0.928580
0.927000
0.925412
0.923817
0.922213
0.920601
0.918981
0.917353
0.915717
0.914073
0.912422
0.910763
0.909096
0.907422
0.905740
0.904051
0.902354
0.900650
0.898938
0.897219
0.895493
0.893760
0.892020
0.890272
0.888518
0.886756
0.884988
0.883212
0.881430
0.879641
0.877846
0.876043
0.874234
0.872419
0.870597
0.868768
0.866934
0.865092
0.863245
0.861391
0.859531
0.857665
0.855792
0.853914
0.852030
0.850139
0.848243
0.846341
0.844433
0.842519
0.840600
0.838675
0.836744
0.834808
0.832866
0.830919
0.828966
0.827008
0.825045
0.823076
0.821102
0.819123
0.817139
0.815150
0.813156
0.811157
0.809152
0.807143
0.805129
0.803111
0.801087
0.799059
0.797026
0.794989
0.792947
0.790901
0.788850
0.786794
0.784735
0.782671
0.780602
0.778530
0.776453
0.774372
0.772287
0.770198
0.768105
0.766008
0.763907
0.761803
0.759694
0.757582
0.755465
0.753346
0.751222
0.749095
0.746964
0.744830
0.742692
0.740551
0.738407
0.736259
0.734108
0.731953
0.729796
0.727635
0.725471
0.723304
0.721134
0.718960
0.716784
0.714605
0.712423
0.710239
0.708051
0.705861
0.703668
0.701472
0.699273
0.697072
0.694869
0.692662
0.690454
0.688243
0.686029
0.683813
0.681595
0.679375
0.677152
0.674927
0.672700
0.670471
0.668239
0.666006
0.663770
0.661533
0.659293
0.657052
0.654809
0.652564
0.650317
0.648068
0.645817
0.643565
0.641312
0.639056
0.636799
0.634541
0.632280
0.630019
0.627756
0.625491
0.623225
0.620958
0.618690
0.616420
0.614149
0.611876
0.609603
0.607328
0.605052
0.602776
0.600498
0.598219
0.595939
0.593658
0.591376
0.589093
0.586810
0.584525
0.582240
0.579954
0.577667
0.575380
0.573091
0.570803
0.568513
0.566223
0.563932
0.561641
0.559350
0.557058
0.554765
0.552472
0.550178
0.547885
0.545591
0.543296
0.541001
0.538706
0.536411
0.534116
0.531820
0.529524
0.527229
0.524933
0.522637
0.520340
0.518044
0.515748
0.513452
0.511156
0.508860
0.506564
0.504269
0.501973
0.499678
0.497383
0.495088
0.492793
0.490499
0.488204
0.485911
0.483617
0.481324
0.479031
0.476739
0.474447
0.472156
0.469865
0.467574
0.465284
0.462995
0.460706
0.458418
0.456130
0.453843
0.451556
0.449271
0.446985
0.444701
0.442417
0.440134
0.437852
0.435571
0.433290
0.431010
0.428731
0.426453
0.424176
0.421899
0.419624
0.417349
0.415076
0.412803
0.410531
0.408260
0.405991
0.403722
0.401454
0.399187
0.396922
0.394657
0.392394
0.390131
0.387870
0.385610
0.383351
0.381094
0.378837
0.376582
0.374327
0.372075
0.369823
0.367572
0.365323
0.363075
0.360829
0.358583
0.356339
0.354097
0.351855
0.349615
0.347377
0.345140
0.342904
0.340669
0.338436
0.336205
0.333974
0.331746
0.329518
0.327293
0.325068
0.322845
0.320624
0.318404
0.316186
0.313969
0.311753
0.309539
0.307327
0.305116
0.302907
0.300700
0.298494
0.296289
0.294086
0.291885
0.289686
0.287488
0.285291
0.283096
0.280903
0.278712
0.276522
0.274334
0.272147
0.269963
0.267779
0.265598
0.263418
0.261240
0.259064
0.256889
0.254716
0.252545
0.250375
0.248207
0.246041
0.243877
0.241714
0.239553
0.237394
0.235236
0.233081
0.230927
0.228774
0.226624
0.224475
0.222328
0.220183
0.218040
0.215898
0.213758
0.211620
0.209484
0.207349
0.205216
0.203085
0.200956
0.198829
0.196703
0.194579
0.192457
0.190337
0.188218
0.186102
0.183987
0.181873
0.179762
0.177652
0.175545
0.173439
0.171334
0.169232
0.167131
0.165032
0.162935
0.160840
0.158746
0.156654
0.154564
0.152476
0.150390
0.148305
0.146222
0.144141
0.142062
0.139984
0.137908
0.135834
0.133761
0.131691
0.129622
0.127555
0.125489
0.123426
0.121364
0.119304
0.117245
0.115188
0.113133
0.111080
0.109028
0.106978
0.104930
0.102884
0.100839
0.098796
0.096754
0.094714
0.092676
0.090640
0.088605
0.086572
0.084541
0.082511
0.080483
0.078456
0.076431
0.074408
0.072386
0.070366
0.068348
0.066331
0.064316
0.062302
0.060290
0.058280
0.056271
0.054263
0.052258
0.050253
0.048251
0.046250
0.044250
0.042252
0.040255
0.038260
0.036267
0.034274
0.032284
0.030295
0.028307
0.026321
0.024336
0.022353
0.020371
0.018391
0.016412
0.014434
0.012458
0.010483
0.008510
0.006538
0.004567
0.002598
0.000630
-0.001337
-0.003302
-0.005266
-0.007228
-0.009190
-0.011150
-0.013108
-0.015066
-0.017022
-0.018977
-0.020930
-0.022883
-0.024834
-0.026784
-0.028732
-0.030680
-0.032626
-0.034571
-0.036515
-0.038457
-0.040399
-0.042339
-0.044278
-0.046217
-0.048154
-0.050089
-0.052024
-0.053958
-0.055890
-0.057822
-0.059752
-0.061682
-0.063610
-0.065537
-0.067463
-0.069389
-0.071313
-0.073236
-0.075158
-0.077080
-0.079000
-0.080920
-0.082838
-0.084755
-0.086672
-0.088588
-0.090503
-0.092416
-0.094329
-0.096242
-0.098153
-0.100063
-0.101973
-0.103882
-0.105790
-0.107697
-0.109603
-0.111509
-0.113414
-0.115318
-0.117221
-0.119124
-0.121025
-0.122927
-0.124827
-0.126727
-0.128626
-0.130524
-0.132422
-0.134319
-0.136215
-0.138111
-0.140006
-0.141901
-0.143795
-0.145688
-0.147581
-0.149473
-0.151365
-0.153256
-0.155146
-0.157036
-0.158926
-0.160815
-0.162704
-0.164592
-0.166479
-0.168366
-0.170253
-0.172139
-0.174025
-0.175911
-0.177796
-0.179680
-0.181564
-0.183448
-0.185332
-0.187215
-0.189098
-0.190980
-0.192862
-0.194744
-0.196626
-0.198507
-0.200388
-0.202268
-0.204149
-0.206029
-0.207909
-0.209789
-0.211668
-0.213548
-0.215427
-0.217305
-0.219184
-0.221063
-0.222941
-0.224819
-0.226698
-0.228576
-0.230453
-0.232331
-0.234209
-0.236086
-0.237964
-0.239841
-0.241719
-0.243596
-0.245473
-0.247351
-0.249228
-0.251105
-0.252982
-0.254859
-0.256737
-0.258614
-0.260491
-0.262369
-0.264246
-0.266123
-0.268001
-0.269879
-0.271756
-0.273634
-0.275512
-0.277390
-0.279268
-0.281146
-0.283025
-0.284903
-0.286782
-0.288661
-0.290540
-0.292419
-0.294299
-0.296178
-0.298058
-0.299938
-0.301818
-0.303699
-0.305579
-0.307460
-0.309342
-0.311223
-0.313105
-0.314987
-0.316869
-0.318752
-0.320635
-0.322518
-0.324401
-0.326285
-0.328169
-0.330054
-0.331939
-0.333824
-0.335709
-0.337595
-0.339481
-0.341368
-0.343255
-0.345142
-0.347030
-0.348918
-0.350807
-0.352696
-0.354585
-0.356475
-0.358365
-0.360256
-0.362147
-0.364038
-0.365930
-0.367823
-0.369715
-0.371609
-0.373502
-0.375397
-0.377291
-0.379187
-0.381082
-0.382978
-0.384875
-0.386772
-0.388670
-0.390568
-0.392467
-0.394366
-0.396265
-0.398166
-0.400066
-0.401968
-0.403869
-0.405772
-0.407675
-0.409578
-0.411482
-0.413386
-0.415291
-0.417197
-0.419103
-0.421010
-0.422917
-0.424825
-0.426733
-0.428642
-0.430551
-0.432461
-0.434372
-0.436283
-0.438195
-0.440107
-0.442020
-0.443933
-0.445847
-0.447762
-0.449677
-0.451593
-0.453509
-0.455426
-0.457343
-0.459261
-0.461180
-0.463099
-0.465019
-0.466939
-0.468860
-0.470782
-0.472704
-0.474626
-0.476549
-0.478473
-0.480398
-0.482322
-0.484248
-0.486174
-0.488101
-0.490028
-0.491955
-0.493884
-0.495813
-0.497742
-0.499672
-0.501602
-0.503533
-0.505465
-0.507397
-0.509330
-0.511263
-0.513196
-0.515131
-0.517065
-0.519001
-0.520936
-0.522873
-0.524810
-0.526747
-0.528685
-0.530623
-0.532562
-0.534501
-0.536441
-0.538381
-0.540321
-0.542262
-0.544204
-0.546146
-0.548088
-0.550031
-0.551975
-0.553918
-0.555863
-0.557807
-0.559752
-0.561698
-0.563643
-0.565589
-0.567536
-0.569483
-0.571430
-0.573378
-0.575326
-0.577274
-0.579223
-0.581172
-0.583121
-0.585070
-0.587020
-0.588970
-0.590921
-0.592872
-0.594822
-0.596774
-0.598725
-0.600677
-0.602629
-0.604581
-0.606533
-0.608486
-0.610438
-0.612391
-0.614344
-0.616297
-0.618250
-0.620204
-0.622157
-0.624111
-0.626065
-0.628018
-0.629972
-0.631926
-0.633880
-0.635834
-0.637788
-0.639742
-0.641696
-0.643650
-0.645604
-0.647557
-0.649511
-0.651465
-0.653419
-0.655372
-0.657325
-0.659279
-0.661232
-0.663185
-0.665137
-0.667090
-0.669042
-0.670994
-0.672946
-0.674898
-0.676849
-0.678800
-0.680751
-0.682701
-0.684652
-0.686601
-0.688551
-0.690500
-0.692448
-0.694396
-0.696344
-0.698291
-0.700238
-0.702184
-0.704130
-0.706075
-0.708020
-0.709964
-0.711908
-0.713850
-0.715793
-0.717734
-0.719675
-0.721616
-0.723555
-0.725494
-0.727432
-0.729370
-0.731306
-0.733242
-0.735177
-0.737111
-0.739044
-0.740976
-0.742908
-0.744838
-0.746768
-0.748696
-0.750624
-0.752551
-0.754476
-0.756401
-0.758324
-0.760246
-0.762167
-0.764087
-0.766006
-0.767923
-0.769840
-0.771755
-0.773669
-0.775581
-0.777492
-0.779402
-0.781310
-0.783217
-0.785123
-0.787027
-0.788930
-0.790831
-0.792731
-0.794629
-0.796525
-0.798420
-0.800313
-0.802205
-0.804095
-0.805983
-0.807869
-0.809754
-0.811637
-0.813518
-0.815397
-0.817274
-0.819150
-0.821023
-0.822895
-0.824764
-0.826632
-0.828497
-0.830361
-0.832222
-0.834081
-0.835938
-0.837792
-0.839645
-0.841495
-0.843343
-0.845189
-0.847032
-0.848873
-0.850711
-0.852547
-0.854381
-0.856212
-0.858040
-0.859866
-0.861689
-0.863510
-0.865328
-0.867143
-0.868955
-0.870765
-0.872572
-0.874376
-0.876177
-0.877976
-0.879771
-0.881563
-0.883353
-0.885139
-0.886922
-0.888703
-0.890480
-0.892253
-0.894024
-0.895791
-0.897555
-0.899316
-0.901073
-0.902827
-0.904578
-0.906325
-0.908069
-0.909809
-0.911545
-0.913278
-0.915007
-0.916733
-0.918454
-0.920172
-0.921886
-0.923597
-0.925303
-0.927006
-0.928704
-0.930399
-0.932089
-0.933776
-0.935458
-0.937136
-0.938811
-0.940480
-0.942146
-0.943807
-0.945464
-0.947116
-0.948764
-0.950408
-0.952047
-0.953681
-0.955311
-0.956936
-0.958557
-0.960173
-0.961784
-0.963390
-0.964991
-0.966588
-0.968180
-0.969766
-0.971348
-0.972924
-0.974496
-0.976062
-0.977623
-0.979179
-0.980730
-0.982275
-0.983815
-0.985349
-0.986878
-0.988402
-0.989920
-0.991432
-0.992939
-0.994440
-0.995935
-0.997425
0.201019
-1.145935
-1.131822
-1.119339
-1.108315
-1.098596
-1.090045
-1.082539
-1.075969
0.129662
-1.210824
-1.190918
-1.173247
-1.157577
-1.143697
-1.131420
0.079295
-1.256611
-1.232604
-1.211262
-1.192305
-1.175482
0.039280
-1.292976
-1.265705
-1.241440
-1.219866
-0.000868
-1.329313
-1.298631
-1.271313
-1.247006
-0.025580
-1.351831
-1.319186
-1.290111
-0.064431
-1.386859
-1.350793
-1.318656
-0.090249
-1.410222
-1.371958
-1.337854
-0.107700
-1.426096
-1.386420
-1.351054
-0.119781
-1.437163
-1.396579
-1.360400
-0.128411
-1.445140
-1.403972
-0.167525
-1.480258
-1.435511
-1.395605
-0.160297
-1.474041
-1.430196
-0.191369
-1.501959
-1.455289
-1.413661
-0.176825
-1.489191
-1.444106
-0.204182
-1.513781
-1.466215
-1.423785
-0.186240
-1.497967
-1.452300
-0.211861
-1.520998
-1.473007
-0.230489
-1.537768
-1.488107
-1.443799
-0.204578
-1.514810
-1.467784
-0.226130
-1.534190
-1.485210
-1.441508
-0.202828
-1.513555
-1.466951
-0.225671
-1.534079
-1.485390
-1.441944
-0.203485
-1.514427
-1.467993
-0.226855
-1.535410
-1.486827
-1.443471
-0.205080
-1.516107
-1.469722
-1.428329
-0.191685
-1.504292
-1.459303
-1.419156
-0.183616
-1.497229
-1.453121
-1.413759
-0.178908
-1.493158
-1.449600
-1.410725
-0.176296
-1.490946
-1.447725
-1.409147
-1.374723
-0.144258
-1.462484
-1.422435
-1.386690
-1.354795
-0.126571
-1.446832
-1.408575
-1.374428
-1.343955
-1.316770
-0.092732
-1.416776
-1.381870
-1.350711
-1.322904
-1.298094
-1.275966
-0.056414
-1.384521
-1.353206
-1.325249
-1.300294
-1.278025
-1.258158
-1.240438
-1.224637
-1.210552
-1.198001
-1.186819
-1.176861
-1.167995
-1.160106
-1.153087
-1.146845
-1.141295
-1.136363
-1.131982
-1.128090
-1.124635
-1.121567
-1.118844
-1.116427
-1.114281
-1.112375
-1.110682
-1.109177
-1.107837
-1.106643
-1.105577
-1.104623
-1.103766
-1.102996
-1.102298
-1.101665
-1.101085
-1.100553
-1.100059
-1.099598
-1.099164
-1.098751
-1.098355
-1.097972
-1.097598
-1.097230
-1.096864
-1.096499
-1.096132
-1.095760
-1.095383
-1.094997
-1.094602
-1.094197
-1.093780
-1.093350
-1.092906
-1.092447
-1.091974
-1.091484
-1.090977
-1.090454
-1.089913
-1.089354
-1.088777
-1.088181
-1.087567
-1.086933
-1.086280
-1.085608
-1.084915
-1.084203
-1.083472
-1.082720
-1.081948
-1.081155
-1.080343
-1.079510
-1.078657
-1.077783
-1.076890
-1.075975
-1.075040
-1.074085
-1.073109
-1.072113
-1.071097
-1.070060
-1.069002
-1.067924
-1.066826
-1.065707
-1.064568
-1.063408
-1.062228
-1.061028
-1.059807
-1.058566
-1.057305
-1.056023
-1.054721
-1.053399
-1.052057
-1.050694
-1.049311
-1.047909
-1.046486
-1.045043
-1.043579
-1.042096
-1.040593
-1.039070
-1.037526
-1.035963
-1.034380
-1.032777
-1.031154
-1.029511
-1.027848
-1.026165
-1.024463
-1.022740
-1.020998
-1.019236
-1.017455
-1.015653
-1.013832
-1.011992
-1.010131
-1.008251
-1.006352
-1.004432
-1.002494
-1.000535
-0.998558
-0.996560
-0.994543
-0.992507
-0.990451
-0.988376
-0.986282
-0.984168
-0.982035
-0.979882
-0.977710
-0.975519
-0.973309
-0.971079
-0.968831
-0.966563
-0.964276
-0.961970
-0.959644
-0.957300
-0.954937
-0.952554
-0.950153
-0.947733
-0.945293
-0.942835
-0.940358
-0.937862
-0.935347
-0.932814
-0.930262
-0.927691
-0.925101
-0.922493
-0.919866
-0.917220
-0.914556
-0.911874
-0.909173
-0.906453
-0.903715
-0.900959
-0.898184
-0.895391
-0.892579
-0.889750
-0.886902
-0.884036
-0.881152
-0.878250
-0.875329
-0.872391
-0.869435
-0.866461
-0.863469
-0.860459
-0.857431
-0.854386
-0.851323
-0.848242
-0.845143
-0.842027
-0.838894
-0.835743
-0.832574
-0.829389
-0.826185
-0.822965
-0.819727
-0.816472
-0.813200
-0.809911
-0.806605
-0.803282
-0.799942
-0.796585
-0.793212
-0.789821
-0.786414
-0.782991
-0.779550
-0.776093
-0.772620
-0.769130
-0.765624
-0.762102
-0.758563
-0.755009
-0.751438
-0.747851
-0.744248
-0.740630
-0.736995
-0.733345
-0.729679
-0.725997
-0.722300
-0.718587
-0.714859
-0.711115
-0.707357
-0.703583
-0.699793
-0.695989
-0.692170
-0.688336
-0.684487
-0.680623
-0.676745
-0.672851
-0.668944
-0.665022
-0.661085
-0.657134
-0.653169
-0.649190
-0.645197
-0.641189
-0.637168
-0.633133
-0.629084
-0.625022
-0.620946
-0.616857
-0.612754
-0.608637
-0.604508
-0.600365
-0.596210
-0.592041
-0.587860
-0.583666
-0.579459
-0.575239
-0.571007
-0.566762
-0.562506
-0.558237
-0.553955
-0.549662
-0.545357
-0.541040
-0.536711
-0.532370
-0.528018
-0.523655
-0.519280
-0.514894
-0.510496
-0.506088
-0.501668
-0.497238
-0.492797
-0.488345
-0.483883
-0.479410
-0.474927
-0.470433
-0.465930
-0.461416
-0.456893
-0.452359
-0.447816
-0.443263
-0.438701
-0.434129
-0.429548
-0.424958
-0.420358
-0.415750
-0.411133
-0.406507
-0.401872
-0.397229
-0.392577
-0.387917
-0.383249
-0.378572
-0.373888
-0.369196
-0.364496
-0.359788
-0.355073
-0.350350
-0.345620
-0.340883
-0.336139
-0.331388
-0.326630
-0.321865
-0.317093
-0.312315
-0.307531
-0.302741
-0.297944
-0.293141
-0.288332
-0.283518
-0.278697
-0.273872
-0.269040
-0.264204
-0.259362
-0.254515
-0.249663
-0.244806
-0.239945
-0.235079
-0.230208
-0.225333
-0.220454
-0.215570
-0.210683
-0.205791
-0.200896
-0.195997
-0.191095
-0.186189
-0.181280
-0.176368
-0.171453
-0.166534
-0.161613
-0.156690
-0.151763
-0.146835
-0.141903
-0.136970
-0.132035
-0.127097
-0.122158
-0.117217
-0.112275
-0.107331
-0.102386
-0.097439
-0.092491
-0.087543
-0.082593
-0.077643
-0.072692
-0.067741
-0.062789
-0.057837
-0.052885
-0.047933
-0.042981
-0.038029
-0.033077
-0.028126
-0.023176
-0.018226
-0.013277
-0.008329
-0.003382
0.001563
0.006508
0.011451
0.016392
0.021332
0.026270
0.031206
0.036140
0.041071
0.046001
0.050928
0.055853
0.060775
0.065694
0.070611
0.075524
0.080434
0.085342
0.090245
0.095146
0.100042
0.104936
0.109825
0.114710
0.119592
0.124469
0.129342
0.134210
0.139075
0.143934
0.148789
0.153639
0.158484
0.163324
0.168159
0.172988
0.177812
0.182631
0.187444
0.192251
0.197053
0.201848
0.206638
0.211421
0.216198
0.220968
0.225732
0.230490
0.235241
0.239985
0.244722
0.249452
0.254175
0.258890
0.263599
0.268299
0.272993
0.277678
0.282356
0.287026
0.291688
0.296342
0.300988
0.305625
0.310254
0.314875
0.319487
0.324090
0.328684
0.333270
0.337847
0.342414
0.346973
0.351522
0.356062
0.360592
0.365113
0.369624
0.374125
0.378616
0.383098
0.387569
0.392031
0.396482
0.400923
0.405353
0.409773
0.414182
0.418581
0.422969
0.427346
0.431712
0.436067
0.440411
0.444744
0.449065
0.453375
0.457674
0.461961
0.466236
0.470500
0.474752
0.478992
0.483220
0.487436
0.491640
0.495831
0.500011
0.504178
0.508332
0.512475
0.516604
0.520721
0.524825
0.528916
0.532994
0.537060
0.541112
0.545151
0.549177
0.553190
0.557189
0.561175
0.565148
0.569106
0.573052
0.576983
0.580901
0.584805
0.588695
0.592571
0.596433
0.600281
0.604115
0.607935
0.611740
0.615531
0.619308
0.623070
0.626817
0.630550
0.634268
0.637972
0.641661
0.645335
0.648994
0.652638
0.656267
0.659881
0.663480
0.667064
0.670632
0.674185
0.677723
0.681246
0.684753
0.688244
0.691720
0.695180
0.698625
0.702054
0.705468
0.708865
0.712247
0.715613
0.718963
0.722296
0.725614
0.728916
0.732202
0.735471
0.738725
0.741962
0.745183
0.748387
0.751575
0.754747
0.757903
0.761041
0.764164
0.767270
0.770359
0.773431
0.776487
0.779527
0.782549
0.785555
0.788544
0.791516
0.794471
0.797410
0.800331
0.803236
0.806123
0.808994
0.811847
0.814684
0.817503
0.820305
0.823090
0.825858
0.828609
0.831342
0.834059
0.836758
0.839439
0.842104
0.844751
0.847380
0.849993
0.852587
0.855165
0.857725
0.860268
0.862793
0.865300
0.867790
0.870263
0.872718
0.875155
0.877575
0.879978
0.882362
0.884730
0.887079
0.889411
0.891725
0.894022
0.896301
0.898562
0.900806
0.903031
0.905240
0.907430
0.909603
0.911758
0.913895
0.916015
0.918116
0.920201
0.922267
0.924315
0.926346
0.928359
0.930355
0.932332
0.934292
0.936234
0.938158
0.940065
0.941953
0.943824
0.945678
0.947513
0.949331
0.951131
0.952913
0.954677
0.956424
0.958153
0.959864
0.961558
0.963234
0.964892
0.966532
0.968155
0.969760
0.971348
0.972917
0.974469
0.976004
0.977521
0.979020
0.980502
0.981965
0.983412
0.984841
0.986252
0.987646
0.989022
0.990381
0.991722
0.993045
0.994352
0.995640
0.996912
0.998166
0.999402
1.000621
1.001823
1.003008
1.004175
1.005324
1.006457
1.007572
1.008670
1.009751
1.010814
1.011861
1.012890
1.013902
1.014897
1.015875
1.016836
1.017780
1.018706
1.019616
1.020509
1.021385
1.022244
1.023086
1.023911
1.024719
1.025511
1.026286
1.027044
1.027785
1.028510
1.029218
1.029909
1.030584
1.031242
1.031883
1.032508
1.033117
1.033709
1.034285
1.034844
1.035387
1.035914
1.036424
1.036918
1.037396
1.037858
1.038303
1.038733
1.039146
1.039544
1.039925
1.040290
1.040640
1.040973
1.041291
1.041592
1.041878
1.042149
1.042403
1.042642
1.042865
1.043073
1.043265
1.043441
1.043602
1.043748
1.043878
1.043993
1.044092
1.044176
1.044245
1.044299
1.044338
1.044361
1.044369
1.044363
1.044341
1.044304
1.044253
1.044186
1.044105
1.044009
1.043898
1.043773
1.043633
1.043478
1.043309
1.043125
1.042927
1.042714
1.042487
1.042246
1.041990
1.041720
1.041436
1.041137
1.040825
1.040499
1.040158
1.039804
1.039435
1.039053
1.038657
1.038247
1.037823
1.037386
1.036935
1.036471
1.035993
1.035501
1.034996
1.034478
1.033946
1.033401
1.032843
1.032271
1.031687
1.031089
1.030478
1.029854
1.029218
1.028568
1.027906
1.027230
1.026542
1.025842
1.025128
1.024402
1.023664
1.022913
1.022150
1.021374
1.020586
1.019785
1.018973
1.018148
1.017311
1.016462
1.015600
1.014727
1.013842
1.012945
1.012037
1.011116
1.010184
1.009240
1.008285
1.007318
1.006339
1.005349
1.004348
1.003335
1.002311
1.001275
1.000229
0.999171
0.998103
0.997023
0.995932
0.994830
0.993718
0.992595
0.991460
0.990316
0.989160
0.987994
0.986817
0.985630
0.984433
0.983225
0.982006
0.980778
0.979539
0.978290
0.977031
0.975762
0.974482
0.973193
0.971894
0.970585
0.969267
0.967938
0.966600
0.965252
0.963895
0.962528
0.961151
0.959766
0.958371
0.956966
