1.000000
1.000149
1.000438
1.000860
1.001407
1.002072
1.002848
1.003729
1.004708
1.005779
1.006936
1.008173
1.009485
1.010867
1.012313
1.013819
1.015379
1.016990
1.018647
1.020345
1.022081
1.023851
1.025651
1.027477
1.029327
1.031197
1.033084
1.034985
1.036897
1.038818
1.040745
1.042676
1.044609
1.046542
1.048473
1.050399
1.052320
1.054233
1.056137
1.058031
1.059913
1.061783
1.063638
1.065478
1.067302
1.069110
1.070899
1.072670
1.074422
1.076153
1.077863
1.079551
1.081216
1.082858
1.084477
1.086073
1.087644
1.089192
1.090715
1.092214
1.093688
1.095138
1.096563
1.097964
1.099340
1.100691
1.102017
1.103319
1.104597
1.105849
1.107078
1.108282
1.109462
1.110618
1.111750
1.112859
1.113943
1.115005
1.116043
1.117059
1.118051
1.119021
1.119969
1.120894
1.121798
1.122681
1.123544
1.124386
1.125209
1.126012
1.126795
1.127559
1.128304
1.129029
1.129736
1.130424
1.131094
1.131746
1.132379
1.132995
1.133594
1.134175
1.134739
1.135286
1.135817
1.136331
1.136829
1.137311
1.137777
1.138228
1.138663
1.139084
1.139489
1.139880
1.140256
1.140619
1.140967
1.141301
1.141622
1.141930
1.142224
1.142505
1.142774
1.143030
1.143274
1.143505
1.143725
1.143933
1.144129
1.144314
1.144488
1.144650
1.144802
1.144944
1.145074
1.145195
1.145305
1.145406
1.145497
1.145578
1.145649
1.145712
1.145765
1.145809
1.145844
1.145871
1.145889
1.145899
1.145901
1.145894
1.145880
1.145857
1.145828
1.145790
1.145745
1.145693
1.145634
1.145567
1.145494
1.145414
1.145327
1.145233
1.145134
1.145027
1.144915
1.144796
1.144672
1.144541
1.144404
1.144262
1.144114
1.143961
1.143802
1.143638
1.143469
1.143294
1.143114
1.142929
1.142740
1.142545
1.142346
1.142142
1.141933
1.141720
1.141502
1.141280
1.141053
1.140822
1.140587
1.140348
1.140105
1.139858
1.139606
1.139351
1.139092
1.138830
1.138563
1.138293
1.138019
1.137742
1.137461
1.137176
1.136888
1.136597
1.136303
1.136005
1.135704
1.135400
1.135092
1.134782
1.134468
1.134152
1.133832
1.133510
1.133184
1.132856
1.132525
1.132191
1.131854
1.131515
1.131172
1.130828
1.130480
1.130130
1.129778
1.129422
1.129065
1.128705
1.128342
1.127977
1.127609
1.127240
1.126868
1.126493
1.126116
1.125737
1.125356
1.124972
1.124587
1.124199
1.123809
1.123417
1.123022
1.122626
1.122227
1.121827
1.121424
1.121020
1.120613
1.120205
1.119794
1.119382
1.118968
1.118551
1.118133
1.117713
1.117292
1.116868
1.116443
1.116015
1.115586
1.115156
1.114723
1.114289
1.113853
1.113415
1.112976
1.112535
1.112092
1.111648
1.111202
1.110754
1.110305
1.109854
1.109402
1.108948
1.108492
1.108035
1.107577
1.107117
1.106655
1.106192
1.105728
1.105262
1.104794
1.104325
1.103855
1.103383
1.102910
1.102435
1.101959
1.101482
1.101003
1.100523
1.100042
1.099559
1.099075
1.098590
1.098103
1.097615
1.097126
1.096635
1.096143
1.095650
1.095156
1.094660
1.094164
1.093666
1.093166
1.092666
1.092164
1.091662
1.091158
1.090653
1.090146
1.089639
1.089130
1.088621
1.088110
1.087598
1.087085
1.086571
1.086056
1.085540
1.085022
1.084504
1.083984
1.083464
1.082942
1.082420
1.081896
1.081372
1.080846
1.080320
1.079792
1.079264
1.078734
1.078204
1.077672
1.077140
1.076607
1.076073
1.075537
1.075001
1.074464
1.073927
1.073388
1.072848
1.072308
1.071766
1.071224
1.070681
1.070137
1.069592
1.069047
1.068500
1.067953
1.067405
1.066856
1.066306
1.065756
1.065204
1.064652
1.064100
1.063546
1.062992
1.062437
1.061881
1.061324
1.060767
1.060209
1.059650
1.059091
1.058531
1.057970
1.057408
1.056846
1.056283
1.055719
1.055155
1.054590
1.054025
1.053459
1.052892
1.052324
1.051756
1.051188
1.050618
1.050049
1.049478
1.048907
1.048335
1.047763
1.047190
1.046617
1.046043
1.045469
1.044894
1.044318
1.043742
1.043165
1.042588
1.042010
1.041432
1.040854
1.040274
1.039695
1.039115
1.038534
1.037953
1.037371
1.036789
1.036207
1.035624
1.035041
1.034457
1.033873
1.033288
1.032703
1.032117
1.031531
1.030945
1.030358
1.029771
1.029184
1.028596
1.028008
1.027419
1.026830
1.026241
1.025652
1.025062
1.024471
1.023881
1.023290
1.022698
1.022107
1.021515
1.020923
1.020330
1.019738
1.019145
1.018551
1.017958
1.017364
1.016770
1.016175
1.015581
1.014986
1.014391
1.013795
1.013200
1.012604
1.012008
1.011412
1.010816
1.010219
1.009622
1.009025
1.008428
1.007831
1.007233
1.006636
1.006038
1.005440
1.004842
1.004244
1.003645
1.003047
1.002448
1.001850
1.001251
1.000652
1.000053
0.999454
0.998854
0.998255
0.997656
0.997056
0.996457
0.995857
0.995258
0.994658
0.994058
0.993458
0.992859
0.992259
0.991659
0.991059
0.990459
0.989859
0.989260
0.988660
0.988060
0.987460
0.986860
0.986261
0.985661
0.985061
0.984462
0.983862
0.983262
0.982663
0.982064
0.981464
0.980865
0.980266
0.979667
0.979068
0.978469
0.977870
0.977272
0.976673
0.976075
0.975477
0.974879
0.974281
0.973683
0.973085
0.972488
0.971891
0.971293
0.970696
0.970100
0.969503
0.968907
0.968310
0.967715
0.967119
0.966523
0.965928
0.965333
0.964738
0.964143
0.963549
0.962955
0.962361
0.961767
0.961174
0.960581
0.959988
0.959396
0.958803
0.958211
0.957620
0.957028
0.956437
0.955847
0.955256
0.954666
0.954077
0.953487
0.952898
0.952310
0.951721
0.951134
0.950546
0.949959
0.949372
0.948786
0.948200
0.947614
0.947029
0.946444
0.945860
0.945276
0.944692
0.944109
0.943526
0.942944
0.942362
0.941781
0.941200
0.940620
0.940040
0.939460
0.938881
0.938303
0.937725
0.937147
0.936570
0.935994
0.935418
0.934843
0.934268
0.933693
0.933119
0.932546
0.931973
0.931401
0.930830
0.930259
0.929688
0.929118
0.928549
0.927980
0.927412
0.926845
0.926278
0.925711
0.925146
0.924580
0.924016
0.923452
0.922889
0.922326
0.921765
0.921203
0.920643
0.920083
0.919524
0.918965
0.918407
0.917850
0.917294
0.916738
0.916183
0.915628
0.915075
0.914522
0.913970
0.913418
0.912867
0.912317
0.911768
0.911220
0.910672
0.910125
0.909579
0.909033
0.908489
0.907945
0.907402
0.906860
0.906318
0.905777
0.905238
0.904699
0.904160
0.903623
0.903087
0.902551
0.902016
0.901482
0.900949
0.900417
0.899885
0.899355
0.898825
0.898296
0.897768
0.897241
0.896715
0.896190
0.895666
0.895142
0.894620
0.894098
0.893578
0.893058
0.892540
0.892022
0.891505
0.890989
0.890474
0.889960
0.889447
0.888935
0.888424
0.887914
0.887405
0.886897
0.886390
0.885884
0.885379
0.884875
0.884372
0.883870
0.883369
0.882869
0.882371
0.881873
0.881376
0.880880
0.880386
0.879892
0.879400
0.878908
0.878418
0.877929
0.877441
0.876954
0.876468
0.875983
0.875499
0.875017
0.874535
0.874055
0.873576
0.873098
0.872621
0.872145
0.871670
0.871197
0.870724
0.870253
0.869783
0.869314
0.868847
0.868380
0.867915
0.867451
0.866988
0.866526
0.866066
0.865606
0.865148
0.864692
0.864236
0.863782
0.863328
0.862877
0.862426
0.861976
0.861528
0.861081
0.860636
0.860191
0.859748
0.859306
0.858866
0.858426
0.857989
0.857552
0.857116
0.856682
0.856249
0.855818
0.855388
0.854959
0.854531
0.854105
0.853680
0.853257
0.852835
0.852414
0.851994
0.851576
0.851159
0.850744
0.850330
0.849917
0.849506
0.849096
0.848687
0.848280
0.847874
0.847470
0.847067
0.846665
0.846265
0.845866
0.845469
0.845073
0.844678
0.844285
0.843893
0.843503
0.843114
0.842727
0.842341
0.841956
0.841573
0.841192
0.840812
0.840433
0.840056
0.839680
0.839306
0.838933
0.838562
0.838192
0.837824
0.837457
0.837092
0.836728
0.836366
0.836005
0.835646
0.835288
0.834932
0.834577
0.834224
0.833872
0.833522
0.833173
0.832826
0.832481
0.832137
0.831794
0.831453
0.831114
0.830776
0.830440
0.830106
0.829773
0.829441
0.829111
0.828783
0.828456
0.828131
0.827807
0.827486
0.827165
0.826846
0.826529
0.826214
0.825900
0.825587
0.825277
0.824968
0.824660
0.824354
0.824050
0.823748
0.823447
0.823147
0.822850
0.822554
0.822259
0.821967
0.821675
0.821386
0.821098
0.820812
0.820528
0.820245
0.819964
0.819684
0.819407
0.819131
0.818856
0.818583
0.818312
0.818043
0.817775
0.817509
0.817245
0.816983
0.816722
0.816463
0.816205
0.815949
0.815695
0.815443
0.815192
0.814943
0.814696
0.814451
0.814207
0.813965
0.813725
0.813486
0.813250
0.813015
0.812781
0.812550
0.812320
0.812092
0.811865
0.811641
0.811418
0.811197
0.810978
0.810760
0.810544
0.810330
0.810118
0.809908
0.809699
0.809492
0.809287
0.809083
0.808882
0.808682
0.808484
0.808287
0.808093
0.807900
0.807709
0.807520
0.807333
0.807147
0.806964
0.806782
0.806602
0.806423
0.806247
0.806072
0.805899
0.805728
0.805559
0.805391
0.805226
0.805062
0.804900
0.804740
0.804581
0.804425
0.804270
0.804117
0.803966
0.803817
0.803669
0.803524
0.803380
0.803238
0.803098
0.802959
0.802823
0.802688
0.802556
0.802425
0.802296
0.802168
0.802043
0.801920
0.801798
0.801678
0.801560
0.801444
0.801330
0.801217
0.801107
0.800998
0.800891
0.800786
0.800683
0.800581
0.800482
0.800384
0.800289
0.800195
0.800103
0.800013
0.799924
0.799838
0.799753
0.799671
0.799590
0.799511
0.799434
0.799359
0.799285
0.799214
0.799144
0.799076
0.799011
0.798947
0.798885
0.798824
0.798766
0.798709
0.798655
0.798602
0.798551
0.798502
0.798455
0.798410
0.798366
0.798325
0.798285
0.798248
0.798212
0.798178
0.798146
0.798116
0.798087
0.798061
0.798036
0.798013
0.797993
0.797974
0.797957
0.797941
0.797928
0.797917
0.797907
0.797899
0.797894
0.797890
0.797888
0.797888
0.797889
0.797893
0.797898
0.797906
0.797915
0.797926
0.797939
0.797954
0.797971
0.797989
0.798010
0.798032
0.798056
0.798083
0.798111
0.798140
0.798172
0.798206
0.798241
0.798279
0.798318
0.798359
0.798402
0.798447
0.798493
0.798542
0.798592
0.798645
0.798699
0.798755
0.798813
0.798873
0.798934
0.798998
0.799063
0.799130
0.799199
0.799270
0.799343
0.799418
0.799494
0.799573
0.799653
0.799735
0.799819
0.799905
0.799992
0.800082
0.800173
0.800266
0.800361
0.800458
0.800557
0.800657
0.800759
0.800864
0.800970
0.801078
0.801187
0.801299
0.801412
0.801527
0.801645
0.801763
0.801884
0.802007
0.802131
0.802257
0.802385
0.802515
0.802647
0.802780
0.802915
0.803052
0.803191
0.803332
0.803474
0.803619
0.803765
0.803913
0.804062
0.804214
0.804367
0.804522
0.804679
0.804838
0.804998
0.805161
0.805325
0.805491
0.805658
0.805828
0.805999
0.806172
0.806347
0.806523
0.806701
0.806881
0.807063
0.807247
0.807432
0.807619
0.807808
0.807999
0.808191
0.808385
0.808581
0.808779
0.808978
0.809179
0.809382
0.809587
0.809793
0.810001
0.810211
0.810423
0.810636
0.810851
0.811068
0.811286
0.811506
0.811728
0.811952
0.812177
0.812404
0.812633
0.812863
0.813095
0.813329
0.813565
0.813802
0.814041
0.814281
0.814524
0.814768
0.815013
0.815261
0.815510
0.815760
0.816012
0.816266
0.816522
0.816779
0.817038
0.817299
0.817561
0.817825
0.818091
0.818358
0.818627
0.818897
0.819169
0.819443
0.819719
0.819996
0.820274
0.820554
0.820836
0.821120
0.821405
0.821691
0.821980
0.822270
0.822561
0.822854
0.823149
0.823445
0.823743
0.824043
0.824344
0.824646
0.824950
0.825256
0.825563
0.825872
0.826183
0.826495
0.826808
0.827123
0.827440
0.827758
0.828078
0.828399
0.828722
0.829046
0.829372
0.829699
0.830028
0.830358
0.830690
0.831024
0.831359
0.831695
0.832033
0.832372
0.832713
0.833056
0.833399
0.833745
0.834092
0.834440
0.834790
0.835141
0.835494
0.835848
0.836203
0.836560
0.836919
0.837279
0.837640
0.838003
0.838367
0.838733
0.839100
0.839468
0.839838
0.840210
0.840583
0.840957
0.841332
0.841709
0.842088
0.842467
0.842848
0.843231
0.843615
0.844000
0.844387
0.844775
0.845164
0.845555
0.845947
0.846340
0.846735
0.847131
0.847529
0.847927
0.848327
0.848729
0.849132
0.849536
0.849941
0.850348
0.850756
0.851165
0.851576
0.851988
0.852401
0.852815
0.853231
0.853648
0.854066
0.854486
0.854907
0.855329
0.855752
0.856177
0.856603
0.857030
0.857458
0.857888
0.858318
0.858750
0.859184
0.859618
0.860054
0.860491
0.860929
0.861368
0.861808
0.862250
0.862693
0.863137
0.863582
0.864029
0.864476
0.864925
0.865375
0.865826
0.866278
0.866731
0.867186
0.867641
0.868098
0.868556
0.869015
0.869475
0.869936
0.870399
0.870862
0.871327
0.871792
0.872259
0.872727
0.873196
0.873666
0.874137
0.874609
0.875082
0.875557
0.876032
0.876508
0.876986
0.877464
0.877944
0.878424
0.878906
0.879389
0.879872
0.880357
0.880842
0.881329
0.881817
0.882305
0.882795
0.883286
0.883777
0.884270
0.884763
0.885258
0.885754
0.886250
0.886747
0.887246
0.887745
0.888245
0.888746
0.889249
0.889752
0.890256
0.890760
0.891266
0.891773
0.892281
0.892789
0.893298
0.893809
0.894320
0.894832
0.895345
0.895859
0.896373
0.896889
0.897405
0.897922
0.898440
0.898959
0.899479
0.900000
0.900521
0.901043
0.901566
0.902090
0.902615
0.903140
0.903666
0.904193
0.904721
0.905250
0.905779
0.906309
0.906840
0.907372
0.907904
0.908437
0.908971
0.909506
0.910041
0.910577
0.911114
0.911652
0.912190
0.912729
0.913269
0.913809
0.914350
0.914892
0.915435
0.915978
0.916522
0.917066
0.917611
0.918157
0.918704
0.919251
0.919799
0.920347
0.920896
0.921446
0.921996
0.922547
0.923099
0.923651
0.924204
0.924757
0.925311
0.925866
0.926421
0.926977
0.927533
0.928090
0.928647
0.929206
0.929764
0.930323
0.930883
0.931443
0.932004
0.932565
0.933127
0.933689
0.934252
0.934815
0.935379
0.935944
0.936509
0.937074
0.937640
0.938206
0.938773
0.939340
0.939908
0.940476
0.941044
0.941613
0.942183
0.942753
0.943323
0.943894
0.944465
0.945037
0.945609
0.946181
0.946754
0.947328
0.947901
0.948475
0.949050
0.949624
0.950199
0.950775
0.951351
0.951927
0.952504
0.953081
0.953658
0.954235
0.954813
0.955391
0.955970
0.956549
0.957128
0.957707
0.958287
0.958867
0.959448
0.960028
0.960609
0.961190
0.961772
0.962353
0.962935
0.963517
0.964100
0.964682
0.965265
0.965848
0.966432
0.967015
0.967599
0.968183
0.968767
0.969351
0.969936
0.970521
0.971106
0.971691
0.972276
0.972861
0.973447
0.974033
0.974618
0.975204
0.975790
0.976377
0.976963
0.977550
0.978136
0.978723
0.979310
0.979897
0.980484
0.981071
0.981658
0.982245
0.982832
0.983420
0.984007
0.984595
0.985182
0.985770
0.986357
0.986945
0.987533
0.988121
0.988708
0.989296
0.989884
0.990471
0.991059
0.991647
0.992234
0.992822
0.993410
0.993997
0.994585
0.995172
0.995760
0.996347
0.996935
0.997522
0.998109
0.998696
0.999283
0.999870
1.000457
1.001044
1.001631
1.002217
1.002804
1.003390
1.003976
1.004562
1.005148
1.005734
1.006319
1.006905
1.007490
1.008075
1.008660
1.009245
1.009830
1.010414
1.010998
1.011582
1.012166
1.012750
1.013333
1.013916
1.014499
1.015082
1.015664
1.016247
1.016828
1.017410
1.017992
1.018573
1.019154
1.019734
1.020315
1.020895
1.021475
1.022054
1.022633
1.023212
1.023791
1.024369
1.024947
1.025524
1.026102
1.026679
1.027255
1.027831
1.028407
1.028983
1.029558
1.030132
1.030707
1.031281
1.031854
1.032427
1.033000
1.033573
1.034145
1.034716
1.035287
1.035858
1.036428
1.036998
1.037567
1.038136
1.038704
1.039272
1.039840
1.040407
1.040973
1.041539
1.042105
1.042670
1.043234
1.043798
1.044362
1.044925
1.045487
1.046049
1.046611
1.047172
1.047732
1.048292
1.048851
1.049410
1.049968
1.050525
1.051082
1.051638
1.052194
1.052749
1.053304
1.053858
1.054411
1.054964
1.055516
1.056067
1.056618
1.057168
1.057718
1.058267
1.058815
1.059362
1.059909
1.060456
1.061001
1.061546
1.062090
1.062634
1.063176
1.063718
1.064260
1.064800
1.065340
1.065879
1.066418
1.066956
1.067493
1.068029
1.068564
1.069099
1.069633
1.070166
1.070699
1.071230
1.071761
1.072291
1.072820
1.073349
1.073877
1.074403
1.074929
1.075455
1.075979
1.076502
1.077025
1.077547
1.078068
1.078588
1.079107
1.079626
1.080143
1.080660
1.081176
1.081691
1.082205
1.082718
1.083230
1.083742
1.084252
1.084761
1.085270
1.085778
1.086284
1.086790
1.087295
1.087799
1.088302
1.088804
1.089305
1.089805
1.090304
1.090802
1.091299
1.091795
1.092290
1.092784
1.093278
1.093770
1.094261
1.094751
1.095240
1.095728
1.096215
1.096701
1.097186
1.097670
1.098152
1.098634
1.099115
1.099595
1.100073
1.100551
1.101027
1.101502
1.101976
1.102450
1.102922
1.103392
1.103862
1.104331
1.104799
1.105265
1.105730
1.106194
1.106657
1.107119
1.107580
1.108040
1.108498
1.108955
1.109411
1.109866
1.110320
1.110772
1.111224
1.111674
1.112123
1.112571
1.113017
1.113463
1.113907
1.114350
1.114791
1.115232
1.115671
1.116109
1.116546
1.116981
1.117415
1.117848
1.118280
1.118710
1.119140
1.119567
1.119994
1.120419
1.120843
1.121266
1.121688
1.122108
1.122527
1.122944
1.123360
1.123775
1.124189
1.124601
1.125012
1.125422
1.125830
1.126237
1.126642
1.127047
1.127449
1.127851
1.128251
1.128650
1.129047
1.129443
1.129838
1.130231
1.130623
1.131013
1.131402
1.131790
1.132176
1.132561
1.132944
1.133326
1.133707
1.134086
1.134464
1.134840
1.135215
1.135588
1.135960
1.136331
1.136700
1.137067
1.137433
1.137798
1.138161
1.138523
1.138883
1.139242
1.139599
1.139955
1.140309
1.140662
1.141013
1.141363
1.141711
1.142058
1.142403
1.142747
1.143089
1.143430
1.143769
1.144107
1.144443
1.144777
1.145110
1.145442
1.145772
1.146100
1.146427
1.146752
1.147076
1.147398
1.147718
1.148037
1.148355
1.148670
1.148985
1.149297
1.149608
1.149918
1.150225
1.150532
1.150836
1.151139
1.151441
1.151741
1.152039
1.152335
1.152630
1.152923
1.153215
1.153505
1.153794
1.154080
1.154365
1.154649
1.154931
1.155211
1.155489
1.155766
1.156041
1.156315
1.156587
1.156857
1.157126
1.157392
1.157658
1.157921
1.158183
1.158443
1.158701
1.158958
1.159213
1.159467
1.159718
1.159968
1.160216
1.160463
1.160708
1.160951
1.161192
1.161432
1.161670
1.161906
1.162141
1.162373
1.162604
1.162834
1.163061
1.163287
1.163511
1.163734
1.163954
1.164173
1.164390
1.164606
1.164819
1.165031
1.165241
1.165449
1.165656
1.165861
1.166064
1.166265
1.166465
1.166662
1.166858
1.167052
1.167245
1.167435
1.167624
1.167811
1.167996
1.168180
1.168361
1.168541
1.168719
1.168896
1.169070
1.169243
1.169414
1.169583
1.169750
1.169915
1.170079
1.170241
1.170401
1.170559
1.170715
1.170870
1.171022
1.171173
1.171322
1.171469
1.171615
1.171758
1.171900
1.172040
1.172178
1.172314
1.172448
1.172581
1.172712
1.172841
1.172968
1.173093
1.173216
1.173337
1.173457
1.173575
1.173691
1.173805
1.173917
1.174027
1.174136
1.174242
1.174347
1.174450
1.174551
1.174650
1.174748
1.174843
1.174937
1.175028
1.175118
1.175206
1.175292
1.175377
1.175459
1.175540
1.175618
1.175695
1.175770
1.175843
1.175914
1.175983
1.176050
1.176116
1.176179
1.176241
1.176301
1.176359
1.176415
1.176469
1.176522
1.176572
1.176620
1.176667
1.176712
1.176755
1.176796
1.176835
1.176872
1.176907
1.176941
1.176972
1.177002
1.177030
1.177055
1.177079
1.177101
1.177122
1.177140
1.177156
1.177171
1.177183
1.177194
1.177203
1.177210
1.177215
1.177218
1.177219
1.177218
1.177216
1.177211
1.177205
1.177197
1.177187
1.177175
1.177161
1.177145
1.177127
1.177108
1.177086
1.177063
1.177037
1.177010
1.176981
1.176950
1.176917
1.176882
1.176846
1.176807
1.176767
1.176724
1.176680
1.176634
1.176586
1.176536
1.176484
1.176431
1.176375
1.176318
1.176258
1.176197
1.176134
1.176069
1.176002
1.175933
1.175863
1.175790
1.175716
1.175639
1.175561
1.175481
1.175399
1.175315
1.175230
1.175142
1.175053
1.174961
1.174868
1.174773
1.174676
1.174577
1.174477
1.174374
1.174270
1.174163
1.174055
1.173945
1.173833
1.173719
1.173604
1.173486
1.173367
1.173246
1.173123
1.172998
1.172871
1.172742
1.172612
1.172479
1.172345
1.172209
1.172071
1.171931
1.171790
1.171646
1.171501
1.171354
1.171205
1.171054
1.170902
1.170747
1.170591
1.170433
1.170273
1.170111
1.169947
1.169782
1.169615
1.169446
1.169275
1.169102
1.168927
1.168751
1.168573
1.168393
1.168211
1.168027
1.167842
1.167655
1.167466
1.167275
1.167082
1.166888
1.166692
1.166494
1.166294
1.166092
1.165889
1.165684
1.165477
1.165268
1.165058
1.164845
1.164631
1.164415
1.164198
1.163978
1.163757
1.163534
1.163310
1.163083
1.162855
1.162625
1.162394
1.162160
1.161925
1.161688
1.161449
1.161209
1.160967
1.160723
1.160477
1.160230
1.159981
1.159730
1.159478
1.159223
1.158967
1.158710
1.158450
1.158189
1.157926
1.157662
1.157396
1.157128
1.156858
1.156587
1.156314
1.156039
1.155763
1.155485
1.155205
1.154923
1.154640
1.154355
1.154069
1.153781
1.153491
1.153200
1.152907
1.152612
1.152315
1.152017
1.151718
1.151416
1.151113
1.150809
1.150503
1.150195
1.149885
1.149574
1.149261
1.148947
1.148631
1.148313
1.147994
1.147673
1.147351
1.147027
1.146701
1.146374
1.146045
1.145715
1.145383
1.145049
1.144714
1.144378
1.144039
1.143699
1.143358
1.143015
1.142671
1.142325
1.141977
1.141628
1.141277
1.140925
1.140571
1.140216
1.139859
1.139501
1.139141
1.138779
1.138417
1.138052
1.137686
1.137319
1.136950
1.136580
1.136208
1.135834
1.135459
1.135083
1.134705
1.134326
1.133945
1.133563
1.133179
1.132794
1.132408
1.132020
1.131630
1.131239
1.130847
1.130453
1.130058
1.129661
1.129263
1.128864
1.128463
1.128061
1.127657
1.127252
1.126845
1.126437
1.126028
1.125617
1.125205
1.124792
1.124377
1.123961
1.123543
1.123125
1.122704
1.122283
1.121860
1.121435
1.121010
1.120583
1.120155
1.119725
1.119294
1.118862
1.118428
1.117993
1.117557
1.117120
1.116681
1.116241
1.115800
1.115357
1.114913
1.114468
1.114022
1.113574
1.113125
1.112675
1.112223
1.111771
1.111317
1.110861
1.110405
1.109947
1.109488
1.109028
1.108567
1.108105
1.107641
1.107176
1.106710
1.106243
1.105774
1.105304
1.104834
1.104362
1.103888
1.103414
1.102939
1.102462
1.101984
1.101505
1.101025
1.100544
1.100062
1.099578
1.099094
1.098608
1.098121
1.097633
1.097144
1.096654
1.096163
1.095671
1.095177
1.094683
1.094188
1.093691
1.093193
1.092695
1.092195
1.091694
1.091193
1.090690
1.090186
1.089681
1.089175
1.088668
1.088160
1.087651
1.087141
1.086631
1.086119
1.085606
1.085092
1.084577
1.084061
1.083544
1.083027
1.082508
1.081988
1.081468
1.080946
1.080424
1.079901
1.079376
1.078851
1.078325
1.077798
1.077270
1.076741
1.076212
1.075681
1.075150
1.074617
1.074084
1.073550
1.073015
1.072479
1.071943
1.071405
1.070867
1.070328
1.069788
1.069247
1.068706
1.068163
1.067620
1.067076
1.066531
1.065986
1.065439
1.064892
1.064344
1.063796
1.063246
1.062696
1.062145
1.061594
1.061041
1.060488
1.059934
1.059380
1.058824
1.058268
1.057712
1.057154
1.056596
1.056038
1.055478
1.054918
1.054357
1.053796
1.053234
1.052671
1.052107
1.051543
1.050979
1.050413
1.049847
1.049281
1.048713
1.048146
1.047577
1.047008
1.046439
1.045868
1.045298
1.044726
1.044154
1.043582
1.043009
1.042435
1.041861
1.041287
1.040711
1.040136
1.039559
1.038983
1.038405
1.037828
1.037249
1.036671
1.036091
1.035512
1.034931
1.034351
1.033769
1.033188
1.032606
1.032023
1.031440
1.030857
1.030273
1.029689
1.029104
1.028519
1.027934
1.027348
1.026762
1.026175
1.025588
1.025000
1.024413
1.023824
1.023236
1.022647
1.022058
1.021468
1.020878
1.020288
1.019698
1.019107
1.018516
1.017924
1.017332
1.016740
1.016148
1.015555
1.014962
1.014369
1.013776
1.013182
1.012588
1.011994
1.011399
1.010804
1.010209
1.009614
1.009019
1.008423
1.007828
1.007232
1.006635
1.006039
1.005442
1.004846
1.004249
1.003652
1.003054
1.002457
1.001860
1.001262
1.000664
1.000066
0.999468
0.998870
0.998272
0.997673
0.997075
0.996476
0.995878
0.995279
0.994680
0.994081
0.993482
0.992883
0.992284
0.991685
0.991086
0.990487
0.989887
0.989288
0.988689
0.988090
0.987490
0.986891
0.986292
0.985693
0.985094
0.984494
0.983895
0.983296
0.982697
0.982098
0.981499
0.980900
0.980301
0.979703
0.979104
0.978505
0.977907
0.977309
0.976710
0.976112
0.975514
0.974916
0.974318
0.973721
0.973123
0.972526
0.971928
0.971331
0.970735
0.970138
0.969541
0.968945
0.968349
0.967753
0.967157
0.966561
0.965966
0.965371
0.964776
0.964181
0.963587
0.962992
0.962398
0.961805
0.961211
0.960618
0.960025
0.959432
0.958840
0.958248
0.957656
0.957064
0.956473
0.955882
0.955292
0.954702
0.954112
0.953522
0.952933
0.952344
0.951755
0.951167
0.950579
0.949992
0.949405
0.948818
0.948232
0.947646
0.947060
0.946475
0.945891
0.945306
0.944723
0.944139
0.943556
0.942974
0.942392
0.941810
0.941229
0.940648
0.940068
0.939488
0.938909
0.938330
0.937752
0.937174
0.936596
0.936020
0.935443
0.934868
0.934292
0.933718
0.933143
0.932570
0.931997
0.931424
0.930852
0.930281
0.929710
0.929140
0.928570
0.928001
0.927433
0.926865
0.926297
0.925731
0.925165
0.924599
0.924035
0.923470
0.922907
0.922344
0.921782
0.921220
0.920659
0.920099
0.919540
0.918981
0.918423
0.917865
0.917308
0.916752
0.916197
0.915642
0.915088
0.914535
0.913983
0.913431
0.912880
0.912329
0.911780
0.911231
0.910683
0.910136
0.909589
0.909044
0.908499
0.907955
0.907411
0.906869
0.906327
0.905786
0.905246
0.904707
0.904169
0.903631
0.903094
0.902558
0.902023
0.901489
0.900956
0.900423
0.899892
0.899361
0.898831
0.898302
0.897774
0.897247
0.896720
0.896195
0.895671
0.895147
0.894624
0.894103
0.893582
0.893062
0.892543
0.892025
0.891508
0.890992
0.890477
0.889963
0.889450
0.888938
0.888427
0.887917
0.887407
0.886899
0.886392
0.885886
0.885381
0.884877
0.884374
0.883872
0.883371
0.882871
0.882372
0.881874
0.881377
0.880881
0.880386
0.879893
0.879400
0.878909
0.878418
0.877929
0.877441
0.876954
0.876468
0.875983
0.875499
0.875016
0.874535
0.874054
0.873575
0.873097
0.872620
0.872144
0.871669
0.871196
0.870723
0.870252
0.869782
0.869313
0.868845
0.868379
0.867914
0.867449
0.866987
0.866525
0.866064
0.865605
0.865147
0.864690
0.864234
0.863780
0.863327
0.862875
0.862424
0.861975
0.861526
0.861080
0.860634
0.860189
0.859746
0.859304
0.858864
0.858425
0.857987
0.857550
0.857115
0.856680
0.856248
0.855816
0.855386
0.854957
0.854530
0.854103
0.853678
0.853255
0.852833
0.852412
0.851992
0.851574
0.851157
0.850742
0.850328
0.849915
0.849504
0.849094
0.848685
0.848278
0.847872
0.847468
0.847065
0.846663
0.846263
0.845864
0.845467
0.845071
0.844676
0.844283
0.843892
0.843501
0.843113
0.842725
0.842339
0.841955
0.841572
0.841190
0.840810
0.840432
0.840054
0.839679
0.839305
0.838932
0.838561
0.838191
0.837823
0.837456
0.837090
0.836727
0.836364
0.836004
0.835644
0.835287
0.834930
0.834576
0.834223
0.833871
0.833521
0.833172
0.832825
0.832480
0.832136
0.831793
0.831452
0.831113
0.830775
0.830439
0.830105
0.829772
0.829440
0.829110
0.828782
0.828455
0.828130
0.827807
0.827485
0.827165
0.826846
0.826529
0.826213
0.825899
0.825587
0.825276
0.824967
0.824660
0.824354
0.824050
0.823747
0.823446
0.823147
0.822849
0.822553
0.822259
0.821966
0.821675
0.821386
0.821098
0.820812
0.820528
0.820245
0.819964
0.819684
0.819407
0.819130
0.818856
0.818583
0.818312
0.818043
0.817775
0.817509
0.817245
0.816983
0.816722
0.816463
0.816205
0.815949
0.815695
0.815443
0.815192
0.814944
0.814696
0.814451
0.814207
0.813965
0.813725
0.813487
0.813250
0.813015
0.812781
0.812550
0.812320
0.812092
0.811866
0.811641
0.811418
0.811197
0.810978
0.810760
0.810545
0.810331
0.810118
0.809908
0.809699
0.809492
0.809287
0.809084
0.808882
0.808682
0.808484
0.808288
0.808093
0.807901
0.807710
0.807521
0.807333
0.807148
0.806964
0.806782
0.806602
0.806424
0.806247
0.806073
0.805900
0.805729
0.805559
0.805392
0.805226
0.805062
0.804900
0.804740
0.804582
0.804425
0.804270
0.804117
0.803966
0.803817
0.803670
0.803524
0.803380
0.803238
0.803098
0.802960
0.802823
0.802689
0.802556
0.802425
0.802296
0.802169
0.802043
0.801920
0.801798
0.801678
0.801560
0.801444
0.801330
0.801217
0.801107
0.800998
0.800891
0.800786
0.800683
0.800582
0.800482
0.800385
0.800289
0.800195
0.800103
0.800013
0.799925
0.799838
0.799754
0.799671
0.799590
0.799511
0.799434
0.799359
0.799286
0.799214
0.799144
0.799077
0.799011
0.798947
0.798885
0.798825
0.798766
0.798710
0.798655
0.798602
0.798551
0.798502
0.798455
0.798410
0.798367
0.798325
0.798286
0.798248
0.798212
0.798178
0.798146
0.798116
0.798087
0.798061
0.798036
0.798014
0.797993
0.797974
0.797957
0.797942
0.797928
0.797917
0.797907
0.797900
0.797894
0.797890
0.797888
0.797888
0.797889
0.797893
0.797898
0.797906
0.797915
0.797926
0.797939
0.797954
0.797971
0.797989
0.798010
0.798032
0.798056
0.798083
0.798111
0.798140
0.798172
0.798206
0.798241
0.798279
0.798318
0.798359
0.798402
0.798447
0.798493
0.798542
0.798592
0.798645
0.798699
0.798755
0.798813
0.798873
0.798934
0.798998
0.799063
0.799130
0.799199
0.799270
0.799343
0.799418
0.799494
0.799572
0.799653
0.799735
0.799819
0.799904
0.799992
0.800081
0.800173
0.800266
0.800361
0.800458
0.800556
0.800657
0.800759
0.800864
0.800970
0.801077
0.801187
0.801299
0.801412
0.801527
0.801644
0.801763
0.801884
0.802006
0.802131
0.802257
0.802385
0.802515
0.802646
0.802780
0.802915
0.803052
0.803191
0.803332
0.803474
0.803618
0.803765
0.803912
0.804062
0.804214
0.804367
0.804522
0.804679
0.804838
0.804998
0.805160
0.805324
0.805490
0.805658
0.805827
0.805999
0.806172
0.806346
0.806523
0.806701
0.806881
0.807063
0.807247
0.807432
0.807619
0.807808
0.807999
0.808191
0.808385
0.808581
0.808779
0.808978
0.809179
0.809382
0.809587
0.809793
0.810001
0.810211
0.810422
0.810636
0.810851
0.811067
0.811286
0.811506
0.811728
0.811951
0.812177
0.812404
0.812632
0.812863
0.813095
0.813329
0.813564
0.813801
0.814040
0.814281
0.814523
0.814767
0.815013
0.815260
0.815509
0.815760
0.816012
0.816266
0.816522
0.816779
0.817038
0.817299
0.817561
0.817825
0.818090
0.818357
0.818626
0.818897
0.819169
0.819443
0.819718
0.819995
0.820274
0.820554
0.820836
0.821119
0.821404
0.821691
0.821979
0.822269
0.822561
0.822854
0.823148
0.823445
0.823743
0.824042
0.824343
0.824646
0.824950
0.825255
0.825563
0.825872
0.826182
0.826494
0.826808
0.827123
0.827439
0.827757
0.828077
0.828398
0.828721
0.829045
0.829371
0.829699
0.830027
0.830358
0.830690
0.831023
0.831358
0.831694
0.832032
0.832372
0.832713
0.833055
0.833399
0.833744
0.834091
0.834439
0.834789
0.835140
0.835493
0.835847
0.836203
0.836560
0.836918
0.837278
0.837640
0.838002
0.838367
0.838732
0.839099
0.839468
0.839838
0.840209
0.840582
0.840956
0.841332
0.841709
0.842087
0.842467
0.842848
0.843230
0.843614
0.843999
0.844386
0.844774
0.845163
0.845554
0.845946
0.846340
0.846734
0.847130
0.847528
0.847927
0.848327
0.848728
0.849131
0.849535
0.849940
0.850347
0.850755
0.851164
0.851575
0.851987
0.852400
0.852815
0.853230
0.853647
0.854066
0.854485
0.854906
0.855328
0.855751
0.856176
0.856602
0.857029
0.857457
0.857887
0.858318
0.858750
0.859183
0.859617
0.860053
0.860490
0.860928
0.861367
0.861808
0.862249
0.862692
0.863136
0.863581
0.864028
0.864475
0.864924
0.865374
0.865825
0.866277
0.866731
0.867185
0.867641
0.868097
0.868555
0.869014
0.869474
0.869936
0.870398
0.870861
0.871326
0.871792
0.872258
0.872726
0.873195
0.873665
0.874136
0.874608
0.875082
0.875556
0.876031
0.876508
0.876985
0.877463
0.877943
0.878424
0.878905
0.879388
0.879871
0.880356
0.880842
0.881328
0.881816
0.882305
0.882794
0.883285
0.883776
0.884269
0.884763
0.885257
0.885753
0.886249
0.886747
0.887245
0.887744
0.888244
0.888746
0.889248
0.889751
0.890255
0.890760
0.891265
0.891772
0.892280
0.892788
0.893298
0.893808
0.894319
0.894831
0.895344
0.895858
0.896372
0.896888
0.897404
0.897921
0.898440
0.898958
0.899478
0.899999
0.900520
0.901042
0.901565
0.902089
0.902614
0.903139
0.903665
0.904192
0.904720
0.905249
0.905778
0.906308
0.906839
0.907371
0.907903
0.908436
0.908970
0.909505
0.910040
0.910577
0.911113
0.911651
0.912189
0.912728
0.913268
0.913808
0.914350
0.914891
0.915434
0.915977
0.916521
0.917065
0.917611
0.918156
0.918703
0.919250
0.919798
0.920346
0.920895
0.921445
0.921995
0.922546
0.923098
0.923650
0.924203
0.924756
0.925310
0.925865
0.926420
0.926976
0.927532
0.928089
0.928647
0.929205
0.929763
0.930322
0.930882
0.931442
0.932003
0.932564
0.933126
0.933688
0.934251
0.934815
0.935378
0.935943
0.936508
0.937073
0.937639
0.938205
0.938772
0.939339
0.939907
0.940475
0.941043
0.941613
0.942182
0.942752
0.943322
0.943893
0.944464
0.945036
0.945608
0.946180
0.946753
0.947327
0.947900
0.948474
0.949049
0.949623
0.950199
0.950774
0.951350
0.951926
0.952503
0.953080
0.953657
0.954234
0.954812
0.955390
0.955969
0.956548
0.957127
0.957706
0.958286
0.958866
0.959447
0.960027
0.960608
0.961189
0.961771
0.962352
0.962934
0.963516
0.964099
0.964681
0.965264
0.965847
0.966431
0.967014
0.967598
0.968182
0.968766
0.969350
0.969935
0.970520
0.971105
0.971690
0.972275
0.972860
0.973446
0.974032
0.974617
0.975203
0.975790
0.976376
0.976962
0.977549
0.978135
0.978722
0.979309
0.979896
0.980483
0.981070
0.981657
0.982244
0.982831
0.983419
0.984006
0.984594
0.985181
0.985769
0.986357
0.986944
0.987532
0.988120
0.988707
0.989295
0.989883
0.990470
0.991058
0.991646
0.992233
0.992821
0.993409
0.993996
0.994584
0.995171
0.995759
0.996346
0.996934
0.997521
0.998108
0.998695
0.999282
0.999869
1.000456
1.001043
1.001630
1.002216
1.002803
1.003389
1.003975
1.004561
1.005147
1.005733
1.006318
1.006904
1.007489
1.008074
1.008659
1.009244
1.009829
1.010413
1.010997
1.011581
1.012165
1.012749
1.013332
1.013915
1.014498
1.015081
1.015663
1.016246
1.016828
1.017409
1.017991
1.018572
1.019153
1.019733
1.020314
1.020894
1.021474
1.022053
1.022632
1.023211
1.023790
1.024368
1.024946
1.025523
1.026101
1.026678
1.027254
1.027830
1.028406
1.028982
1.029557
1.030131
1.030706
1.031280
1.031853
1.032427
1.032999
1.033572
1.034144
1.034715
1.035286
1.035857
1.036427
1.036997
1.037566
1.038135
1.038703
1.039271
1.039839
1.040406
1.040972
1.041538
1.042104
1.042669
1.043233
1.043798
1.044361
1.044924
1.045486
1.046048
1.046610
1.047171
1.047731
1.048291
1.048850
1.049409
1.049967
1.050524
1.051081
1.051637
1.052193
1.052748
1.053303
1.053857
1.054410
1.054963
1.055515
1.056066
1.056617
1.057167
1.057717
1.058266
1.058814
1.059361
1.059908
1.060455
1.061000
1.061545
1.062089
1.062633
1.063175
1.063717
1.064259
1.064799
1.065339
1.065879
1.066417
1.066955
1.067492
1.068028
1.068563
1.069098
1.069632
1.070165
1.070698
1.071229
1.071760
1.072290
1.072820
1.073348
1.073876
1.074402
1.074928
1.075454
1.075978
1.076502
1.077024
1.077546
1.078067
1.078587
1.079107
1.079625
1.080143
1.080659
1.081175
1.081690
1.082204
1.082717
1.083229
1.083741
1.084251
1.084761
1.085269
1.085777
1.086283
1.086789
1.087294
1.087798
1.088301
1.088803
1.089304
1.089804
1.090303
1.090801
1.091298
1.091794
1.092289
1.092784
1.093277
1.093769
1.094260
1.094750
1.095239
1.095727
1.096214
1.096700
1.097185
1.097669
1.098152
1.098633
1.099114
1.099594
1.100072
1.100550
1.101026
1.101501
1.101976
1.102449
1.102921
1.103392
1.103861
1.104330
1.104798
1.105264
1.105729
1.106194
1.106657
1.107118
1.107579
1.108039
1.108497
1.108954
1.109411
1.109865
1.110319
1.110772
1.111223
1.111673
1.112122
1.112570
1.113016
1.113462
1.113906
1.114349
1.114790
1.115231
1.115670
1.116108
1.116545
1.116980
1.117415
1.117848
1.118279
1.118710
1.119139
1.119567
1.119993
1.120419
1.120843
1.121266
1.121687
1.122107
1.122526
1.122944
1.123360
1.123775
1.124188
1.124601
1.125011
1.125421
1.125829
1.126236
1.126642
1.127046
1.127449
1.127850
1.128250
1.128649
1.129047
1.129443
1.129837
1.130230
1.130622
1.131013
1.131402
1.131789
1.132176
1.132560
1.132944
1.133326
1.133706
1.134085
1.134463
1.134839
1.135214
1.135588
1.135960
1.136330
1.136699
1.137067
1.137433
1.137798
1.138161
1.138522
1.138883
1.139241
1.139599
1.139954
1.140309
1.140661
1.141013
1.141363
1.141711
1.142058
1.142403
1.142747
1.143089
1.143429
1.143769
1.144106
1.144442
1.144777
1.145110
1.145441
1.145771
1.146099
1.146426
1.146751
1.147075
1.147397
1.147718
1.148037
1.148354
1.148670
1.148984
1.149297
1.149608
1.149917
1.150225
1.150531
1.150836
1.151139
1.151440
1.151740
1.152038
1.152335
1.152630
1.152923
1.153215
1.153505
1.153793
1.154080
1.154365
1.154648
1.154930
1.155210
1.155489
1.155766
1.156041
1.156314
1.156586
1.156857
1.157125
1.157392
1.157657
1.157921
1.158182
1.158443
1.158701
1.158958
1.159213
1.159466
1.159718
1.159968
1.160216
1.160463
1.160707
1.160950
1.161192
1.161432
1.161670
1.161906
1.162140
1.162373
1.162604
1.162833
1.163061
1.163287
1.163511
1.163733
1.163954
1.164173
1.164390
1.164605
1.164819
1.165031
1.165241
1.165449
1.165656
1.165860
1.166064
1.166265
1.166464
1.166662
1.166858
1.167052
1.167244
1.167435
1.167624
1.167811
1.167996
1.168180
1.168361
1.168541
1.168719
1.168895
1.169070
1.169242
1.169413
1.169582
1.169749
1.169915
1.170079
1.170240
1.170400
1.170558
1.170715
1.170869
1.171022
1.171173
1.171322
1.171469
1.171614
1.171758
1.171900
1.172040
1.172178
1.172314
1.172448
1.172581
1.172711
1.172840
1.172967
1.173093
1.173216
1.173337
1.173457
1.173575
1.173691
1.173805
1.173917
1.174027
1.174136
1.174242
1.174347
1.174450
1.174551
1.174650
1.174748
1.174843
1.174937
1.175028
1.175118
1.175206
1.175292
1.175377
1.175459
1.175539
1.175618
1.175695
1.175770
1.175843
1.175914
1.175983
1.176050
1.176116
1.176179
1.176241
1.176301
1.176359
1.176415
1.176469
1.176521
1.176572
1.176620
1.176667
1.176712
1.176755
1.176796
1.176835
1.176872
1.176907
1.176941
1.176972
1.177002
1.177029
1.177055
1.177079
1.177101
1.177122
1.177140
1.177156
1.177171
1.177183
1.177194
1.177203
1.177210
1.177215
1.177218
1.177219
1.177218
1.177216
1.177211
1.177205
1.177196
1.177186
1.177173
1.177158
1.177142
1.177124
1.177104
1.177083
1.177061
1.177037
1.177012
1.176985
1.176958
1.176929
1.176899
1.176867
1.176835
1.176801
1.176767
1.176731
1.176693
1.176655
1.176616
1.176575
1.176533
1.176490
1.176446
1.176400
1.176353
1.176305
1.176256
1.176205
1.176153
1.176099
1.176044
1.175988
1.175930
1.175871
1.175811
1.175749
1.175685
1.175620
1.175554
1.175486
1.175416
1.175345
1.175272
1.175198
1.175122
1.175044
1.174965
1.174884
1.174801
1.174717
1.174630
1.174543
1.174453
1.174362
1.174268
1.174173
1.174077
1.173978
1.173878
1.173775
1.173671
1.173565
1.173457
1.173348
1.173236
1.173122
1.173007
1.172889
1.172770
1.172649
1.172526
1.172401
1.172273
1.172144
1.172013
1.171880
1.171745
1.171608
1.171469
1.171328
1.171185
1.171040
1.170893
1.170744
1.170593
1.170440
1.170285
1.170128
1.169968
1.169807
1.169644
1.169479
1.169311
1.169142
1.168970
1.168797
1.168621
1.168444
1.168264
1.168082
1.167899
1.167713
1.167525
1.167335
1.167143
1.166949
1.166753
1.166555
1.166355
1.166153
1.165948
1.165742
1.165534
1.165324
1.165111
1.164897
1.164681
1.164462
1.164242
1.164019
1.163795
1.163568
1.163340
1.163109
1.162877
1.162642
1.162406
1.162167
1.161927
1.161685
1.161440
1.161194
1.160945
1.160695
1.160443
1.160189
1.159932
1.159674
1.159414
1.159152
1.158888
1.158622
1.158355
1.158085
1.157813
1.157540
1.157264
1.156987
1.156708
1.156427
1.156144
1.155859
1.155572
1.155284
1.154993
1.154701
1.154407
1.154111
1.153813
1.153513
1.153212
1.152909
1.152604
1.152297
1.151988
1.151678
1.151365
1.151051
1.150736
1.150418
1.150099
1.149778
1.149455
1.149130
1.148804
1.148476
1.148146
1.147814
1.147481
1.147146
1.146810
1.146471
1.146131
1.145789
1.145446
1.145101
1.144754
1.144406
1.144056
1.143704
1.143351
1.142996
1.142639
1.142281
1.141921
1.141560
1.141197
1.140832
1.140466
1.140098
1.139728
1.139357
1.138985
1.138611
1.138235
1.137858
1.137479
1.137099
1.136717
1.136333
1.135948
1.135562
1.135174
1.134785
1.134394
1.134001
1.133607
1.133212
1.132815
1.132417
1.132017
1.131616
1.131213
1.130809
1.130403
1.129996
1.129587
1.129178
1.128766
1.128353
1.127939
1.127524
1.127107
1.126688
1.126269
1.125848
1.125425
1.125001
1.124576
1.124149
1.123721
1.123292
1.122862
1.122430
1.121996
1.121562
1.121126
1.120688
1.120250
1.119810
1.119369
1.118926
1.118483
1.118038
1.117591
1.117144
1.116695
1.116245
1.115793
1.115341
1.114887
1.114432
1.113975
1.113518
1.113059
1.112599
1.112138
1.111675
1.111212
1.110747
1.110281
1.109813
1.109345
1.108875
1.108405
1.107933
1.107460
1.106985
1.106510
1.106033
1.105556
1.105077
1.104597
1.104116
1.103633
1.103150
1.102666
1.102180
1.101693
1.101206
1.100717
1.100227
1.099736
1.099244
1.098750
1.098256
1.097761
1.097264
1.096767
1.096268
1.095769
1.095268
1.094767
1.094264
1.093761
1.093256
1.092750
1.092243
1.091736
1.091227
1.090717
1.090207
1.089695
1.089183
1.088669
1.088154
1.087639
1.087122
1.086605
1.086087
1.085567
1.085047
1.084526
1.084004
1.083481
1.082957
1.082432
1.081906
1.081380
1.080852
1.080324
1.079794
1.079264
1.078733
1.078201
1.077668
1.077134
1.076600
1.076064
1.075528
1.074991
1.074453
1.073915
1.073375
1.072835
1.072293
1.071751
1.071209
1.070665
1.070121
1.069575
1.069029
1.068483
1.067935
1.067387
1.066838
1.066288
1.065738
1.065186
1.064634
1.064081
1.063528
1.062974
1.062419
1.061863
1.061307
1.060750
1.060192
1.059634
1.059074
1.058515
1.057954
1.057393
1.056831
1.056269
1.055705
1.055142
1.054577
1.054012
1.053446
1.052880
1.052313
1.051746
1.051177
1.050609
1.050039
1.049469
1.048899
1.048327
1.047756
1.047183
1.046610
1.046037
1.045463
1.044888
1.044313
1.043738
1.043162
1.042585
1.042008
1.041430
1.040852
1.040273
1.039694
1.039114
1.038534
1.037953
1.037372
1.036790
1.036208
1.035625
1.035042
1.034459
1.033875
1.033290
1.032706
1.032120
1.031535
1.030949
1.030362
1.029775
1.029188
1.028600
1.028012
1.027424
1.026835
1.026246
1.025656
1.025066
1.024476
1.023885
1.023294
1.022703
1.022111
1.021519
1.020927
1.020335
1.019742
1.019149
1.018555
1.017961
1.017367
1.016773
1.016178
1.015583
1.014988
1.014393
1.013797
1.013201
1.012605
1.012009
1.011412
1.010816
1.010219
1.009622
1.009024
1.008427
1.007829
1.007231
1.006633
1.006034
1.005436
1.004837
1.004238
1.003639
1.003040
1.002441
1.001842
1.001242
1.000643
1.000043
0.999443
0.998843
0.998243
0.997643
0.997043
0.996443
0.995843
0.995242
0.994642
0.994041
0.993441
0.992840
0.992240
0.991639
0.991038
0.990438
0.989837
0.989236
0.988636
0.988035
0.987434
0.986834
0.986233
0.985632
0.985032
0.984431
0.983831
0.983230
0.982630
0.982030
0.981430
0.980829
0.980229
0.979629
0.979030
0.978430
0.977830
0.977231
0.976631
0.976032
0.975433
0.974834
0.974235
0.973636
0.973038
0.972439
0.971841
0.971243
0.970645
0.970047
0.969450
0.968853
0.968256
0.967659
0.967062
0.966466
0.965869
0.965273
0.964678
0.964082
0.963487
0.962892
0.962297
0.961703
0.961109
0.960515
0.959921
0.959328
0.958735
0.958142
0.957550
0.956958
0.956366
0.955774
0.955183
0.954593
0.954002
0.953412
0.952822
0.952233
0.951644
0.951055
0.950467
0.949879
0.949292
0.948705
0.948118
0.947532
0.946946
0.946361
0.945776
0.945192
0.944608
0.944024
0.943441
0.942858
0.942276
0.941694
0.941113
0.940532
0.939952
0.939372
0.938793
0.938214
0.937635
0.937058
0.936480
0.935904
0.935327
0.934752
0.934177
0.933602
0.933028
0.932454
0.931882
0.931309
0.930737
0.930166
0.929596
0.929026
0.928456
0.927888
0.927319
0.926752
0.926185
0.925619
0.925053
0.924488
0.923924
0.923360
0.922797
0.922235
0.921673
0.921112
0.920552
0.919992
0.919433
0.918875
0.918317
0.917760
0.917204
0.916649
0.916094
0.915540
0.914987
0.914434
0.913883
0.913332
0.912781
0.912232
0.911683
0.911135
0.910588
0.910042
0.909496
0.908951
0.908407
0.907864
0.907322
0.906780
0.906240
0.905700
0.905161
0.904623
0.904085
0.903549
0.903013
0.902478
0.901944
0.901411
0.900879
0.900348
0.899818
0.899288
0.898759
0.898232
0.897705
0.897179
0.896654
0.896130
0.895607
0.895085
0.894564
0.894043
0.893524
0.893006
0.892488
0.891972
0.891456
0.890942
0.890428
0.889916
0.889404
0.888894
0.888384
0.887876
0.887368
0.886862
0.886356
0.885852
0.885348
0.884846
0.884345
0.883844
0.883345
0.882847
0.882350
0.881854
0.881359
0.880865
0.880372
0.879880
0.879390
0.878900
0.878412
0.877924
0.877438
0.876953
0.876469
0.875986
0.875505
0.875024
0.874545
0.874066
0.873589
0.873113
0.872638
0.872165
0.871692
0.871221
0.870751
0.870282
0.869814
0.869347
0.868882
0.868418
0.867955
0.867493
0.867032
0.866573
0.866115
0.865658
0.865202
0.864748
0.864295
0.863843
0.863392
0.862943
0.862495
0.862048
0.861602
0.861158
0.860715
0.860273
0.859833
0.859393
0.858956
0.858519
0.858084
0.857650
0.857217
0.856786
0.856356
0.855927
0.855500
0.855074
0.854649
0.854225
0.853803
0.853383
0.852964
0.852546
0.852129
0.851714
0.851300
0.850888
0.850476
0.850067
0.849658
0.849252
0.848846
0.848442
0.848039
0.847638
0.847238
0.846840
0.846443
0.846047
0.845653
0.845260
0.844869
0.844479
0.844090
0.843703
0.843318
0.842934
0.842551
0.842170
0.841790
0.841412
0.841035
0.840660
0.840286
0.839914
0.839543
0.839174
0.838806
0.838440
0.838075
0.837712
0.837350
0.836990
0.836631
0.836274
0.835918
0.835564
0.835211
0.834860
0.834510
0.834162
0.833816
0.833471
0.833128
0.832786
0.832446
0.832107
0.831770
0.831434
0.831100
0.830768
0.830437
0.830108
0.829780
0.829454
0.829130
0.828807
0.828485
0.828166
0.827848
0.827531
0.827216
0.826903
0.826592
0.826282
0.825973
0.825667
0.825361
0.825058
0.824756
0.824456
0.824157
0.823861
0.823565
0.823272
0.822980
0.822689
0.822401
0.822114
0.821829
0.821545
0.821263
0.820983
0.820704
0.820427
0.820152
0.819878
0.819607
0.819336
0.819068
0.818801
0.818536
0.818273
0.818011
0.817751
0.817493
0.817236
0.816981
0.816728
0.816477
0.816227
0.815979
0.815733
0.815488
0.815246
0.815005
0.814765
0.814528
0.814292
0.814058
0.813825
0.813595
0.813366
0.813139
0.812913
0.812690
0.812468
0.812248
0.812030
0.811813
0.811598
0.811385
0.811174
0.810965
0.810757
0.810551
0.810347
0.810145
0.809944
0.809745
0.809548
0.809353
0.809160
0.808968
0.808778
0.808590
0.808404
0.808220
0.808037
0.807856
0.807677
0.807500
0.807324
0.807151
0.806979
0.806809
0.806641
0.806475
0.806310
0.806147
0.805986
0.805827
0.805670
0.805515
0.805361
0.805209
0.805059
0.804911
0.804765
0.804621
0.804478
0.804337
0.804198
0.804061
0.803926
0.803793
0.803661
0.803531
0.803403
0.803277
0.803153
0.803031
0.802910
0.802792
0.802675
0.802560
0.802447
0.802336
0.802227
0.802119
0.802013
0.801910
0.801808
0.801708
0.801609
0.801513
0.801419
0.801326
0.801235
0.801146
0.801059
0.800974
0.800891
0.800810
0.800730
0.800653
0.800577
0.800503
0.800431
0.800361
0.800292
0.800226
0.800161
0.800099
0.800038
0.799979
0.799922
0.799867
0.799813
0.799762
0.799712
0.799665
0.799619
0.799575
0.799533
0.799493
0.799455
0.799418
0.799384
0.799351
0.799320
0.799292
0.799265
0.799240
0.799216
0.799195
0.799176
0.799158
0.799142
0.799128
0.799117
0.799106
0.799098
0.799092
0.799085
0.799080
0.799077
0.799076
0.799078
0.799081
0.799087
0.799095
0.799104
0.799113
0.799124
0.799138
0.799154
0.799172
0.799192
0.799214
0.799236
0.799260
0.799286
0.799315
0.799346
0.799379
0.799412
0.799447
0.799484
0.799524
0.799566
0.799608
0.799652
0.799699
0.799748
0.799799
0.799850
0.799904
0.799960
0.800018
0.800076
0.800137
0.800200
0.800266
0.800331
0.800399
0.800470
0.800543
0.800616
0.800691
0.800769
0.800850
0.800931
0.801014
0.801099
0.801188
0.801276
0.801366
0.801459
0.801552
0.801648
0.801747
0.801848
0.801949
0.802052
0.802159
0.802265
0.802374
0.802485
0.802600
0.802714
0.802830
0.802950
0.803069
0.803191
0.803316
0.803443
0.803570
0.803700
0.803833
0.803965
0.804100
0.804238
0.804375
0.804516
0.804659
0.804805
0.804951
0.805099
0.805250
0.805401
0.805554
0.805711
0.805870
0.806028
0.806190
0.806354
0.806517
0.806684
0.806853
0.807025
0.807196
0.807370
0.807547
0.807724
0.807903
0.808085
0.808269
0.808453
0.808640
0.808830
0.809022
0.809213
0.809407
0.809604
0.809803
0.810002
0.810203
0.810407
0.810614
0.810820
0.811028
0.811239
0.811453
0.811666
0.811881
0.812099
0.812320
0.812543
0.812765
0.812990
0.813217
0.813446
0.813678
0.813909
0.814143
0.814378
0.814617
0.814857
0.815100
0.815342
0.815586
0.815832
0.816081
0.816332
0.816585
0.816840
0.817094
0.817350
0.817609
0.817869
0.818132
0.818397
0.818663
0.818932
0.819203
0.819475
0.819749
0.820025
0.820303
0.820582
0.820863
0.821146
0.821431
0.821717
0.822005
0.822294
0.822585
0.822878
0.823172
0.823467
0.823765
0.824064
0.824364
0.824666
0.824970
0.825275
0.825581
0.825890
0.826199
0.826510
0.826823
0.827137
0.827453
0.827770
0.828089
0.828409
0.828731
0.829054
0.829379
0.829705
0.830033
0.830362
0.830693
0.831025
0.831358
0.831693
0.832030
0.832368
0.832707
0.833048
0.833390
0.833734
0.834079
0.834426
0.834774
0.835124
0.835474
0.835827
0.836181
0.836536
0.836893
0.837251
0.837610
0.837971
0.838334
0.838697
0.839063
0.839429
0.839797
0.840166
0.840537
0.840909
0.841283
0.841658
0.842034
0.842412
0.842791
0.843171
0.843553
0.843936
0.844321
0.844707
0.845094
0.845482
0.845872
0.846264
0.846656
0.847050
0.847445
0.847842
0.848240
0.848639
0.849040
0.849442
0.849845
0.850249
0.850655
0.851062
0.851471
0.851880
0.852291
0.852704
0.853117
0.853532
0.853948
0.854366
0.854784
0.855204
0.855625
0.856048
0.856472
0.856897
0.857323
0.857750
0.858179
0.858609
0.859040
0.859472
0.859906
0.860340
0.860776
0.861214
0.861652
0.862092
0.862533
0.862975
0.863418
0.863862
0.864308
0.864754
0.865202
0.865651
0.866101
0.866553
0.867005
0.867459
0.867914
0.868370
0.868827
0.869285
0.869745
0.870205
0.870667
0.871129
0.871593
0.872058
0.872524
0.872992
0.873460
0.873929
0.874400
0.874871
0.875344
0.875817
0.876292
0.876768
0.877245
0.877723
0.878202
0.878682
0.879163
0.879645
0.880128
0.880612
0.881097
0.881583
0.882071
0.882559
0.883048
0.883538
0.884029
0.884522
0.885015
0.885509
0.886004
0.886500
0.886997
0.887495
0.887994
0.888494
0.888995
0.889497
0.890000
0.890504
0.891008
0.891514
0.892021
0.892528
0.893036
0.893546
0.894056
0.894567
0.895079
0.895592
0.896105
0.896620
0.897135
0.897652
0.898169
0.898687
0.899206
0.899726
0.900246
0.900768
0.901290
0.901813
0.902337
0.902862
0.903388
0.903914
0.904441
0.904969
0.905498
0.906028
0.906558
0.907089
0.907621
0.908154
0.908688
0.909222
0.909757
0.910293
0.910829
0.911367
0.911905
0.912443
0.912983
0.913523
0.914064
0.914606
0.915148
0.915691
0.916235
0.916779
0.917324
0.917870
0.918417
0.918964
0.919512
0.920060
0.920609
0.921159
0.921709
0.922261
0.922812
0.923365
0.923918
0.924471
0.925025
0.925580
0.926136
0.926692
0.927248
0.927806
0.928364
0.928922
0.929481
0.930040
0.930601
0.931161
0.931723
0.932284
0.932847
0.933410
0.933973
0.934537
0.935101
0.935666
0.936232
0.936798
0.937364
0.937932
0.938499
0.939067
0.939636
0.940205
0.940774
0.941344
0.941914
0.942485
0.943056
0.943628
0.944200
0.944773
0.945346
0.945919
0.946493
0.947068
0.947642
0.948217
0.948793
0.949369
0.949945
0.950522
0.951099
0.951676
0.952254
0.952832
0.953411
0.953990
0.954569
0.955149
0.955728
0.956309
0.956889
0.957470
0.958051
0.958633
0.959215
0.959797
0.960379
0.960962
0.961545
0.962128
0.962711
0.963295
0.963879
0.964464
0.965048
0.965633
0.966218
0.966803
0.967389
0.967974
0.968560
0.969147
0.969733
0.970319
0.970906
0.971493
0.972080
0.972668
0.973255
0.973843
0.974430
0.975018
0.975607
0.976195
0.976783
0.977372
0.977960
0.978549
0.979138
0.979727
0.980316
0.980906
0.981495
0.982084
0.982674
0.983263
0.983853
0.984443
0.985033
0.985623
0.986213
0.986802
0.987392
0.987983
0.988573
0.989163
0.989753
0.990343
0.990933
0.991523
0.992113
0.992704
0.993294
0.993884
0.994474
0.995064
0.995654
0.996244
0.996834
0.997424
0.998014
0.998603
0.999193
0.999783
1.000372
1.000962
1.001551
1.002140
1.002730
1.003319
1.003908
1.004496
1.005085
1.005674
1.006262
1.006851
1.007439
1.008027
1.008615
1.009202
1.009790
1.010377
1.010964
1.011551
1.012138
1.012725
1.013311
1.013897
1.014483
1.015069
1.015654
1.016240
1.016825
1.017410
1.017994
1.018579
1.019163
1.019746
1.020330
1.020913
1.021496
1.022079
1.022661
1.023243
1.023825
1.024407
1.024988
1.025569
1.026149
1.026729
1.027309
1.027889
1.028468
1.029047
1.029625
1.030203
1.030781
1.031358
1.031935
1.032512
1.033088
1.033664
1.034239
1.034814
1.035389
1.035963
1.036537
1.037110
1.037683
1.038255
1.038827
1.039399
1.039970
1.040540
1.041111
1.041680
1.042249
1.042818
1.043386
1.043954
1.044521
1.045088
1.045654
1.046220
1.046785
1.047349
1.047913
1.048477
1.049040
1.049602
1.050164
1.050725
1.051286
1.051846
1.052406
1.052965
1.053523
1.054081
1.054638
1.055194
1.055750
1.056306
1.056860
1.057415
1.057968
1.058521
1.059073
1.059624
1.060175
1.060725
1.061275
1.061824
1.062372
1.062919
1.063466
1.064012
1.064558
1.065102
1.065646
1.066190
1.066732
1.067274
1.067815
1.068355
1.068895
1.069434
1.069972
1.070509
1.071046
1.071581
1.072116
1.072651
1.073184
1.073717
1.074248
1.074780
1.075310
1.075839
1.076368
1.076896
1.077422
1.077949
1.078474
1.078998
1.079522
1.080045
1.080566
1.081087
1.081608
1.082127
1.082645
1.083163
1.083679
1.084195
1.084710
1.085223
1.085736
1.086248
1.086760
1.087270
1.087779
1.088287
1.088795
1.089301
1.089806
1.090311
1.090815
1.091317
1.091819
1.092319
1.092819
1.093318
1.093815
1.094312
1.094807
1.095302
1.095796
1.096288
1.096780
1.097270
1.097760
1.098248
1.098736
1.099222
1.099707
1.100191
1.100675
1.101157
1.101638
1.102118
1.102597
1.103074
1.103551
1.104027
1.104501
1.104974
1.105447
1.105918
1.106388
1.106857
1.107324
1.107791
1.108256
1.108721
1.109184
1.109646
1.110107
1.110566
1.111025
1.111482
1.111938
1.112393
1.112847
1.113300
1.113751
1.114201
1.114650
1.115098
1.115544
1.115990
1.116434
1.116877
1.117318
1.117759
1.118198
1.118636
1.119072
1.119508
1.119942
1.120374
1.120806
1.121236
1.121665
1.122093
1.122519
1.122945
1.123368
1.123791
1.124212
1.124632
1.125051
1.125468
1.125884
1.126298
1.126712
1.127124
1.127534
1.127943
1.128351
1.128758
1.129163
1.129567
1.129969
1.130370
1.130770
1.131168
1.131565
1.131961
1.132355
1.132748
1.133139
1.133529
1.133917
1.134305
1.134690
1.135075
1.135457
1.135839
1.136219
1.136597
1.136975
1.137350
1.137724
1.138097
1.138469
1.138838
1.139207
1.139574
1.139939
1.140303
1.140666
1.141027
1.141386
1.141744
1.142101
1.142456
1.142809
1.143161
1.143512
1.143861
1.144208
1.144554
1.144899
1.145242
1.145583
1.145923
1.146261
1.146598
1.146933
1.147267
1.147599
1.147929
1.148258
1.148586
1.148912
1.149236
1.149559
1.149880
1.150200
1.150518
1.150834
1.151149
1.151462
1.151774
1.152084
1.152392
1.152699
1.153004
1.153308
1.153610
1.153910
1.154209
1.154506
1.154801
1.155095
1.155387
1.155678
1.155967
1.156254
1.156540
1.156824
1.157106
1.157387
1.157666
1.157943
1.158219
1.158493
1.158765
1.159036
1.159305
1.159572
1.159838
1.160102
1.160364
1.160624
1.160883
1.161141
1.161396
1.161650
1.161902
1.162152
1.162401
1.162648
1.162893
1.163137
1.163378
1.163618
1.163857
1.164093
1.164328
1.164561
1.164793
1.165023
1.165250
1.165477
1.165701
1.165924
1.166145
1.166364
1.166581
1.166797
1.167011
1.167223
1.167434
1.167642
1.167849
1.168054
1.168258
1.168459
1.168659
1.168857
1.169053
1.169248
1.169440
1.169631
1.169820
1.170007
1.170193
1.170377
1.170558
1.170739
1.170917
1.171093
1.171268
1.171441
1.171612
1.171781
1.171949
1.172114
1.172278
1.172440
1.172600
1.172759
1.172915
1.173070
1.173223
1.173374
1.173523
1.173670
1.173816
1.173960
1.174101
1.174241
1.174380
1.174516
1.174651
1.174783
1.174914
1.175043
1.175170
1.175295
1.175419
1.175540
1.175660
1.175778
1.175894
1.176008
1.176121
1.176231
1.176340
1.176446
1.176551
1.176654
1.176755
1.176855
1.176952
1.177048
1.177141
1.177233
1.177323
1.177411
1.177497
1.177581
1.177664
1.177744
1.177823
1.177900
1.177975
1.178048
1.178119
1.178188
1.178255
1.178321
1.178385
1.178446
1.178506
1.178564
1.178620
1.178674
1.178727
1.178777
1.178825
1.178872
1.178917
1.178960
1.179001
1.179040
1.179077
1.179112
1.179145
1.179177
1.179206
1.179234
1.179260
1.179284
1.179306
1.179326
1.179344
1.179360
1.179375
1.179387
1.179398
1.179407
1.179414
1.179418
1.179421
1.179423
1.179422
1.179419
1.179415
1.179408
1.179400
1.179390
1.179377
1.179363
1.179347
1.179330
1.179310
1.179288
1.179265
1.179239
1.179212
1.179183
1.179151
1.179118
1.179083
1.179047
1.179008
1.178967
1.178925
1.178880
1.178834
1.178786
1.178736
1.178684
1.178630
1.178574
1.178517
1.178457
1.178396
1.178332
1.178267
1.178200
1.178131
1.178060
1.177987
1.177913
1.177836
1.177758
1.177677
1.177595
1.177511
1.177425
1.177337
1.177248
1.177156
1.177063
1.176967
1.176870
1.176771
1.176670
1.176567
1.176462
1.176356
1.176247
1.176137
1.176025
1.175911
1.175795
1.175677
1.175557
1.175436
1.175312
1.175187
1.175060
1.174931
1.174800
1.174668
1.174533
1.174397
1.174259
1.174118
1.173977
1.173833
1.173687
1.173540
1.173390
1.173239
1.173086
1.172931
1.172775
1.172616
1.172456
1.172294
1.172130
1.171964
1.171796
1.171627
1.171455
1.171282
1.171107
1.170931
1.170752
1.170572
1.170389
1.170205
1.170020
1.169832
1.169642
1.169451
1.169258
1.169063
1.168867
1.168668
1.168468
1.168266
1.168062
1.167857
1.167649
1.167440
1.167229
1.167016
1.166802
1.166585
1.166367
1.166147
1.165926
1.165702
1.165477
1.165250
1.165022
1.164791
1.164559
1.164325
1.164089
1.163852
1.163613
1.163372
1.163129
1.162885
1.162639
1.162391
1.162141
1.161890
1.161637
1.161382
1.161125
1.160867
1.160607
1.160346
1.160082
1.159817
1.159550
1.159282
1.159012
1.158740
1.158466
1.158191
1.157914
1.157635
1.157355
1.157073
1.156789
1.156504
1.156217
1.155928
1.155637
1.155345
1.155052
1.154756
1.154459
1.154161
1.153860
1.153558
1.153255
1.152949
1.152642
1.152334
1.152024
1.151712
1.151399
1.151083
1.150767
1.150449
1.150129
1.149807
1.149484
1.149159
1.148833
1.148505
1.148176
1.147845
1.147512
1.147178
1.146842
1.146504
1.146165
1.145825
1.145483
1.145139
1.144794
1.144447
1.144099
1.143749
1.143397
1.143044
1.142690
1.142334
1.141976
1.141617
1.141256
1.140894
1.140531
1.140165
1.139799
1.139431
1.139061
1.138690
1.138317
1.137943
1.137567
1.137190
1.136811
1.136431
1.136050
1.135667
1.135282
1.134896
1.134509
1.134120
1.133730
1.133338
1.132945
1.132550
1.132154
1.131756
1.131357
1.130957
1.130555
1.130152
1.129748
1.129342
1.128934
1.128525
1.128115
1.127704
1.127291
1.126876
1.126461
1.126044
1.125625
1.125205
1.124784
1.124362
1.123938
1.123513
1.123086
1.122658
1.122229
1.121798
1.121366
1.120933
1.120499
1.120063
1.119626
1.119187
1.118748
1.118307
1.117864
1.117421
1.116976
1.116530
1.116082
1.115633
1.115183
1.114732
1.114280
1.113826
1.113371
1.112915
1.112457
1.111999
1.111539
1.111078
1.110615
1.110152
1.109687
1.109221
1.108754
1.108286
1.107816
1.107345
1.106874
1.106400
1.105926
1.105451
1.104974
1.104497
1.104018
1.103538
1.103056
1.102574
1.102091
1.101606
1.101121
1.100634
1.100146
1.099657
1.099167
1.098676
1.098183
1.097690
1.097195
1.096700
1.096203
1.095705
1.095207
1.094707
1.094206
1.093704
1.093201
1.092697
1.092192
1.091686
1.091179
1.090671
1.090162
1.089652
1.089141
1.088629
1.088115
1.087601
1.087086
1.086570
1.086053
1.085535
1.085016
1.084497
1.083976
1.083454
1.082931
1.082408
1.081883
1.081357
1.080831
1.080304
1.079775
1.079246
1.078716
1.078185
1.077653
1.077121
1.076587
1.076053
1.075517
1.074981
1.074444
1.073906
1.073368
1.072828
1.072288
1.071746
1.071204
1.070661
1.070118
1.069573
1.069028
1.068482
1.067935
1.067387
1.066839
1.066290
1.065740
1.065189
1.064638
1.064085
1.063532
1.062979
1.062424
1.061869
1.061313
1.060756
1.060199
1.059641
1.059082
1.058523
1.057963
1.057402
1.056840
1.056278
1.055715
1.055152
1.054588
1.054023
1.053457
1.052891
1.052325
1.051757
1.051189
1.050621
1.050051
1.049482
1.048911
1.048340
1.047769
1.047196
1.046624
1.046050
1.045477
1.044902
1.044327
1.043752
1.043175
1.042599
1.042022
1.041444
1.040866
1.040287
1.039708
1.039128
1.038548
1.037967
1.037386
1.036804
1.036222
1.035640
1.035057
1.034473
1.033889
1.033305
1.032720
1.032135
1.031549
1.030963
1.030376
1.029789
1.029202
1.028614
1.028026
1.027437
1.026849
1.026259
1.025670
1.025080
1.024489
1.023899
1.023307
1.022716
1.022124
1.021532
1.020940
1.020347
1.019754
1.019161
1.018567
1.017973
1.017379
1.016785
1.016190
1.015595
1.015000
1.014404
1.013809
1.013213
1.012616
1.012020
1.011423
1.010826
1.010229
1.009632
1.009034
1.008437
1.007839
1.007241
1.006642
1.006044
1.005445
1.004847
1.004248
1.003649
1.003049
1.002450
1.001851
1.001251
1.000651
1.000052
0.999452
0.998852
0.998251
0.997651
0.997051
0.996451
0.995850
0.995250
0.994649
0.994048
0.993448
0.992847
0.992246
0.991646
0.991045
0.990444
0.989843
0.989242
0.988642
0.988041
0.987440
0.986839
0.986239
0.985638
0.985037
0.984437
0.983836
0.983236
0.982635
0.982035
0.981434
0.980834
0.980234
0.979634
0.979034
0.978434
0.977834
0.977235
0.976635
0.976036
0.975437
0.974838
0.974239
0.973640
0.973041
0.972443
0.971844
0.971246
0.970648
0.970051
0.969453
0.968856
0.968258
0.967661
0.967065
0.966468
0.965872
0.965276
0.964680
0.964085
0.963489
0.962894
0.962299
0.961705
0.961111
0.960517
0.959923
0.959330
0.958737
0.958144
0.957551
0.956959
0.956367
0.955776
0.955185
0.954594
0.954004
0.953414
0.952824
0.952234
0.951645
0.951057
0.950469
0.949881
0.949293
0.948706
0.948120
0.947533
0.946947
0.946362
0.945777
0.945193
0.944609
0.944025
0.943442
0.942859
0.942277
0.941695
0.941114
0.940533
0.939952
0.939373
0.938793
0.938214
0.937636
0.937058
0.936481
0.935904
0.935328
0.934752
0.934177
0.933602
0.933028
0.932455
0.931882
0.931310
0.930738
0.930167
0.929596
0.929026
0.928457
0.927888
0.927320
0.926752
0.926185
0.925619
0.925053
0.924488
0.923924
0.923360
0.922797
0.922235
0.921673
0.921112
0.920552
0.919992
0.919433
0.918875
0.918317
0.917761
0.917204
0.916649
0.916094
0.915540
0.914987
0.914435
0.913883
0.913332
0.912782
0.912232
0.911683
0.911135
0.910588
0.910042
0.909496
0.908952
0.908408
0.907865
0.907322
0.906781
0.906240
0.905700
0.905161
0.904623
0.904086
0.903549
0.903013
0.902479
0.901945
0.901412
0.900880
0.900348
0.899818
0.899288
0.898760
0.898232
0.897705
0.897179
0.896654
0.896130
0.895607
0.895085
0.894564
0.894044
0.893524
0.893006
0.892489
0.891972
0.891457
0.890942
0.890429
0.889916
0.889405
0.888894
0.888385
0.887876
0.887369
0.886862
0.886357
0.885852
0.885349
0.884846
0.884345
0.883845
0.883346
0.882847
0.882350
0.881854
0.881359
0.880865
0.880373
0.879881
0.879390
0.878901
0.878412
0.877925
0.877439
0.876954
0.876470
0.875987
0.875505
0.875025
0.874545
0.874067
0.873590
0.873114
0.872639
0.872165
0.871693
0.871221
0.870751
0.870282
0.869814
0.869348
0.868883
0.868418
0.867955
0.867494
0.867033
0.866574
0.866116
0.865659
0.865203
0.864749
0.864296
0.863844
0.863393
0.862944
0.862495
0.862049
0.861603
0.861159
0.860716
0.860274
0.859833
0.859394
0.858956
0.858520
0.858084
0.857650
0.857218
0.856786
0.856356
0.855928
0.855500
0.855074
0.854649
0.854226
0.853804
0.853383
0.852964
0.852546
0.852130
0.851714
0.851301
0.850888
0.850477
0.850067
0.849659
0.849252
0.848847
0.848443
0.848040
0.847639
0.847239
0.846840
0.846443
0.846048
0.845653
0.845261
0.844869
0.844479
0.844091
0.843704
0.843318
0.842934
0.842552
0.842171
0.841791
0.841413
0.841036
0.840661
0.840287
0.839915
0.839544
0.839174
0.838807
0.838440
0.838076
0.837712
0.837350
0.836990
0.836631
0.836274
0.835918
0.835564
0.835212
0.834861
0.834511
0.834163
0.833816
0.833472
0.833128
0.832786
0.832446
0.832107
0.831770
0.831435
0.831101
0.830768
0.830438
0.830108
0.829781
0.829455
0.829130
0.828807
0.828486
0.828166
0.827848
0.827532
0.827217
0.826904
0.826592
0.826282
0.825974
0.825667
0.825362
0.825058
0.824757
0.824456
0.824158
0.823861
0.823566
0.823272
0.822980
0.822690
0.822401
0.822114
0.821829
0.821545
0.821263
0.820983
0.820705
0.820428
0.820152
0.819879
0.819607
0.819337
0.819068
0.818802
0.818536
0.818273
0.818011
0.817751
0.817493
0.817237
0.816982
0.816729
0.816477
0.816227
0.815980
0.815733
0.815489
0.815246
0.815005
0.814766
0.814528
0.814292
0.814058
0.813826
0.813595
0.813366
0.813139
0.812914
0.812690
0.812468
0.812248
0.812030
0.811814
0.811599
0.811386
0.811175
0.810965
0.810757
0.810551
0.810347
0.810145
0.809944
0.809746
0.809549
0.809353
0.809160
0.808968
0.808779
0.808591
0.808404
0.808220
0.808037
0.807856
0.807677
0.807500
0.807325
0.807151
0.806979
0.806809
0.806641
0.806475
0.806310
0.806148
0.805987
0.805828
0.805670
0.805515
0.805361
0.805210
0.805060
0.804912
0.804765
0.804621
0.804478
0.804338
0.804199
0.804061
0.803926
0.803793
0.803661
0.803532
0.803404
0.803278
0.803154
0.803031
0.802911
0.802792
0.802675
0.802560
0.802447
0.802336
0.802227
0.802119
0.802014
0.801910
0.801808
0.801708
0.801610
0.801513
0.801419
0.801326
0.801236
0.801147
0.801060
0.800974
0.800891
0.800810
0.800730
0.800653
0.800577
0.800503
0.800431
0.800361
0.800292
0.800226
0.800161
0.800099
0.800038
0.799979
0.799922
0.799867
0.799813
0.799762
0.799713
0.799665
0.799619
0.799575
0.799533
0.799493
0.799455
0.799418
0.799384
0.799351
0.799321
0.799292
0.799265
0.799240
0.799216
0.799195
0.799176
0.799158
0.799142
0.799128
0.799117
0.799106
0.799098
0.799092
0.799085
0.799080
0.799077
0.799076
0.799078
0.799081
0.799087
0.799095
0.799104
0.799113
0.799124
0.799138
0.799154
0.799172
0.799192
0.799214
0.799236
0.799260
0.799286
0.799315
0.799346
0.799379
0.799412
0.799447
0.799484
0.799524
0.799566
0.799608
0.799652
0.799699
0.799748
0.799799
0.799850
0.799904
0.799960
0.800018
0.800076
0.800137
0.800200
0.800266
0.800331
0.800399
0.800470
0.800543
0.800616
0.800691
0.800769
0.800850
0.800930
0.801013
0.801099
0.801187
0.801275
0.801366
0.801459
0.801552
0.801648
0.801747
0.801848
0.801949
0.802052
0.802159
0.802265
0.802374
0.802485
0.802599
0.802713
0.802830
0.802950
0.803069
0.803191
0.803316
0.803443
0.803570
0.803700
0.803832
0.803965
0.804100
0.804238
0.804375
0.804516
0.804659
0.804805
0.804950
0.805099
0.805250
0.805400
0.805554
0.805710
0.805869
0.806028
0.806189
0.806353
0.806517
0.806683
0.806853
0.807024
0.807196
0.807370
0.807547
0.807723
0.807902
0.808084
0.808269
0.808453
0.808640
0.808829
0.809021
0.809213
0.809407
0.809604
0.809803
0.810002
0.810203
0.810407
0.810613
0.810819
0.811028
0.811239
0.811452
0.811665
0.811881
0.812099
0.812319
0.812542
0.812764
0.812989
0.813216
0.813446
0.813678
0.813909
0.814142
0.814378
0.814616
0.814857
0.815099
0.815341
0.815585
0.815832
0.816080
0.816331
0.816584
0.816839
0.817093
0.817350
0.817608
0.817869
0.818132
0.818396
0.818663
0.818932
0.819202
0.819475
0.819749
0.820025
0.820302
0.820582
0.820863
0.821146
0.821430
0.821716
0.822004
0.822293
0.822584
0.822877
0.823171
0.823467
0.823764
0.824063
0.824364
0.824666
0.824969
0.825274
0.825581
0.825889
0.826199
0.826510
0.826823
0.827137
0.827453
0.827770
0.828089
0.828409
0.828730
0.829054
0.829378
0.829705
0.830032
0.830361
0.830692
0.831024
0.831358
0.831693
0.832029
0.832367
0.832706
0.833047
0.833390
0.833733
0.834079
0.834425
0.834773
0.835123
0.835474
0.835826
0.836180
0.836535
0.836892
0.837250
0.837610
0.837971
0.838333
0.838697
0.839062
0.839428
0.839796
0.840166
0.840537
0.840909
0.841282
0.841657
0.842033
0.842411
0.842790
0.843171
0.843552
0.843936
0.844320
0.844706
0.845093
0.845482
0.845872
0.846263
0.846656
0.847049
0.847445
0.847841
0.848239
0.848639
0.849039
0.849441
0.849844
0.850249
0.850655
0.851062
0.851470
0.851880
0.852291
0.852703
0.853117
0.853531
0.853948
0.854365
0.854784
0.855204
0.855625
0.856047
0.856471
0.856896
0.857322
0.857749
0.858178
0.858608
0.859039
0.859471
0.859905
0.860340
0.860776
0.861213
0.861651
0.862091
0.862532
0.862974
0.863417
0.863861
0.864307
0.864754
0.865201
0.865651
0.866101
0.866552
0.867005
0.867458
0.867913
0.868369
0.868826
0.869284
0.869744
0.870204
0.870666
0.871129
0.871593
0.872058
0.872524
0.872991
0.873459
0.873928
0.874399
0.874870
0.875343
0.875817
0.876291
0.876767
0.877244
0.877722
0.878201
0.878681
0.879162
0.879644
0.880127
0.880611
0.881096
0.881582
0.882070
0.882558
0.883047
0.883537
0.884029
0.884521
0.885014
0.885508
0.886003
0.886499
0.886996
0.887495
0.887994
0.888494
0.888994
0.889496
0.889999
0.890503
0.891008
0.891513
0.892020
0.892527
0.893035
0.893545
0.894055
0.894566
0.895078
0.895591
0.896104
0.896619
0.897135
0.897651
0.898168
0.898686
0.899205
0.899725
0.900246
0.900767
0.901289
0.901813
0.902336
0.902861
0.903387
0.903913
0.904441
0.904969
0.905497
0.906027
0.906557
0.907089
0.907621
0.908153
0.908687
0.909221
0.909756
0.910292
0.910828
0.911366
0.911904
0.912442
0.912982
0.913522
0.914063
0.914605
0.915147
0.915690
0.916234
0.916778
0.917323
0.917869
0.918416
0.918963
0.919511
0.920059
0.920608
0.921158
0.921708
0.922260
0.922811
0.923364
0.923917
0.924470
0.925025
0.925579
0.926135
0.926691
0.927248
0.927805
0.928363
0.928921
0.929480
0.930040
0.930600
0.931160
0.931722
0.932283
0.932846
0.933409
0.933972
0.934536
0.935100
0.935665
0.936231
0.936797
0.937364
0.937931
0.938498
0.939066
0.939635
0.940204
0.940773
0.941343
0.941913
0.942484
0.943055
0.943627
0.944199
0.944772
0.945345
0.945918
0.946492
0.947067
0.947641
0.948216
0.948792
0.949368
0.949944
0.950521
0.951098
0.951675
0.952253
0.952831
0.953410
0.953989
0.954568
0.955148
0.955727
0.956308
0.956888
0.957469
0.958050
0.958632
0.959214
0.959796
0.960378
0.960961
0.961544
0.962127
0.962710
0.963294
0.963878
0.964463
0.965047
0.965632
0.966217
0.966802
0.967388
0.967973
0.968559
0.969146
0.969732
0.970318
0.970905
0.971492
0.972079
0.972667
0.973254
0.973842
0.974429
0.975017
0.975606
0.976194
0.976782
0.977371
0.977959
0.978548
0.979137
0.979726
0.980315
0.980905
0.981494
0.982083
0.982673
0.983262
0.983852
0.984442
0.985032
0.985622
0.986212
0.986801
0.987391
0.987982
0.988572
0.989162
0.989752
0.990342
0.990932
0.991522
0.992112
0.992703
0.993293
0.993883
0.994473
0.995063
0.995653
0.996243
0.996833
0.997423
0.998013
0.998602
0.999192
0.999782
1.000371
1.000961
1.001550
1.002139
1.002729
1.003318
1.003907
1.004496
1.005084
1.005673
1.006261
1.006850
1.007438
1.008026
1.008614
1.009201
1.009789
1.010376
1.010963
1.011550
1.012137
1.012724
1.013310
1.013896
1.014482
1.015068
1.015653
1.016239
1.016824
1.017409
1.017993
1.018578
1.019162
1.019745
1.020329
1.020912
1.021495
1.022078
1.022660
1.023242
1.023824
1.024406
1.024987
1.025568
1.026148
1.026728
1.027308
1.027888
1.028467
1.029046
1.029624
1.030202
1.030780
1.031357
1.031934
1.032511
1.033087
1.033663
1.034238
1.034813
1.035388
1.035962
1.036536
1.037109
1.037682
1.038254
1.038826
1.039398
1.039969
1.040539
1.041110
1.041679
1.042248
1.042817
1.043385
1.043953
1.044520
1.045087
1.045653
1.046219
1.046784
1.047348
1.047912
1.048476
1.049039
1.049601
1.050163
1.050724
1.051285
1.051845
1.052405
1.052964
1.053522
1.054080
1.054637
1.055194
1.055749
1.056305
1.056859
1.057414
1.057967
1.058520
1.059072
1.059623
1.060174
1.060724
1.061274
1.061823
1.062371
1.062918
1.063465
1.064011
1.064557
1.065101
1.065645
1.066189
1.066731
1.067273
1.067814
1.068354
1.068894
1.069433
1.069971
1.070508
1.071045
1.071580
1.072115
1.072650
1.073183
1.073716
1.074248
1.074779
1.075309
1.075838
1.076367
1.076895
1.077422
1.077948
1.078473
1.078997
1.079521
1.080044
1.080566
1.081087
1.081607
1.082126
1.082644
1.083162
1.083678
1.084194
1.084709
1.085223
1.085736
1.086248
1.086759
1.087269
1.087778
1.088286
1.088794
1.089300
1.089806
1.090310
1.090814
1.091316
1.091818
1.092318
1.092818
1.093317
1.093814
1.094311
1.094807
1.095301
1.095795
1.096287
1.096779
1.097269
1.097759
1.098247
1.098735
1.099221
1.099706
1.100191
1.100674
1.101156
1.101637
1.102117
1.102596
1.103074
1.103550
1.104026
1.104500
1.104974
1.105446
1.105917
1.106387
1.106856
1.107324
1.107790
1.108256
1.108720
1.109183
1.109645
1.110106
1.110566
1.111024
1.111481
1.111938
1.112393
1.112846
1.113299
1.113750
1.114200
1.114649
1.115097
1.115544
1.115989
1.116433
1.116876
1.117318
1.117758
1.118197
1.118635
1.119071
1.119507
1.119941
1.120374
1.120805
1.121236
1.121665
1.122092
1.122519
1.122944
1.123368
1.123790
1.124211
1.124631
1.125050
1.125467
1.125883
1.126298
1.126711
1.127123
1.127533
1.127943
1.128351
1.128757
1.129162
1.129566
1.129969
1.130370
1.130769
1.131168
1.131565
1.131960
1.132354
1.132747
1.133138
1.133528
1.133917
1.134304
1.134690
1.135074
1.135457
1.135838
1.136218
1.136597
1.136974
1.137350
1.137724
1.138097
1.138468
1.138838
1.139206
1.139573
1.139939
1.140302
1.140665
1.141026
1.141386
1.141744
1.142100
1.142455
1.142809
1.143161
1.143511
1.143860
1.144208
1.144554
1.144898
1.145241
1.145582
1.145922
1.146261
1.146597
1.146933
1.147266
1.147598
1.147929
1.148258
1.148585
1.148911
1.149236
1.149558
1.149879
1.150199
1.150517
1.150833
1.151148
1.151461
1.151773
1.152083
1.152391
1.152698
1.153003
1.153307
1.153609
1.153909
1.154208
1.154505
1.154801
1.155095
1.155387
1.155677
1.155966
1.156254
1.156539
1.156823
1.157106
1.157386
1.157665
1.157943
1.158218
1.158492
1.158765
1.159035
1.159304
1.159572
1.159837
1.160101
1.160363
1.160624
1.160883
1.161140
1.161396
1.161649
1.161901
1.162152
1.162400
1.162647
1.162893
1.163136
1.163378
1.163618
1.163856
1.164093
1.164328
1.164561
1.164792
1.165022
1.165250
1.165476
1.165701
1.165923
1.166144
1.166364
1.166581
1.166797
1.167011
1.167223
1.167433
1.167642
1.167849
1.168054
1.168257
1.168459
1.168659
1.168857
1.169053
1.169247
1.169440
1.169631
1.169820
1.170007
1.170193
1.170376
1.170558
1.170738
1.170916
1.171093
1.171268
1.171441
1.171612
1.171781
1.171948
1.172114
1.172278
1.172440
1.172600
1.172758
1.172915
1.173069
1.173222
1.173373
1.173523
1.173670
1.173816
1.173959
1.174101
1.174241
1.174379
1.174516
1.174650
1.174783
1.174914
1.175043
1.175170
1.175295
1.175419
1.175540
1.175660
1.175778
1.175894
1.176008
1.176120
1.176231
1.176339
1.176446
1.176551
1.176654
1.176755
1.176854
1.176952
1.177047
1.177141
1.177233
1.177323
1.177411
1.177497
1.177581
1.177664
1.177744
1.177823
1.177900
1.177975
1.178048
1.178119
1.178188
1.178255
1.178321
1.178384
1.178446
1.178506
1.178564
1.178620
1.178674
1.178726
1.178777
1.178825
1.178872
1.178917
1.178960
1.179000
1.179040
1.179077
1.179112
1.179145
1.179177
1.179206
1.179234
1.179260
1.179284
1.179306
1.179326
1.179344
1.179360
1.179375
1.179387
1.179398
1.179407
1.179414
1.179418
1.179421
1.179423
1.179422
1.179419
1.179415
1.179408
1.179400
1.179390
1.179377
1.179363
1.179347
1.179330
1.179310
1.179288
1.179265
1.179239
1.179212
1.179183
1.179151
1.179118
1.179084
1.179047
1.179008
1.178967
1.178925
1.178880
1.178834
1.178786
1.178736
1.178684
1.178630
1.178574
1.178517
1.178457
1.178396
1.178332
1.178267
1.178200
1.178131
1.178060
1.177987
1.177913
1.177836
1.177758
1.177678
1.177595
1.177511
1.177425
1.177338
1.177248
1.177156
1.177063
1.176967
1.176870
1.176771
1.176670
1.176567
1.176463
1.176356
1.176248
1.176137
1.176025
1.175911
1.175795
1.175677
1.175558
1.175436
1.175313
1.175187
1.175060
1.174931
1.174801
1.174668
1.174533
1.174397
1.174259
1.174119
1.173977
1.173833
1.173687
1.173540
1.173391
1.173239
1.173086
1.172932
1.172775
1.172617
1.172456
1.172294
1.172130
1.171964
1.171797
1.171627
1.171456
1.171283
1.171108
1.170931
1.170752
1.170572
1.170390
1.170206
1.170020
1.169832
1.169643
1.169452
1.169259
1.169064
1.168867
1.168669
1.168468
1.168266
1.168062
1.167857
1.167649
1.167440
1.167229
1.167017
1.166802
1.166586
1.166368
1.166148
1.165926
1.165703
1.165478
1.165251
1.165022
1.164792
1.164559
1.164326
1.164090
1.163852
1.163613
1.163372
1.163130
1.162885
1.162639
1.162391
1.162142
1.161890
1.161637
1.161382
1.161126
1.160868
1.160608
1.160346
1.160083
1.159817
1.159551
1.159282
1.159012
1.158740
1.158467
1.158191
1.157914
1.157636
1.157355
1.157073
1.156789
1.156504
1.156217
1.155928
1.155638
1.155346
1.155052
1.154757
1.154460
1.154161
1.153861
1.153559
1.153255
1.152950
1.152643
1.152334
1.152024
1.151712
1.151399
1.151084
1.150767
1.150449
1.150129
1.149808
1.149485
1.149160
1.148834
1.148506
1.148176
1.147845
1.147512
1.147178
1.146842
1.146505
1.146166
1.145825
1.145483
1.145140
1.144794
1.144448
1.144099
1.143749
1.143398
1.143045
1.142690
1.142334
1.141977
1.141618
1.141257
1.140895
1.140531
1.140166
1.139799
1.139431
1.139061
1.138690
1.138318
1.137943
1.137568
1.137191
1.136812
1.136432
1.136050
1.135667
1.135283
1.134897
1.134509
1.134120
1.133730
1.133338
1.132945
1.132551
1.132154
1.131757
1.131358
1.130958
1.130556
1.130153
1.129748
1.129342
1.128935
1.128526
1.128116
1.127704
1.127291
1.126877
1.126461
1.126044
1.125626
1.125206
1.124785
1.124362
1.123938
1.123513
1.123087
1.122659
1.122230
1.121799
1.121367
1.120934
1.120499
1.120064
1.119626
1.119188
1.118748
1.118307
1.117865
1.117421
1.116976
1.116530
1.116083
1.115634
1.115184
1.114733
1.114281
1.113827
1.113372
1.112916
1.112458
1.112000
1.111540
1.111079
1.110616
1.110153
1.109688
1.109222
1.108755
1.108286
1.107817
1.107346
1.106874
1.106401
1.105927
1.105452
1.104975
1.104497
1.104018
1.103538
1.103057
1.102575
1.102092
1.101607
1.101121
1.100635
1.100147
1.099658
1.099168
1.098676
1.098184
1.097691
1.097196
1.096701
1.096204
1.095706
1.095208
1.094708
1.094207
1.093705
1.093202
1.092698
1.092193
1.091687
1.091180
1.090672
1.090163
1.089653
1.089142
1.088629
1.088116
1.087602
1.087087
1.086571
1.086054
1.085536
1.085017
1.084497
1.083977
1.083455
1.082932
1.082408
1.081884
1.081358
1.080832
1.080305
1.079776
1.079247
1.078717
1.078186
1.077654
1.077122
1.076588
1.076054
1.075518
1.074982
1.074445
1.073907
1.073368
1.072829
1.072288
1.071747
1.071205
1.070662
1.070119
1.069574
1.069029
1.068483
1.067936
1.067388
1.066840
1.066291
1.065741
1.065190
1.064638
1.064086
1.063533
1.062979
1.062425
1.061870
1.061314
1.060757
1.060200
1.059642
1.059083
1.058524
1.057964
1.057403
1.056841
1.056279
1.055716
1.055153
1.054589
1.054024
1.053458
1.052892
1.052326
1.051758
1.051190
1.050622
1.050052
1.049483
1.048912
1.048341
1.047770
1.047197
1.046625
1.046051
1.045477
1.044903
1.044328
1.043753
1.043176
1.042600
1.042023
1.041445
1.040867
1.040288
1.039709
1.039129
1.038549
1.037968
1.037387
1.036805
1.036223
1.035641
1.035058
1.034474
1.033890
1.033306
1.032721
1.032136
1.031550
1.030964
1.030377
1.029790
1.029203
1.028615
1.028027
1.027438
1.026850
1.026260
1.025671
1.025081
1.024490
1.023900
1.023308
1.022717
1.022125
1.021533
1.020941
1.020348
1.019755
1.019162
1.018568
1.017974
1.017380
1.016786
1.016191
1.015596
1.015001
1.014405
1.013810
1.013214
1.012617
1.012021
1.011424
1.010827
1.010230
1.009633
1.009035
1.008438
1.007840
1.007242
1.006643
1.006045
1.005446
1.004848
1.004249
1.003650
1.003051
1.002451
1.001852
1.001252
1.000652
1.000053
0.999453
0.998853
0.998252
0.997652
0.997052
0.996452
0.995851
0.995251
0.994650
0.994050
0.993449
0.992848
0.992247
0.991647
0.991046
0.990445
0.989844
0.989243
0.988643
0.988042
0.987441
0.986840
0.986240
0.985639
0.985038
0.984438
0.983837
0.983237
0.982636
0.982036
0.981435
0.980835
0.980235
0.979635
0.979035
0.978435
0.977835
0.977236
0.976636
0.976037
0.975438
0.974839
0.974240
0.973641
0.973042
0.972444
0.971845
0.971247
0.970649
0.970052
0.969454
0.968857
0.968259
0.967662
0.967066
0.966469
0.965873
0.965277
0.964681
0.964086
0.963490
0.962895
0.962300
0.961706
0.961112
0.960518
0.959924
0.959331
0.958738
0.958145
0.957552
0.956960
0.956368
0.955777
0.955186
0.954595
0.954005
0.953415
0.952825
0.952235
0.951646
0.951058
0.950470
0.949882
0.949294
0.948707
0.948121
0.947534
0.946948
0.946363
0.945778
0.945194
0.944609
0.944026
0.943443
0.942860
0.942278
0.941696
0.941115
0.940534
0.939953
0.939374
0.938794
0.938215
0.937637
0.937059
0.936482
0.935905
0.935329
0.934753
0.934178
0.933603
0.933029
0.932456
0.931883
0.931311
0.930739
0.930168
0.929597
0.929027
0.928458
0.927889
0.927321
0.926753
0.926186
0.925620
0.925054
0.924489
0.923925
0.923361
0.922798
0.922236
0.921674
0.921113
0.920553
0.919993
0.919434
0.918876
0.918318
0.917761
0.917205
0.916650
0.916095
0.915541
0.914988
0.914435
0.913884
0.913333
0.912783
0.912233
0.911684
0.911136
0.910589
0.910043
0.909497
0.908953
0.908409
0.907865
0.907323
0.906782
0.906241
0.905701
0.905162
0.904624
0.904086
0.903550
0.903014
0.902480
0.901946
0.901413
0.900880
0.900349
0.899819
0.899289
0.898761
0.898233
0.897706
0.897180
0.896655
0.896131
0.895608
0.895086
0.894565
0.894045
0.893525
0.893007
0.892489
0.891973
0.891458
0.890943
0.890430
0.889917
0.889406
0.888895
0.888385
0.887877
0.887369
0.886863
0.886357
0.885853
0.885350
0.884847
0.884346
0.883846
0.883346
0.882848
0.882351
0.881855
0.881360
0.880866
0.880373
0.879882
0.879391
0.878902
0.878413
0.877926
0.877440
0.876954
0.876470
0.875988
0.875506
0.875025
0.874546
0.874068
0.873590
0.873114
0.872640
0.872166
0.871693
0.871222
0.870752
0.870283
0.869815
0.869349
0.868883
0.868419
0.867956
0.867494
0.867034
0.866574
0.866116
0.865660
0.865204
0.864749
0.864296
0.863844
0.863394
0.862944
0.862496
0.862049
0.861604
0.861159
0.860716
0.860275
0.859834
0.859395
0.858957
0.858520
0.858085
0.857651
0.857218
0.856787
0.856357
0.855928
0.855501
0.855075
0.854650
0.854227
0.853805
0.853384
0.852965
0.852547
0.852130
0.851715
0.851301
0.850889
0.850478
0.850068
0.849660
0.849253
0.848847
0.848443
0.848041
0.847639
0.847239
0.846841
0.846444
0.846048
0.845654
0.845261
0.844870
0.844480
0.844092
0.843705
0.843319
0.842935
0.842552
0.842171
0.841792
0.841413
0.841037
0.840661
0.840288
0.839915
0.839544
0.839175
0.838807
0.838441
0.838076
0.837713
0.837351
0.836991
0.836632
0.836275
0.835919
0.835565
0.835212
0.834861
0.834512
0.834164
0.833817
0.833472
0.833129
0.832787
0.832447
0.832108
0.831771
0.831435
0.831101
0.830769
0.830438
0.830109
0.829781
0.829455
0.829131
0.828808
0.828487
0.828167
0.827849
0.827532
0.827217
0.826904
0.826593
0.826283
0.825974
0.825668
0.825362
0.825059
0.824757
0.824457
0.824158
0.823862
0.823566
0.823273
0.822981
0.822690
0.822402
0.822115
0.821830
0.821546
0.821264
0.820984
0.820705
0.820428
0.820153
0.819879
0.819607
0.819337
0.819069
0.818802
0.818537
0.818273
0.818012
0.817752
0.817494
0.817237
0.816982
0.816729
0.816478
0.816228
0.815980
0.815734
0.815489
0.815246
0.815005
0.814766
0.814528
0.814293
0.814059
0.813826
0.813596
0.813367
0.813140
0.812914
0.812691
0.812469
0.812249
0.812030
0.811814
0.811599
0.811386
0.811175
0.810965
0.810758
0.810552
0.810348
0.810145
0.809945
0.809746
0.809549
0.809354
0.809160
0.808969
0.808779
0.808591
0.808405
0.808220
0.808038
0.807857
0.807678
0.807500
0.807325
0.807151
0.806980
0.806810
0.806641
0.806475
0.806311
0.806148
0.805987
0.805828
0.805671
0.805515
0.805362
0.805210
0.805060
0.804912
0.804766
0.804621
0.804479
0.804338
0.804199
0.804062
0.803926
0.803793
0.803662
0.803532
0.803404
0.803278
0.803154
0.803031
0.802911
0.802792
0.802675
0.802561
0.802448
0.802336
0.802227
0.802119
0.802014
0.801910
0.801808
0.801708
0.801610
0.801513
0.801419
0.801326
0.801236
0.801147
0.801060
0.800975
0.800891
0.800810
0.800730
0.800653
0.800577
0.800503
0.800431
0.800361
0.800293
0.800226
0.800162
0.800099
0.800038
0.799979
0.799922
0.799867
0.799814
0.799762
0.799713
0.799665
0.799619
0.799575
0.799533
0.799493
0.799455
0.799418
0.799384
0.799351
0.799321
0.799292
0.799265
0.799240
0.799216
0.799195
0.799176
0.799158
0.799142
0.799128
0.799117
0.799106
0.799098
0.799092
0.799085
0.799080
0.799077
0.799076
0.799078
0.799081
0.799087
0.799094
0.799104
0.799113
0.799124
0.799138
0.799154
0.799172
0.799192
0.799214
0.799236
0.799260
0.799286
0.799315
0.799346
0.799379
0.799412
0.799447
0.799484
0.799524
0.799566
0.799608
0.799652
0.799699
0.799748
0.799799
0.799850
0.799903
0.799959
0.800018
0.800076
0.800137
0.800200
0.800266
0.800331
0.800399
0.800470
0.800543
0.800616
0.800691
0.800769
0.800850
0.800930
0.801013
0.801099
0.801187
0.801275
0.801366
0.801459
0.801552
0.801648
0.801747
0.801848
0.801949
0.802052
0.802158
0.802264
0.802373
0.802485
0.802599
0.802713
0.802830
0.802949
0.803069
0.803191
0.803315
0.803443
0.803570
0.803700
0.803832
0.803964
0.804100
0.804237
0.804375
0.804515
0.804659
0.804805
0.804950
0.805098
0.805249
0.805400
0.805554
0.805710
0.805869
0.806028
0.806189
0.806353
0.806517
0.806683
0.806852
0.807024
0.807196
0.807370
0.807546
0.807723
0.807902
0.808084
0.808269
0.808453
0.808639
0.808829
0.809021
0.809212
0.809407
0.809603
0.809803
0.810001
0.810203
0.810407
0.810613
0.810819
0.811027
0.811239
0.811452
0.811665
0.811881
0.812099
0.812319
0.812542
0.812764
0.812989
0.813216
0.813445
0.813677
0.813908
0.814142
0.814378
0.814616
0.814856
0.815099
0.815341
0.815585
0.815831
0.816080
0.816331
0.816584
0.816839
0.817093
0.817349
0.817608
0.817868
0.818131
0.818396
0.818663
0.818931
0.819202
0.819474
0.819748
0.820024
0.820302
0.820581
0.820862
0.821145
0.821430
0.821716
0.822004
0.822293
0.822584
0.822877
0.823171
0.823466
0.823764
0.824063
0.824363
0.824665
0.824969
0.825274
0.825580
0.825889
0.826198
0.826509
0.826822
0.827136
0.827452
0.827769
0.828088
0.828408
0.828730
0.829053
0.829378
0.829704
0.830032
0.830361
0.830691
0.831023
0.831357
0.831692
0.832029
0.832367
0.832706
0.833047
0.833389
0.833733
0.834078
0.834425
0.834773
0.835122
0.835473
0.835826
0.836180
0.836535
0.836891
0.837250
0.837609
0.837970
0.838332
0.838696
0.839061
0.839428
0.839796
0.840165
0.840536
0.840908
0.841282
0.841657
0.842033
0.842411
0.842790
0.843170
0.843552
0.843935
0.844319
0.844705
0.845093
0.845481
0.845871
0.846262
0.846655
0.847049
0.847444
0.847841
0.848239
0.848638
0.849038
0.849440
0.849844
0.850248
0.850654
0.851061
0.851469
0.851879
0.852290
0.852702
0.853116
0.853531
0.853947
0.854364
0.854783
0.855203
0.855624
0.856046
0.856470
0.856895
0.857321
0.857749
0.858177
0.858607
0.859038
0.859471
0.859904
0.860339
0.860775
0.861212
0.861651
0.862090
0.862531
0.862973
0.863416
0.863861
0.864306
0.864753
0.865201
0.865650
0.866100
0.866551
0.867004
0.867458
0.867912
0.868368
0.868825
0.869284
0.869743
0.870204
0.870665
0.871128
0.871592
0.872057
0.872523
0.872990
0.873458
0.873928
0.874398
0.874869
0.875342
0.875816
0.876290
0.876766
0.877243
0.877721
0.878200
0.878680
0.879161
0.879643
0.880126
0.880610
0.881095
0.881582
0.882069
0.882557
0.883046
0.883536
0.884028
0.884520
0.885013
0.885507
0.886002
0.886499
0.886996
0.887494
0.887993
0.888493
0.888994
0.889495
0.889998
0.890502
0.891007
0.891512
0.892019
0.892526
0.893035
0.893544
0.894054
0.894565
0.895077
0.895590
0.896104
0.896618
0.897134
0.897650
0.898167
0.898685
0.899204
0.899724
0.900245
0.900766
0.901288
0.901812
0.902336
0.902860
0.903386
0.903912
0.904440
0.904968
0.905496
0.906026
0.906557
0.907088
0.907620
0.908152
0.908686
0.909220
0.909755
0.910291
0.910828
0.911365
0.911903
0.912442
0.912981
0.913521
0.914062
0.914604
0.915146
0.915689
0.916233
0.916777
0.917322
0.917868
0.918415
0.918962
0.919510
0.920058
0.920607
0.921157
0.921708
0.922259
0.922810
0.923363
0.923916
0.924469
0.925024
0.925578
0.926134
0.926690
0.927247
0.927804
0.928362
0.928920
0.929479
0.930039
0.930599
0.931159
0.931721
0.932282
0.932845
0.933408
0.933971
0.934535
0.935100
0.935665
0.936230
0.936796
0.937363
0.937930
0.938497
0.939065
0.939634
0.940203
0.940772
0.941342
0.941912
0.942483
0.943054
0.943626
0.944198
0.944771
0.945344
0.945917
0.946491
0.947066
0.947640
0.948215
0.948791
0.949367
0.949943
0.950520
0.951097
0.951674
0.952252
0.952830
0.953409
0.953988
0.954567
0.955147
0.955726
0.956307
0.956887
0.957468
0.958049
0.958631
0.959213
0.959795
0.960377
0.960960
0.961543
0.962126
0.962710
0.963293
0.963877
0.964462
0.965046
0.965631
0.966216
0.966801
0.967387
0.967972
0.968558
0.969145
0.969731
0.970317
0.970904
0.971491
0.972078
0.972666
0.973253
0.973841
0.974428
0.975016
0.975605
0.976193
0.976781
0.977370
0.977958
0.978547
0.979136
0.979725
0.980314
0.980904
0.981493
0.982082
0.982672
0.983261
0.983851
0.984441
0.985031
0.985621
0.986211
0.986800
0.987390
0.987981
0.988571
0.989161
0.989751
0.990341
0.990931
0.991521
0.992111
0.992702
0.993292
0.993882
0.994472
0.995062
0.995652
0.996242
0.996832
0.997422
0.998012
0.998601
0.999191
0.999781
1.000370
1.000960
1.001549
1.002138
1.002728
1.003317
1.003906
1.004495
1.005083
1.005672
1.006260
1.006849
1.007437
1.008025
1.008613
1.009200
1.009788
1.010375
1.010962
1.011549
1.012136
1.012723
1.013309
1.013895
1.014481
1.015067
1.015652
1.016238
1.016823
1.017408
1.017992
1.018577
1.019161
1.019744
1.020328
1.020911
1.021494
1.022077
1.022659
1.023241
1.023823
1.024405
1.024986
1.025567
1.026147
1.026727
1.027307
1.027887
1.028466
1.029045
1.029623
1.030201
1.030779
1.031356
1.031933
1.032510
1.033086
1.033662
1.034237
1.034812
1.035387
1.035961
1.036535
1.037108
1.037681
1.038253
1.038825
1.039397
1.039968
1.040539
1.041109
1.041678
1.042247
1.042816
1.043384
1.043952
1.044519
1.045086
1.045652
1.046218
1.046783
1.047347
1.047911
1.048475
1.049038
1.049600
1.050162
1.050723
1.051284
1.051844
1.052404
1.052963
1.053521
1.054079
1.054636
1.055193
1.055749
1.056304
1.056859
1.057413
1.057966
1.058519
1.059071
1.059623
1.060173
1.060724
1.061273
1.061822
1.062370
1.062918
1.063464
1.064010
1.064556
1.065100
1.065644
1.066188
1.066730
1.067272
1.067813
1.068353
1.068893
1.069432
1.069970
1.070507
1.071044
1.071580
1.072115
1.072649
1.073182
1.073715
1.074247
1.074778
1.075308
1.075837
1.076366
1.076894
1.077421
1.077947
1.078472
1.078996
1.079520
1.080043
1.080565
1.081086
1.081606
1.082125
1.082643
1.083161
1.083677
1.084193
1.084708
1.085222
1.085735
1.086247
1.086758
1.087268
1.087777
1.088286
1.088793
1.089299
1.089805
1.090309
1.090813
1.091315
1.091817
1.092318
1.092817
1.093316
1.093813
1.094310
1.094806
1.095300
1.095794
1.096287
1.096778
1.097269
1.097758
1.098247
1.098734
1.099220
1.099706
1.100190
1.100673
1.101155
1.101636
1.102116
1.102595
1.103073
1.103549
1.104025
1.104499
1.104973
1.105445
1.105916
1.106386
1.106855
1.107323
1.107789
1.108255
1.108719
1.109182
1.109644
1.110105
1.110565
1.111023
1.111481
1.111937
1.112392
1.112846
1.113298
1.113750
1.114200
1.114649
1.115096
1.115543
1.115988
1.116432
1.116875
1.117317
1.117757
1.118196
1.118634
1.119071
1.119506
1.119940
1.120373
1.120805
1.121235
1.121664
1.122092
1.122518
1.122943
1.123367
1.123789
1.124211
1.124631
1.125049
1.125466
1.125882
1.126297
1.126710
1.127122
1.127533
1.127942
1.128350
1.128756
1.129162
1.129565
1.129968
1.130369
1.130769
1.131167
1.131564
1.131959
1.132354
1.132746
1.133138
1.133528
1.133916
1.134303
1.134689
1.135073
1.135456
1.135838
1.136218
1.136596
1.136973
1.137349
1.137723
1.138096
1.138467
1.138837
1.139206
1.139572
1.139938
1.140302
1.140664
1.141025
1.141385
1.141743
1.142099
1.142455
1.142808
1.143160
1.143511
1.143860
1.144207
1.144553
1.144898
1.145240
1.145582
1.145922
1.146260
1.146597
1.146932
1.147266
1.147598
1.147928
1.148257
1.148585
1.148911
1.149235
1.149558
1.149879
1.150198
1.150516
1.150833
1.151148
1.151461
1.151773
1.152083
1.152391
1.152698
1.153003
1.153307
1.153609
1.153909
1.154208
1.154505
1.154800
1.155094
1.155386
1.155677
1.155966
1.156253
1.156539
1.156823
1.157105
1.157386
1.157665
1.157942
1.158218
1.158492
1.158764
1.159035
1.159304
1.159571
1.159837
1.160101
1.160363
1.160624
1.160882
1.161140
1.161395
1.161649
1.161901
1.162151
1.162400
1.162647
1.162892
1.163136
1.163378
1.163618
1.163856
1.164093
1.164328
1.164561
1.164792
1.165022
1.165250
1.165476
1.165700
1.165923
1.166144
1.166363
1.166581
1.166796
1.167010
1.167222
1.167433
1.167642
1.167848
1.168054
1.168257
1.168458
1.168658
1.168856
1.169052
1.169247
1.169440
1.169630
1.169819
1.170007
1.170192
1.170376
1.170558
1.170738
1.170916
1.171093
1.171267
1.171440
1.171611
1.171781
1.171948
1.172114
1.172277
1.172439
1.172600
1.172758
1.172915
1.173069
1.173222
1.173373
1.173522
1.173670
1.173815
1.173959
1.174101
1.174241
1.174379
1.174516
1.174650
1.174783
1.174914
1.175043
1.175170
1.175295
1.175418
1.175540
1.175660
1.175778
1.175894
1.176008
1.176120
1.176231
1.176339
1.176446
1.176551
1.176654
1.176755
1.176854
1.176952
1.177047
1.177141
1.177233
1.177323
1.177411
1.177497
1.177581
1.177663
1.177744
1.177823
1.177899
1.177974
1.178047
1.178119
1.178188
1.178255
1.178321
1.178384
1.178446
1.178506
1.178564
1.178620
1.178674
1.178726
1.178777
1.178825
1.178872
1.178917
1.178959
1.179000
1.179039
1.179077
1.179112
1.179145
1.179177
1.179206
1.179234
1.179260
1.179284
1.179306
1.179326
1.179344
1.179360
1.179375
1.179387
1.179398
1.179407
1.179414
1.179418
1.179421
1.179423
1.179422
1.179419
