1.000000
0.999970
0.999911
0.999825
0.999715
0.999580
0.999425
0.999248
0.999053
0.998841
0.998613
0.998370
0.998113
0.997845
0.997566
0.997276
0.996979
0.996674
0.996362
0.996046
0.995724
0.995400
0.995073
0.994744
0.994415
0.994086
0.993758
0.993431
0.993107
0.992785
0.992468
0.992154
0.991846
0.991543
0.991246
0.990955
0.990671
0.990395
0.990126
0.989865
0.989613
0.989370
0.989135
0.988911
0.988695
0.988490
0.988295
0.988110
0.987936
0.987773
0.987621
0.987480
0.987350
0.987231
0.987125
0.987029
0.986946
0.986874
0.986813
0.986765
0.986728
0.986703
0.986689
0.986688
0.986698
0.986719
0.986752
0.986797
0.986853
0.986921
0.986999
0.987090
0.987191
0.987303
0.987427
0.987561
0.987707
0.987863
0.988029
0.988206
0.988394
0.988592
0.988800
0.989018
0.989246
0.989483
0.989730
0.989987
0.990252
0.990527
0.990810
0.991103
0.991404
0.991714
0.992032
0.992359
0.992694
0.993037
0.993388
0.993746
0.994113
0.994487
0.994869
0.995258
0.995654
0.996057
0.996467
0.996884
0.997307
0.997737
0.998174
0.998616
0.999065
0.999520
0.999981
1.000447
1.000919
1.001396
1.001879
1.002367
1.002860
1.003358
1.003861
1.004368
1.004880
1.005397
1.005917
1.006443
1.006972
1.007505
1.008042
1.008582
1.009127
1.009674
1.010226
1.010780
1.011338
1.011898
1.012462
1.013028
1.013598
1.014169
1.014744
1.015321
1.015900
1.016481
1.017064
1.017650
1.018237
1.018827
1.019418
1.020010
1.020605
1.021200
1.021797
1.022396
1.022996
1.023596
1.024198
1.024801
1.025405
1.026009
1.026615
1.027221
1.027827
1.028434
1.029042
1.029650
1.030258
1.030867
1.031475
1.032084
1.032693
1.033302
1.033911
1.034519
1.035128
1.035736
1.036344
1.036951
1.037558
1.038165
1.038771
1.039377
1.039982
1.040586
1.041189
1.041792
1.042394
1.042995
1.043596
1.044195
1.044793
1.045390
1.045987
1.046582
1.047176
1.047768
1.048360
1.048950
1.049539
1.050127
1.050713
1.051298
1.051882
1.052464
1.053044
1.053623
1.054201
1.054777
1.055351
1.055924
1.056495
1.057064
1.057632
1.058198
1.058763
1.059325
1.059886
1.060445
1.061002
1.061557
1.062111
1.062663
1.063212
1.063760
1.064306
1.064850
1.065392
1.065932
1.066470
1.067006
1.067540
1.068072
1.068602
1.069130
1.069656
1.070180
1.070701
1.071221
1.071738
1.072254
1.072767
1.073278
1.073787
1.074294
1.074799
1.075301
1.075802
1.076300
1.076796
1.077290
1.077782
1.078271
1.078759
1.079244
1.079727
1.080208
1.080686
1.081162
1.081637
1.082108
1.082578
1.083046
1.083511
1.083974
1.084435
1.084893
1.085349
1.085804
1.086255
1.086705
1.087153
1.087598
1.088041
1.088481
1.088920
1.089356
1.089790
1.090222
1.090652
1.091079
1.091504
1.091927
1.092348
1.092766
1.093183
1.093597
1.094009
1.094418
1.094826
1.095231
1.095634
1.096035
1.096434
1.096830
1.097225
1.097617
1.098007
1.098395
1.098780
1.099164
1.099545
1.099924
1.100301
1.100676
1.101048
1.101419
1.101787
1.102153
1.102518
1.102879
1.103239
1.103597
1.103953
1.104306
1.104657
1.105006
1.105354
1.105699
1.106041
1.106382
1.106721
1.107058
1.107392
1.107725
1.108055
1.108383
1.108710
1.109034
1.109356
1.109676
1.109994
1.110310
1.110624
1.110936
1.111245
1.111553
1.111859
1.112163
1.112464
1.112764
1.113062
1.113357
1.113651
1.113943
1.114232
1.114520
1.114806
1.115089
1.115371
1.115651
1.115929
1.116204
1.116478
1.116750
1.117020
1.117288
1.117553
1.117817
1.118079
1.118339
1.118598
1.118854
1.119108
1.119360
1.119610
1.119859
1.120105
1.120350
1.120592
1.120833
1.121072
1.121308
1.121543
1.121776
1.122007
1.122237
1.122464
1.122689
1.122913
1.123134
1.123354
1.123571
1.123787
1.124001
1.124213
1.124423
1.124632
1.124838
1.125042
1.125245
1.125446
1.125644
1.125841
1.126036
1.126230
1.126421
1.126610
1.126798
1.126983
1.127167
1.127349
1.127529
1.127707
1.127884
1.128058
1.128231
1.128401
1.128570
1.128737
1.128902
1.129065
1.129227
1.129386
1.129544
1.129700
1.129854
1.130006
1.130156
1.130304
1.130451
1.130595
1.130738
1.130879
1.131018
1.131155
1.131290
1.131424
1.131555
1.131685
1.131813
1.131939
1.132063
1.132186
1.132306
1.132425
1.132541
1.132656
1.132769
1.132880
1.132990
1.133097
1.133203
1.133306
1.133408
1.133508
1.133606
1.133702
1.133797
1.133889
1.133980
1.134069
1.134156
1.134241
1.134324
1.134405
1.134485
1.134562
1.134638
1.134712
1.134784
1.134854
1.134922
1.134988
1.135053
1.135115
1.135176
1.135235
1.135292
1.135347
1.135400
1.135452
1.135501
1.135549
1.135594
1.135638
1.135680
1.135720
1.135758
1.135795
1.135829
1.135862
1.135892
1.135921
1.135948
1.135973
1.135996
1.136017
1.136036
1.136054
1.136069
1.136083
1.136095
1.136105
1.136112
1.136119
1.136123
1.136125
1.136125
1.136124
1.136120
1.136115
1.136108
1.136098
1.136087
1.136074
1.136060
1.136043
1.136024
1.136004
1.135981
1.135957
1.135930
1.135902
1.135872
1.135840
1.135806
1.135770
1.135732
1.135693
1.135651
1.135608
1.135562
1.135515
1.135466
1.135414
1.135361
1.135306
1.135250
1.135191
1.135130
1.135067
1.135003
1.134936
1.134868
1.134798
1.134725
1.134651
1.134575
1.134497
1.134417
1.134335
1.134252
1.134166
1.134078
1.133989
1.133898
1.133804
1.133709
1.133612
1.133513
1.133412
1.133309
1.133204
1.133097
1.132989
1.132878
1.132766
1.132651
1.132535
1.132417
1.132296
1.132174
1.132050
1.131924
1.131797
1.131667
1.131535
1.131402
1.131266
1.131129
1.130989
1.130848
1.130705
1.130560
1.130413
1.130264
1.130114
1.129961
1.129806
1.129650
1.129492
1.129331
1.129169
1.129005
1.128839
1.128671
1.128501
1.128330
1.128156
1.127981
1.127803
1.127624
1.127443
1.127260
1.127075
1.126888
1.126700
1.126509
1.126317
1.126122
1.125926
1.125728
1.125528
1.125326
1.125123
1.124917
1.124709
1.124500
1.124289
1.124076
1.123861
1.123644
1.123425
1.123205
1.122982
1.122758
1.122532
1.122304
1.122074
1.121843
1.121609
1.121374
1.121137
1.120897
1.120657
1.120414
1.120169
1.119923
1.119675
1.119425
1.119173
1.118919
1.118663
1.118406
1.118147
1.117886
1.117623
1.117358
1.117092
1.116823
1.116553
1.116282
1.116008
1.115732
1.115455
1.115176
1.114895
1.114612
1.114328
1.114042
1.113754
1.113464
1.113172
1.112879
1.112584
1.112287
1.111988
1.111688
1.111386
1.111082
1.110776
1.110468
1.110159
1.109848
1.109536
1.109221
1.108905
1.108587
1.108267
1.107946
1.107623
1.107298
1.106971
1.106643
1.106313
1.105981
1.105648
1.105313
1.104976
1.104637
1.104297
1.103955
1.103612
1.103266
1.102919
1.102571
1.102220
1.101868
1.101515
1.101159
1.100802
1.100443
1.100083
1.099721
1.099357
1.098992
1.098625
1.098257
1.097886
1.097515
1.097141
1.096766
1.096389
1.096011
1.095631
1.095249
1.094866
1.094481
1.094095
1.093707
1.093317
1.092926
1.092533
1.092139
1.091743
1.091346
1.090947
1.090546
1.090144
1.089740
1.089335
1.088928
1.088519
1.088109
1.087698
1.087285
1.086870
1.086454
1.086037
1.085617
1.085197
1.084775
1.084351
1.083926
1.083499
1.083071
1.082641
1.082210
1.081777
1.081343
1.080908
1.080471
1.080032
1.079592
1.079150
1.078708
1.078263
1.077817
1.077370
1.076921
1.076471
1.076020
1.075567
1.075112
1.074657
1.074199
1.073741
1.073281
1.072819
1.072356
1.071892
1.071427
1.070960
1.070491
1.070021
1.069550
1.069078
1.068604
1.068129
1.067652
1.067174
1.066695
1.066215
1.065733
1.065250
1.064765
1.064279
1.063792
1.063304
1.062814
1.062323
1.061830
1.061337
1.060842
1.060346
1.059848
1.059349
1.058849
1.058348
1.057845
1.057342
1.056837
1.056330
1.055823
1.055314
1.054804
1.054293
1.053780
1.053267
1.052752
1.052236
1.051719
1.051200
1.050681
1.050160
1.049638
1.049115
1.048590
1.048065
1.047538
1.047010
1.046481
1.045951
1.045420
1.044888
1.044354
1.043819
1.043284
1.042747
1.042209
1.041670
1.041130
1.040588
1.040046
1.039503
1.038958
1.038412
1.037866
1.037318
1.036769
1.036220
1.035669
1.035117
1.034564
1.034010
1.033455
1.032899
1.032342
1.031784
1.031225
1.030665
1.030103
1.029541
1.028978
1.028414
1.027849
1.027283
1.026717
1.026149
1.025580
1.025010
1.024439
1.023868
1.023295
1.022722
1.022147
1.021572
1.020996
1.020418
1.019840
1.019261
1.018682
1.018101
1.017519
1.016937
1.016353
1.015769
1.015184
1.014598
1.014012
1.013424
1.012836
1.012246
1.011656
1.011065
1.010474
1.009881
1.009288
1.008694
1.008099
1.007503
1.006907
1.006310
1.005712
1.005113
1.004513
1.003913
1.003312
1.002710
1.002108
1.001505
1.000901
1.000296
0.999691
0.999085
0.998478
0.997871
0.997263
0.996654
0.996044
0.995434
0.994823
0.994212
0.993600
0.992987
0.992374
0.991760
0.991145
0.990530
0.989914
0.989297
0.988680
0.988062
0.987444
0.986825
0.986206
0.985586
0.984965
0.984344
0.983722
0.983100
0.982477
0.981853
0.981229
0.980605
0.979980
0.979354
0.978728
0.978102
0.977474
0.976847
0.976219
0.975590
0.974961
0.974332
0.973702
0.973071
0.972441
0.971809
0.971178
0.970545
0.969913
0.969280
0.968646
0.968012
0.967378
0.966743
0.966108
0.965473
0.964837
0.964201
0.963564
0.962927
0.962290
0.961652
0.961014
0.960376
0.959737
0.959098
0.958459
0.957819
0.957179
0.956539
0.955898
0.955257
0.954616
0.953975
0.953333
0.952691
0.952049
0.951406
0.950763
0.950120
0.949477
0.948834
0.948190
0.947546
0.946902
0.946257
0.945613
0.944968
0.944323
0.943678
0.943033
0.942387
0.941742
0.941096
0.940450
0.939804
0.939158
0.938511
0.937865
0.937218
0.936572
0.935925
0.935278
0.934631
0.933984
0.933336
0.932689
0.932042
0.931394
0.930747
0.930099
0.929452
0.928804
0.928157
0.927509
0.926861
0.926213
0.925566
0.924918
0.924270
0.923622
0.922975
0.922327
0.921679
0.921032
0.920384
0.919737
0.919089
0.918442
0.917794
0.917147
0.916500
0.915853
0.915206
0.914559
0.913912
0.913265
0.912618
0.911972
0.911325
0.910679
0.910033
0.909387
0.908741
0.908096
0.907450
0.906805
0.906160
0.905515
0.904870
0.904225
0.903581
0.902937
0.902293
0.901649
0.901005
0.900362
0.899719
0.899076
0.898434
0.897792
0.897149
0.896508
0.895866
0.895225
0.894584
0.893944
0.893303
0.892663
0.892024
0.891384
0.890745
0.890107
0.889468
0.888830
0.888192
0.887555
0.886918
0.886282
0.885645
0.885010
0.884374
0.883739
0.883105
0.882470
0.881837
0.881203
0.880570
0.879938
0.879306
0.878674
0.878043
0.877412
0.876782
0.876152
0.875523
0.874894
0.874266
0.873638
0.873011
0.872384
0.871757
0.871132
0.870506
0.869882
0.869257
0.868634
0.868011
0.867388
0.866766
0.866145
0.865524
0.864904
0.864284
0.863665
0.863047
0.862429
0.861812
0.861195
0.860579
0.859964
0.859349
0.858735
0.858122
0.857509
0.856897
0.856285
0.855675
0.855065
0.854455
0.853847
0.853239
0.852631
0.852025
0.851419
0.850814
0.850210
0.849606
0.849003
0.848401
0.847800
0.847199
0.846599
0.846000
0.845402
0.844804
0.844208
0.843612
0.843017
0.842422
0.841829
0.841236
0.840645
0.840054
0.839463
0.838874
0.838286
0.837698
0.837111
0.836526
0.835941
0.835357
0.834774
0.834191
0.833610
0.833029
0.832450
0.831871
0.831294
0.830717
0.830141
0.829566
0.828992
0.828419
0.827847
0.827276
0.826706
0.826137
0.825569
0.825002
0.824436
0.823871
0.823307
0.822744
0.822182
0.821621
0.821061
0.820502
0.819944
0.819387
0.818831
0.818277
0.817723
0.817171
0.816619
0.816069
0.815519
0.814971
0.814424
0.813878
0.813333
0.812790
0.812247
0.811706
0.811165
0.810626
0.810088
0.809551
0.809015
0.808481
0.807948
0.807415
0.806884
0.806355
0.805826
0.805299
0.804772
0.804247
0.803724
0.803201
0.802680
0.802160
0.801641
0.801124
0.800607
0.800092
0.799578
0.799066
0.798555
0.798045
0.797536
0.797029
0.796523
0.796018
0.795514
0.795012
0.794512
0.794012
0.793514
0.793017
0.792522
0.792028
0.791535
0.791043
0.790553
0.790065
0.789577
0.789091
0.788607
0.788124
0.787642
0.787162
0.786683
0.786205
0.785729
0.785255
0.784781
0.784309
0.783839
0.783370
0.782903
0.782437
0.781972
0.781509
0.781047
0.780587
0.780129
0.779671
0.779216
0.778762
0.778309
0.777858
0.777408
0.776960
0.776513
0.776068
0.775625
0.775183
0.774742
0.774303
0.773866
0.773430
0.772996
0.772563
0.772132
0.771702
0.771274
0.770848
0.770423
0.770000
0.769578
0.769158
0.768740
0.768323
0.767908
0.767494
0.767083
0.766672
0.766264
0.765857
0.765451
0.765048
0.764646
0.764245
0.763846
0.763449
0.763054
0.762660
0.762268
0.761878
0.761489
0.761103
0.760717
0.760334
0.759952
0.759572
0.759194
0.758817
0.758442
0.758069
0.757697
0.757328
0.756960
0.756593
0.756229
0.755866
0.755505
0.755146
0.754789
0.754433
0.754079
0.753727
0.753377
0.753028
0.752682
0.752337
0.751994
0.751652
0.751313
0.750975
0.750639
0.750305
0.749973
0.749643
0.749314
0.748987
0.748663
0.748340
0.748018
0.747699
0.747382
0.747066
0.746752
0.746440
0.746130
0.745822
0.745516
0.745212
0.744909
0.744609
0.744310
0.744013
0.743718
0.743425
0.743134
0.742845
0.742557
0.742272
0.741989
0.741707
0.741427
0.741150
0.740874
0.740600
0.740328
0.740058
0.739790
0.739524
0.739260
0.738998
0.738738
0.738480
0.738223
0.737969
0.737717
0.737466
0.737218
0.736972
0.736727
0.736485
0.736244
0.736006
0.735769
0.735535
0.735302
0.735072
0.734843
0.734617
0.734392
0.734170
0.733949
0.733731
0.733514
0.733300
0.733087
0.732877
0.732669
0.732462
0.732258
0.732056
0.731855
0.731657
0.731461
0.731267
0.731075
0.730885
0.730697
0.730511
0.730327
0.730145
0.729966
0.729788
0.729612
0.729439
0.729267
0.729098
0.728930
0.728765
0.728602
0.728440
0.728281
0.728124
0.727969
0.727817
0.727666
0.727517
0.727370
0.727226
0.727083
0.726943
0.726805
0.726669
0.726535
0.726403
0.726273
0.726145
0.726019
0.725896
0.725774
0.725655
0.725538
0.725423
0.725309
0.725199
0.725090
0.724983
0.724878
0.724776
0.724675
0.724577
0.724481
0.724387
0.724295
0.724205
0.724118
0.724032
0.723949
0.723867
0.723788
0.723711
0.723636
0.723563
0.723493
0.723424
0.723358
0.723293
0.723231
0.723171
0.723113
0.723057
0.723004
0.722952
0.722903
0.722856
0.722810
0.722767
0.722727
0.722688
0.722651
0.722617
0.722584
0.722554
0.722526
0.722500
0.722476
0.722455
0.722435
0.722418
0.722403
0.722390
0.722379
0.722370
0.722363
0.722358
0.722356
0.722356
0.722357
0.722361
0.722367
0.722376
0.722386
0.722398
0.722413
0.722430
0.722449
0.722470
0.722493
0.722518
0.722545
0.722575
0.722607
0.722640
0.722676
0.722714
0.722754
0.722797
0.722841
0.722888
0.722936
0.722987
0.723040
0.723095
0.723152
0.723211
0.723273
0.723336
0.723402
0.723469
0.723539
0.723611
0.723685
0.723761
0.723840
0.723920
0.724003
0.724087
0.724174
0.724263
0.724354
0.724447
0.724542
0.724639
0.724738
0.724840
0.724943
0.725049
0.725156
0.725266
0.725378
0.725492
0.725608
0.725726
0.725846
0.725968
0.726093
0.726219
0.726348
0.726478
0.726611
0.726746
0.726882
0.727021
0.727162
0.727305
0.727450
0.727597
0.727747
0.727898
0.728051
0.728206
0.728364
0.728523
0.728685
0.728848
0.729014
0.729181
0.729351
0.729523
0.729696
0.729872
0.730050
0.730230
0.730411
0.730595
0.730781
0.730969
0.731159
0.731351
0.731545
0.731741
0.731939
0.732139
0.732341
0.732545
0.732751
0.732958
0.733168
0.733380
0.733594
0.733810
0.734028
0.734248
0.734470
0.734693
0.734919
0.735147
0.735377
0.735608
0.735842
0.736078
0.736315
0.736555
0.736796
0.737039
0.737285
0.737532
0.737781
0.738032
0.738285
0.738541
0.738797
0.739056
0.739317
0.739580
0.739844
0.740111
0.740379
0.740650
0.740922
0.741196
0.741472
0.741750
0.742030
0.742311
0.742595
0.742880
0.743168
0.743457
0.743748
0.744041
0.744336
0.744632
0.744931
0.745231
0.745533
0.745838
0.746143
0.746451
0.746761
0.747072
0.747385
0.747700
0.748017
0.748336
0.748656
0.748979
0.749303
0.749629
0.749957
0.750286
0.750617
0.750950
0.751285
0.751622
0.751960
0.752301
0.752643
0.752986
0.753332
0.753679
0.754028
0.754379
0.754731
0.755086
0.755442
0.755799
0.756159
0.756520
0.756883
0.757248
0.757614
0.757982
0.758352
0.758723
0.759096
0.759471
0.759848
0.760226
0.760606
0.760988
0.761371
0.761756
0.762142
0.762531
0.762921
0.763312
0.763705
0.764100
0.764497
0.764895
0.765295
0.765696
0.766099
0.766504
0.766910
0.767318
0.767727
0.768138
0.768551
0.768965
0.769381
0.769799
0.770218
0.770638
0.771060
0.771484
0.771909
0.772336
0.772765
0.773195
0.773626
0.774059
0.774494
0.774930
0.775367
0.775807
0.776247
0.776689
0.777133
0.777578
0.778025
0.778473
0.778923
0.779374
0.779826
0.780280
0.780736
0.781193
0.781651
0.782111
0.782573
0.783035
0.783500
0.783965
0.784432
0.784901
0.785371
0.785842
0.786315
0.786789
0.787265
0.787742
0.788220
0.788700
0.789181
0.789664
0.790147
0.790633
0.791119
0.791607
0.792097
0.792587
0.793079
0.793573
0.794067
0.794563
0.795060
0.795559
0.796059
0.796560
0.797063
0.797567
0.798072
0.798578
0.799086
0.799595
0.800105
0.800616
0.801129
0.801643
0.802158
0.802675
0.803192
0.803711
0.804231
0.804753
0.805275
0.805799
0.806324
0.806850
0.807378
0.807906
0.808436
0.808967
0.809499
0.810032
0.810567
0.811102
0.811639
0.812177
0.812716
0.813256
0.813798
0.814340
0.814883
0.815428
0.815974
0.816521
0.817069
0.817618
0.818168
0.818719
0.819271
0.819824
0.820379
0.820934
0.821491
0.822048
0.822607
0.823166
0.823727
0.824289
0.824851
0.825415
0.825980
0.826545
0.827112
0.827680
0.828248
0.828818
0.829389
0.829960
0.830533
0.831106
0.831681
0.832256
0.832832
0.833409
0.833988
0.834567
0.835147
0.835728
0.836309
0.836892
0.837476
0.838060
0.838645
0.839232
0.839819
0.840406
0.840995
0.841585
0.842175
0.842767
0.843359
0.843952
0.844546
0.845140
0.845736
0.846332
0.846929
0.847526
0.848125
0.848724
0.849325
0.849925
0.850527
0.851129
0.851733
0.852336
0.852941
0.853546
0.854152
0.854759
0.855367
0.855975
0.856584
0.857193
0.857804
0.858415
0.859026
0.859639
0.860252
0.860865
0.861479
0.862094
0.862710
0.863326
0.863943
0.864560
0.865178
0.865797
0.866416
0.867036
0.867657
0.868278
0.868899
0.869521
0.870144
0.870767
0.871391
0.872016
0.872641
0.873266
0.873892
0.874518
0.875146
0.875773
0.876401
0.877030
0.877659
0.878288
0.878918
0.879549
0.880180
0.880811
0.881443
0.882075
0.882708
0.883341
0.883975
0.884609
0.885243
0.885878
0.886513
0.887149
0.887785
0.888421
0.889058
0.889695
0.890333
0.890971
0.891609
0.892247
0.892886
0.893526
0.894165
0.894805
0.895445
0.896086
0.896727
0.897368
0.898009
0.898651
0.899293
0.899935
0.900578
0.901221
0.901864
0.902507
0.903150
0.903794
0.904438
0.905082
0.905727
0.906371
0.907016
0.907661
0.908307
0.908952
0.909598
0.910243
0.910889
0.911535
0.912182
0.912828
0.913474
0.914121
0.914768
0.915415
0.916062
0.916709
0.917356
0.918003
0.918651
0.919298
0.919946
0.920593
0.921241
0.921889
0.922537
0.923185
0.923832
0.924480
0.925128
0.925776
0.926424
0.927072
0.927720
0.928368
0.929016
0.929664
0.930312
0.930960
0.931608
0.932255
0.932903
0.933551
0.934199
0.934846
0.935494
0.936141
0.936788
0.937436
0.938083
0.938730
0.939377
0.940023
0.940670
0.941317
0.941963
0.942609
0.943255
0.943901
0.944547
0.945193
0.945838
0.946483
0.947128
0.947773
0.948418
0.949062
0.949707
0.950351
0.950994
0.951638
0.952281
0.952924
0.953567
0.954210
0.954852
0.955494
0.956136
0.956777
0.957419
0.958060
0.958700
0.959340
0.959980
0.960620
0.961259
0.961898
0.962537
0.963175
0.963813
0.964451
0.965088
0.965725
0.966362
0.966998
0.967634
0.968269
0.968904
0.969538
0.970173
0.970806
0.971440
0.972072
0.972705
0.973337
0.973968
0.974599
0.975230
0.975860
0.976490
0.977119
0.977748
0.978376
0.979004
0.979631
0.980258
0.980884
0.981510
0.982135
0.982759
0.983383
0.984007
0.984630
0.985252
0.985874
0.986496
0.987116
0.987736
0.988356
0.988975
0.989593
0.990211
0.990828
0.991445
0.992061
0.992676
0.993291
0.993905
0.994518
0.995131
0.995743
0.996354
0.996965
0.997575
0.998184
0.998793
0.999401
1.000008
1.000615
1.001220
1.001826
1.002430
1.003034
1.003637
1.004239
1.004840
1.005441
1.006041
1.006640
1.007239
1.007836
1.008433
1.009029
1.009625
1.010219
1.010813
1.011406
1.011998
1.012589
1.013179
1.013769
1.014358
1.014946
1.015533
1.016119
1.016704
1.017289
1.017872
1.018455
1.019037
1.019618
1.020198
1.020777
1.021355
1.021933
1.022509
1.023085
1.023659
1.024233
1.024806
1.025378
1.025948
1.026518
1.027087
1.027655
1.028222
1.028788
1.029353
1.029917
1.030480
1.031042
1.031603
1.032163
1.032723
1.033281
1.033838
1.034394
1.034948
1.035502
1.036055
1.036607
1.037158
1.037707
1.038256
1.038804
1.039350
1.039895
1.040440
1.040983
1.041525
1.042066
1.042606
1.043145
1.043682
1.044219
1.044754
1.045289
1.045822
1.046354
1.046885
1.047414
1.047943
1.048470
1.048997
1.049522
1.050046
1.050568
1.051090
1.051610
1.052129
1.052647
1.053164
1.053679
1.054193
1.054706
1.055218
1.055729
1.056238
1.056746
1.057253
1.057759
1.058263
1.058766
1.059268
1.059769
1.060268
1.060766
1.061263
1.061758
1.062252
1.062745
1.063236
1.063727
1.064216
1.064703
1.065189
1.065674
1.066158
1.066640
1.067121
1.067601
1.068079
1.068556
1.069031
1.069505
1.069978
1.070450
1.070920
1.071388
1.071856
1.072322
1.072786
1.073249
1.073711
1.074171
1.074630
1.075087
1.075543
1.075998
1.076451
1.076903
1.077353
1.077802
1.078250
1.078695
1.079140
1.079583
1.080025
1.080465
1.080903
1.081341
1.081776
1.082210
1.082643
1.083074
1.083504
1.083932
1.084359
1.084784
1.085208
1.085630
1.086051
1.086470
1.086888
1.087304
1.087718
1.088132
1.088543
1.088953
1.089361
1.089768
1.090173
1.090577
1.090979
1.091380
1.091779
1.092176
1.092572
1.092966
1.093359
1.093750
1.094140
1.094527
1.094914
1.095298
1.095681
1.096063
1.096443
1.096821
1.097198
1.097572
1.097946
1.098318
1.098688
1.099056
1.099423
1.099788
1.100151
1.100513
1.100873
1.101232
1.101589
1.101944
1.102297
1.102649
1.102999
1.103348
1.103694
1.104039
1.104383
1.104724
1.105064
1.105403
1.105739
1.106074
1.106407
1.106739
1.107068
1.107396
1.107723
1.108047
1.108370
1.108691
1.109011
1.109328
1.109644
1.109958
1.110271
1.110581
1.110890
1.111197
1.111503
1.111806
1.112108
1.112408
1.112706
1.113003
1.113298
1.113591
1.113882
1.114171
1.114459
1.114745
1.115029
1.115311
1.115591
1.115870
1.116147
1.116422
1.116695
1.116967
1.117236
1.117504
1.117770
1.118034
1.118297
1.118557
1.118816
1.119073
1.119328
1.119581
1.119832
1.120082
1.120330
1.120575
1.120819
1.121062
1.121302
1.121540
1.121777
1.122012
1.122245
1.122476
1.122705
1.122932
1.123157
1.123381
1.123603
1.123823
1.124040
1.124257
1.124471
1.124683
1.124893
1.125102
1.125309
1.125513
1.125716
1.125917
1.126116
1.126313
1.126509
1.126702
1.126894
1.127083
1.127271
1.127457
1.127641
1.127822
1.128002
1.128181
1.128357
1.128531
1.128703
1.128874
1.129042
1.129209
1.129374
1.129537
1.129697
1.129856
1.130013
1.130168
1.130321
1.130473
1.130622
1.130769
1.130914
1.131058
1.131199
1.131339
1.131477
1.131612
1.131746
1.131878
1.132007
1.132135
1.132261
1.132385
1.132507
1.132627
1.132745
1.132862
1.132976
1.133088
1.133198
1.133306
1.133413
1.133517
1.133620
1.133720
1.133819
1.133915
1.134010
1.134102
1.134193
1.134282
1.134368
1.134453
1.134536
1.134616
1.134695
1.134772
1.134847
1.134920
1.134991
1.135060
1.135127
1.135192
1.135255
1.135316
1.135375
1.135432
1.135487
1.135540
1.135591
1.135640
1.135687
1.135732
1.135776
1.135817
1.135856
1.135893
1.135929
1.135962
1.135993
1.136022
1.136050
1.136075
1.136098
1.136120
1.136139
1.136157
1.136172
1.136185
1.136197
1.136206
1.136214
1.136219
1.136223
1.136224
1.136224
1.136221
1.136217
1.136210
1.136202
1.136192
1.136179
1.136165
1.136149
1.136130
1.136110
1.136088
1.136063
1.136037
1.136009
1.135978
1.135946
1.135912
1.135876
1.135838
1.135798
1.135755
1.135711
1.135665
1.135617
1.135567
1.135515
1.135461
1.135405
1.135347
1.135287
1.135225
1.135161
1.135096
1.135028
1.134958
1.134886
1.134812
1.134737
1.134659
1.134579
1.134498
1.134414
1.134329
1.134241
1.134152
1.134060
1.133967
1.133871
1.133774
1.133675
1.133573
1.133470
1.133365
1.133258
1.133149
1.133038
1.132925
1.132810
1.132693
1.132574
1.132453
1.132331
1.132206
1.132079
1.131951
1.131820
1.131688
1.131553
1.131417
1.131279
1.131138
1.130996
1.130852
1.130706
1.130558
1.130408
1.130257
1.130103
1.129947
1.129790
1.129630
1.129469
1.129305
1.129140
1.128973
1.128804
1.128633
1.128460
1.128285
1.128108
1.127930
1.127749
1.127567
1.127382
1.127196
1.127008
1.126818
1.126626
1.126432
1.126237
1.126039
1.125839
1.125638
1.125435
1.125230
1.125023
1.124814
1.124603
1.124390
1.124176
1.123960
1.123741
1.123521
1.123299
1.123076
1.122850
1.122622
1.122393
1.122162
1.121929
1.121694
1.121457
1.121218
1.120978
1.120735
1.120491
1.120245
1.119998
1.119748
1.119497
1.119243
1.118988
1.118731
1.118472
1.118212
1.117950
1.117685
1.117419
1.117152
1.116882
1.116611
1.116337
1.116062
1.115786
1.115507
1.115227
1.114945
1.114661
1.114375
1.114088
1.113798
1.113507
1.113215
1.112920
1.112624
1.112326
1.112026
1.111724
1.111421
1.111116
1.110809
1.110500
1.110190
1.109878
1.109564
1.109249
1.108932
1.108613
1.108292
1.107970
1.107645
1.107320
1.106992
1.106663
1.106332
1.105999
1.105665
1.105329
1.104991
1.104652
1.104311
1.103968
1.103623
1.103277
1.102929
1.102580
1.102229
1.101876
1.101522
1.101165
1.100808
1.100448
1.100087
1.099725
1.099360
1.098994
1.098627
1.098257
1.097887
1.097514
1.097140
1.096764
1.096387
1.096008
1.095627
1.095245
1.094862
1.094476
1.094089
1.093701
1.093311
1.092919
1.092526
1.092131
1.091735
1.091337
1.090937
1.090536
1.090133
1.089729
1.089324
1.088916
1.088508
1.088097
1.087685
1.087272
1.086857
1.086441
1.086023
1.085603
1.085182
1.084760
1.084336
1.083910
1.083484
1.083055
1.082625
1.082194
1.081761
1.081327
1.080891
1.080454
1.080015
1.079575
1.079133
1.078690
1.078245
1.077799
1.077352
1.076903
1.076453
1.076001
1.075548
1.075094
1.074638
1.074181
1.073722
1.073262
1.072800
1.072337
1.071873
1.071407
1.070940
1.070472
1.070002
1.069531
1.069059
1.068585
1.068110
1.067633
1.067155
1.066676
1.066196
1.065714
1.065231
1.064746
1.064260
1.063773
1.063285
1.062795
1.062304
1.061812
1.061318
1.060823
1.060327
1.059830
1.059331
1.058831
1.058330
1.057827
1.057324
1.056819
1.056313
1.055805
1.055297
1.054787
1.054276
1.053763
1.053250
1.052735
1.052219
1.051702
1.051184
1.050664
1.050144
1.049622
1.049099
1.048575
1.048049
1.047523
1.046995
1.046466
1.045936
1.045405
1.044873
1.044340
1.043805
1.043270
1.042733
1.042195
1.041656
1.041116
1.040575
1.040033
1.039490
1.038945
1.038400
1.037853
1.037306
1.036757
1.036208
1.035657
1.035105
1.034552
1.033999
1.033444
1.032888
1.032331
1.031773
1.031214
1.030654
1.030093
1.029532
1.028969
1.028405
1.027840
1.027274
1.026708
1.026140
1.025571
1.025002
1.024431
1.023860
1.023287
1.022714
1.022140
1.021564
1.020988
1.020411
1.019833
1.019255
1.018675
1.018094
1.017513
1.016931
1.016348
1.015764
1.015179
1.014593
1.014006
1.013419
1.012831
1.012242
1.011652
1.011061
1.010469
1.009877
1.009284
1.008690
1.008095
1.007500
1.006903
1.006306
1.005708
1.005110
1.004511
1.003910
1.003310
1.002708
1.002106
1.001503
1.000899
1.000294
0.999689
0.999083
0.998477
0.997869
0.997261
0.996653
0.996043
0.995433
0.994823
0.994211
0.993599
0.992986
0.992373
0.991759
0.991145
0.990529
0.989914
0.989297
0.988680
0.988063
0.987444
0.986825
0.986206
0.985586
0.984966
0.984344
0.983723
0.983100
0.982478
0.981854
0.981230
0.980606
0.979981
0.979356
0.978730
0.978103
0.977476
0.976849
0.976221
0.975592
0.974963
0.974334
0.973704
0.973074
0.972443
0.971811
0.971180
0.970548
0.969915
0.969282
0.968649
0.968015
0.967381
0.966746
0.966111
0.965475
0.964840
0.964203
0.963567
0.962930
0.962293
0.961655
0.961017
0.960379
0.959740
0.959101
0.958462
0.957822
0.957182
0.956542
0.955901
0.955260
0.954619
0.953978
0.953336
0.952694
0.952052
0.951409
0.950767
0.950124
0.949480
0.948837
0.948193
0.947549
0.946905
0.946261
0.945616
0.944972
0.944327
0.943682
0.943036
0.942391
0.941745
0.941100
0.940454
0.939808
0.939161
0.938515
0.937868
0.937222
0.936575
0.935928
0.935281
0.934634
0.933987
0.933340
0.932693
0.932045
0.931398
0.930750
0.930103
0.929455
0.928808
0.928160
0.927512
0.926865
0.926217
0.925569
0.924921
0.924274
0.923626
0.922978
0.922330
0.921683
0.921035
0.920388
0.919740
0.919092
0.918445
0.917798
0.917150
0.916503
0.915856
0.915209
0.914562
0.913915
0.913268
0.912622
0.911975
0.911329
0.910682
0.910036
0.909390
0.908744
0.908099
0.907453
0.906808
0.906163
0.905518
0.904873
0.904228
0.903584
0.902940
0.902296
0.901652
0.901008
0.900365
0.899722
0.899079
0.898437
0.897794
0.897152
0.896510
0.895869
0.895228
0.894587
0.893946
0.893306
0.892666
0.892026
0.891387
0.890748
0.890109
0.889471
0.888833
0.888195
0.887558
0.886921
0.886284
0.885648
0.885012
0.884377
0.883741
0.883107
0.882473
0.881839
0.881205
0.880572
0.879940
0.879308
0.878676
0.878045
0.877414
0.876784
0.876154
0.875525
0.874896
0.874268
0.873640
0.873012
0.872386
0.871759
0.871133
0.870508
0.869883
0.869259
0.868636
0.868012
0.867390
0.866768
0.866147
0.865526
0.864905
0.864286
0.863667
0.863048
0.862430
0.861813
0.861197
0.860581
0.859965
0.859351
0.858736
0.858123
0.857510
0.856898
0.856287
0.855676
0.855066
0.854457
0.853848
0.853240
0.852633
0.852026
0.851420
0.850815
0.850211
0.849607
0.849004
0.848402
0.847801
0.847200
0.846600
0.846001
0.845403
0.844805
0.844209
0.843613
0.843018
0.842423
0.841830
0.841237
0.840646
0.840055
0.839464
0.838875
0.838287
0.837699
0.837112
0.836527
0.835942
0.835358
0.834774
0.834192
0.833611
0.833030
0.832451
0.831872
0.831294
0.830718
0.830142
0.829567
0.828993
0.828420
0.827848
0.827277
0.826707
0.826138
0.825570
0.825003
0.824437
0.823872
0.823308
0.822744
0.822182
0.821621
0.821061
0.820503
0.819945
0.819388
0.818832
0.818277
0.817724
0.817171
0.816620
0.816069
0.815520
0.814972
0.814425
0.813879
0.813334
0.812790
0.812248
0.811706
0.811166
0.810627
0.810089
0.809552
0.809016
0.808482
0.807948
0.807416
0.806885
0.806355
0.805827
0.805299
0.804773
0.804248
0.803724
0.803202
0.802681
0.802160
0.801642
0.801124
0.800608
0.800093
0.799579
0.799066
0.798555
0.798045
0.797537
0.797029
0.796523
0.796018
0.795515
0.795013
0.794512
0.794013
0.793514
0.793018
0.792522
0.792028
0.791535
0.791044
0.790554
0.790065
0.789578
0.789092
0.788607
0.788124
0.787643
0.787162
0.786683
0.786206
0.785730
0.785255
0.784782
0.784310
0.783840
0.783371
0.782903
0.782437
0.781973
0.781510
0.781048
0.780588
0.780129
0.779672
0.779216
0.778762
0.778309
0.777858
0.777409
0.776960
0.776514
0.776069
0.775625
0.775183
0.774743
0.774304
0.773866
0.773430
0.772996
0.772563
0.772132
0.771703
0.771275
0.770848
0.770424
0.770000
0.769579
0.769159
0.768740
0.768324
0.767908
0.767495
0.767083
0.766673
0.766264
0.765857
0.765452
0.765048
0.764646
0.764246
0.763847
0.763450
0.763055
0.762661
0.762269
0.761879
0.761490
0.761103
0.760718
0.760334
0.759952
0.759572
0.759194
0.758817
0.758442
0.758069
0.757698
0.757328
0.756960
0.756594
0.756229
0.755867
0.755506
0.755147
0.754789
0.754434
0.754080
0.753728
0.753377
0.753029
0.752682
0.752337
0.751994
0.751653
0.751313
0.750976
0.750640
0.750306
0.749974
0.749643
0.749315
0.748988
0.748663
0.748340
0.748019
0.747700
0.747382
0.747067
0.746753
0.746441
0.746131
0.745823
0.745516
0.745212
0.744910
0.744609
0.744310
0.744013
0.743719
0.743426
0.743134
0.742845
0.742558
0.742273
0.741989
0.741708
0.741428
0.741150
0.740874
0.740601
0.740329
0.740059
0.739791
0.739525
0.739261
0.738999
0.738738
0.738480
0.738224
0.737969
0.737717
0.737467
0.737218
0.736972
0.736728
0.736485
0.736245
0.736006
0.735770
0.735535
0.735303
0.735072
0.734844
0.734617
0.734393
0.734170
0.733950
0.733731
0.733515
0.733300
0.733088
0.732877
0.732669
0.732463
0.732258
0.732056
0.731856
0.731658
0.731461
0.731267
0.731075
0.730885
0.730697
0.730511
0.730327
0.730146
0.729966
0.729788
0.729612
0.729439
0.729267
0.729098
0.728931
0.728765
0.728602
0.728441
0.728282
0.728125
0.727970
0.727817
0.727666
0.727517
0.727371
0.727226
0.727084
0.726943
0.726805
0.726669
0.726535
0.726403
0.726273
0.726145
0.726020
0.725896
0.725775
0.725655
0.725538
0.725423
0.725310
0.725199
0.725090
0.724983
0.724879
0.724776
0.724676
0.724577
0.724481
0.724387
0.724295
0.724206
0.724118
0.724032
0.723949
0.723868
0.723788
0.723711
0.723636
0.723564
0.723493
0.723424
0.723358
0.723294
0.723231
0.723171
0.723113
0.723058
0.723004
0.722952
0.722903
0.722856
0.722811
0.722768
0.722727
0.722688
0.722651
0.722617
0.722585
0.722554
0.722526
0.722500
0.722477
0.722455
0.722435
0.722418
0.722403
0.722390
0.722379
0.722370
0.722363
0.722358
0.722356
0.722356
0.722357
0.722361
0.722367
0.722376
0.722386
0.722398
0.722413
0.722430
0.722449
0.722470
0.722493
0.722518
0.722545
0.722575
0.722607
0.722640
0.722676
0.722714
0.722754
0.722797
0.722841
0.722888
0.722936
0.722987
0.723040
0.723095
0.723152
0.723211
0.723273
0.723336
0.723402
0.723469
0.723539
0.723611
0.723685
0.723761
0.723840
0.723920
0.724002
0.724087
0.724174
0.724263
0.724353
0.724446
0.724542
0.724639
0.724738
0.724839
0.724943
0.725048
0.725156
0.725266
0.725378
0.725492
0.725608
0.725726
0.725846
0.725968
0.726093
0.726219
0.726347
0.726478
0.726611
0.726745
0.726882
0.727021
0.727162
0.727305
0.727450
0.727597
0.727746
0.727897
0.728051
0.728206
0.728363
0.728523
0.728684
0.728848
0.729013
0.729181
0.729351
0.729522
0.729696
0.729872
0.730050
0.730229
0.730411
0.730595
0.730781
0.730969
0.731159
0.731351
0.731544
0.731740
0.731938
0.732138
0.732340
0.732544
0.732750
0.732958
0.733168
0.733380
0.733594
0.733810
0.734028
0.734247
0.734469
0.734693
0.734919
0.735147
0.735376
0.735608
0.735842
0.736077
0.736315
0.736554
0.736796
0.737039
0.737284
0.737532
0.737781
0.738032
0.738285
0.738540
0.738797
0.739056
0.739317
0.739579
0.739844
0.740110
0.740379
0.740649
0.740921
0.741196
0.741472
0.741749
0.742029
0.742311
0.742594
0.742880
0.743167
0.743456
0.743748
0.744040
0.744335
0.744632
0.744930
0.745231
0.745533
0.745837
0.746143
0.746451
0.746760
0.747072
0.747385
0.747700
0.748017
0.748335
0.748656
0.748978
0.749302
0.749628
0.749956
0.750285
0.750617
0.750950
0.751285
0.751621
0.751960
0.752300
0.752642
0.752986
0.753331
0.753679
0.754028
0.754378
0.754731
0.755085
0.755441
0.755799
0.756158
0.756519
0.756882
0.757247
0.757613
0.757981
0.758351
0.758723
0.759096
0.759471
0.759847
0.760225
0.760605
0.760987
0.761370
0.761755
0.762142
0.762530
0.762920
0.763311
0.763705
0.764100
0.764496
0.764894
0.765294
0.765695
0.766098
0.766503
0.766909
0.767317
0.767727
0.768138
0.768550
0.768965
0.769381
0.769798
0.770217
0.770638
0.771060
0.771483
0.771909
0.772336
0.772764
0.773194
0.773625
0.774058
0.774493
0.774929
0.775367
0.775806
0.776246
0.776689
0.777132
0.777577
0.778024
0.778472
0.778922
0.779373
0.779826
0.780280
0.780735
0.781192
0.781651
0.782111
0.782572
0.783035
0.783499
0.783965
0.784432
0.784900
0.785370
0.785842
0.786314
0.786789
0.787264
0.787741
0.788219
0.788699
0.789180
0.789663
0.790147
0.790632
0.791119
0.791606
0.792096
0.792586
0.793078
0.793572
0.794066
0.794562
0.795060
0.795558
0.796058
0.796559
0.797062
0.797566
0.798071
0.798577
0.799085
0.799594
0.800104
0.800615
0.801128
0.801642
0.802157
0.802674
0.803192
0.803710
0.804231
0.804752
0.805275
0.805798
0.806323
0.806850
0.807377
0.807905
0.808435
0.808966
0.809498
0.810032
0.810566
0.811102
0.811638
0.812176
0.812715
0.813255
0.813797
0.814339
0.814883
0.815427
0.815973
0.816520
0.817068
0.817617
0.818167
0.818718
0.819270
0.819824
0.820378
0.820933
0.821490
0.822047
0.822606
0.823166
0.823726
0.824288
0.824850
0.825414
0.825979
0.826545
0.827111
0.827679
0.828247
0.828817
0.829388
0.829959
0.830532
0.831105
0.831680
0.832255
0.832831
0.833408
0.833987
0.834566
0.835146
0.835727
0.836308
0.836891
0.837475
0.838059
0.838644
0.839231
0.839818
0.840405
0.840994
0.841584
0.842174
0.842766
0.843358
0.843951
0.844545
0.845139
0.845735
0.846331
0.846928
0.847525
0.848124
0.848723
0.849324
0.849924
0.850526
0.851128
0.851732
0.852335
0.852940
0.853545
0.854151
0.854758
0.855366
0.855974
0.856583
0.857192
0.857803
0.858414
0.859025
0.859638
0.860251
0.860864
0.861478
0.862093
0.862709
0.863325
0.863942
0.864559
0.865177
0.865796
0.866415
0.867035
0.867655
0.868277
0.868898
0.869520
0.870143
0.870766
0.871390
0.872015
0.872639
0.873265
0.873891
0.874517
0.875144
0.875772
0.876400
0.877029
0.877658
0.878287
0.878917
0.879548
0.880178
0.880810
0.881442
0.882074
0.882707
0.883340
0.883973
0.884607
0.885242
0.885877
0.886512
0.887148
0.887784
0.888420
0.889057
0.889694
0.890332
0.890969
0.891608
0.892246
0.892885
0.893524
0.894164
0.894804
0.895444
0.896085
0.896726
0.897367
0.898008
0.898650
0.899292
0.899934
0.900577
0.901219
0.901862
0.902506
0.903149
0.903793
0.904437
0.905081
0.905726
0.906370
0.907015
0.907660
0.908305
0.908951
0.909596
0.910242
0.910888
0.911534
0.912180
0.912827
0.913473
0.914120
0.914767
0.915414
0.916061
0.916708
0.917355
0.918002
0.918650
0.919297
0.919945
0.920592
0.921240
0.921888
0.922536
0.923183
0.923831
0.924479
0.925127
0.925775
0.926423
0.927071
0.927719
0.928367
0.929015
0.929663
0.930311
0.930959
0.931607
0.932254
0.932902
0.933554
0.934210
0.934870
0.935534
0.936202
0.936873
0.937547
0.938224
0.938904
0.939588
0.940274
0.940962
0.941653
0.942347
0.943043
0.943741
0.944441
0.945143
0.945847
0.946553
0.947261
0.947970
0.948681
0.949393
0.950106
0.950821
0.951538
0.952255
0.952973
0.953693
0.954413
0.955134
0.955856
0.956579
0.957302
0.958026
0.958751
0.959476
0.960202
0.960927
0.961654
0.962380
0.963107
0.963833
0.964560
0.965287
0.966014
0.966741
0.967467
0.968194
0.968920
0.969646
0.970372
0.971097
0.971822
0.972547
0.973271
0.973995
0.974718
0.975440
0.976162
0.976883
0.977604
0.978324
0.979043
0.979761
0.980478
0.981195
0.981910
0.982625
0.983339
0.984052
0.984764
0.985474
0.986184
0.986893
0.987600
0.988307
0.989012
0.989716
0.990419
0.991120
0.991821
0.992520
0.993218
0.993914
0.994609
0.995303
0.995996
0.996687
0.997376
0.998065
0.998752
0.999437
1.000121
1.000804
1.001485
1.002164
1.002842
1.003519
1.004194
1.004868
1.005540
1.006210
1.006879
1.007546
1.008212
1.008876
1.009538
1.010199
1.010859
1.011516
1.012172
1.012827
1.013480
1.014131
1.014780
1.015428
1.016074
1.016719
1.017362
1.018003
1.018643
1.019280
1.019917
1.020551
1.021184
1.021815
1.022445
1.023073
1.023699
1.024323
1.024946
1.025567
1.026186
1.026804
1.027420
1.028034
1.028647
1.029258
1.029867
1.030475
1.031080
1.031685
1.032287
1.032888
1.033487
1.034085
1.034680
1.035275
1.035867
1.036458
1.037047
1.037634
1.038220
1.038804
1.039387
1.039967
1.040547
1.041124
1.041700
1.042274
1.042847
1.043418
1.043987
1.044554
1.045120
1.045685
1.046248
1.046809
1.047368
1.047926
1.048482
1.049037
1.049590
1.050141
1.050691
1.051239
1.051786
1.052331
1.052874
1.053416
1.053957
1.054495
1.055032
1.055568
1.056102
1.056634
1.057165
1.057694
1.058222
1.058748
1.059273
1.059796
1.060317
1.060837
1.061355
1.061872
1.062387
1.062901
1.063413
1.063924
1.064433
1.064941
1.065447
1.065951
1.066454
1.066956
1.067456
1.067954
1.068451
1.068946
1.069440
1.069933
1.070424
1.070913
1.071401
1.071887
1.072372
1.072855
1.073337
1.073818
1.074297
1.074774
1.075250
1.075724
1.076197
1.076668
1.077138
1.077607
1.078074
1.078539
1.079003
1.079465
1.079926
1.080386
1.080844
1.081300
1.081755
1.082209
1.082661
1.083111
1.083560
1.084008
1.084454
1.084899
1.085342
1.085783
1.086224
1.086662
1.087099
1.087535
1.087969
1.088402
1.088833
1.089263
1.089691
1.090117
1.090543
1.090966
1.091389
1.091809
1.092228
1.092646
1.093062
1.093477
1.093890
1.094302
1.094712
1.095121
1.095528
1.095933
1.096337
1.096740
1.097141
1.097541
1.097939
1.098335
1.098730
1.099124
1.099516
1.099906
1.100295
1.100682
1.101068
1.101452
1.101835
1.102216
1.102595
1.102974
1.103350
1.103725
1.104098
1.104470
1.104840
1.105209
1.105576
1.105942
1.106306
1.106668
1.107029
1.107388
1.107746
1.108102
1.108457
1.108809
1.109161
1.109510
1.109859
1.110205
1.110550
1.110893
1.111235
1.111575
1.111914
1.112250
1.112586
1.112919
1.113251
1.113582
1.113910
1.114237
1.114563
1.114887
1.115209
1.115529
1.115848
1.116165
1.116481
1.116795
1.117107
1.117417
1.117726
1.118033
1.118339
1.118643
1.118945
1.119245
1.119544
1.119841
1.120137
1.120430
1.120722
1.121013
1.121301
1.121588
1.121873
1.122157
1.122438
1.122718
1.122997
1.123273
1.123548
1.123821
1.124093
1.124362
1.124630
1.124896
1.125161
1.125423
1.125684
1.125943
1.126200
1.126456
1.126710
1.126962
1.127212
1.127461
1.127707
1.127952
1.128196
1.128437
1.128676
1.128914
1.129150
1.129384
1.129617
1.129847
1.130076
1.130303
1.130528
1.130752
1.130973
1.131193
1.131411
1.131627
1.131841
1.132054
1.132264
1.132473
1.132680
1.132885
1.133088
1.133289
1.133489
1.133687
1.133882
1.134076
1.134269
1.134459
1.134647
1.134834
1.135018
1.135201
1.135382
1.135561
1.135738
1.135914
1.136087
1.136259
1.136428
1.136596
1.136762
1.136926
1.137088
1.137248
1.137407
1.137563
1.137718
1.137870
1.138021
1.138170
1.138317
1.138462
1.138605
1.138746
1.138885
1.139022
1.139158
1.139291
1.139423
1.139553
1.139680
1.139806
1.139930
1.140052
1.140172
1.140290
1.140406
1.140520
1.140633
1.140743
1.140851
1.140958
1.141062
1.141165
1.141266
1.141364
1.141461
1.141556
1.141649
1.141740
1.141829
1.141916
1.142001
1.142084
1.142165
1.142244
1.142321
1.142396
1.142470
1.142541
1.142610
1.142678
1.142743
1.142807
1.142868
1.142928
1.142985
1.143041
1.143095
1.143146
1.143196
1.143244
1.143290
1.143333
1.143375
1.143415
1.143453
1.143489
1.143523
1.143555
1.143585
1.143613
1.143639
1.143663
1.143685
1.143705
1.143723
1.143739
1.143754
1.143766
1.143776
1.143784
1.143791
1.143795
1.143797
1.143797
1.143796
1.143792
1.143787
1.143779
1.143770
1.143758
1.143744
1.143729
1.143712
1.143692
1.143671
1.143647
1.143622
1.143594
1.143565
1.143534
1.143501
1.143465
1.143428
1.143389
1.143348
1.143304
1.143259
1.143212
1.143163
1.143112
1.143059
1.143004
1.142947
1.142888
1.142827
1.142764
1.142699
1.142633
1.142564
1.142493
1.142420
1.142346
1.142269
1.142190
1.142110
1.142027
1.141943
1.141856
1.141768
1.141677
1.141585
1.141491
1.141395
1.141296
1.141196
1.141094
1.140990
1.140884
1.140776
1.140666
1.140554
1.140440
1.140324
1.140207
1.140087
1.139965
1.139842
1.139716
1.139589
1.139460
1.139328
1.139195
1.139060
1.138923
1.138784
1.138643
1.138500
1.138355
1.138208
1.138060
1.137909
1.137757
1.137602
1.137446
1.137287
1.137127
1.136965
1.136801
1.136635
1.136467
1.136298
1.136126
1.135952
1.135777
1.135600
1.135420
1.135239
1.135056
1.134871
1.134684
1.134496
1.134305
1.134113
1.133918
1.133722
1.133524
1.133324
1.133122
1.132918
1.132712
1.132505
1.132296
1.132084
1.131871
1.131656
1.131439
1.131221
1.131000
1.130778
1.130553
1.130327
1.130099
1.129870
1.129638
1.129404
1.129169
1.128932
1.128693
1.128452
1.128209
1.127965
1.127719
1.127471
1.127221
1.126969
1.126715
1.126460
1.126203
1.125944
1.125683
1.125420
1.125156
1.124890
1.124622
1.124352
1.124080
1.123807
1.123532
1.123255
1.122976
1.122695
1.122413
1.122129
1.121843
1.121556
1.121266
1.120975
1.120682
1.120388
1.120091
1.119793
1.119493
1.119192
1.118888
1.118583
1.118276
1.117968
1.117657
1.117345
1.117032
1.116716
1.116399
1.116080
1.115759
1.115437
1.115113
1.114787
1.114460
1.114131
1.113800
1.113467
1.113133
1.112797
1.112460
1.112121
1.111780
1.111437
1.111093
1.110747
1.110399
1.110050
1.109699
1.109347
1.108993
1.108637
1.108279
1.107920
1.107559
1.107197
1.106833
1.106467
1.106100
1.105731
1.105361
1.104989
1.104615
1.104240
1.103863
1.103484
1.103104
1.102723
1.102339
1.101955
1.101568
1.101180
1.100791
1.100400
1.100007
1.099613
1.099217
1.098819
1.098421
1.098020
1.097618
1.097215
1.096810
1.096403
1.095995
1.095585
1.095174
1.094761
1.094347
1.093932
1.093514
1.093096
1.092675
1.092254
1.091831
1.091406
1.090980
1.090552
1.090123
1.089693
1.089261
1.088827
1.088392
1.087956
1.087518
1.087079
1.086638
1.086196
1.085753
1.085308
1.084861
1.084413
1.083964
1.083514
1.083062
1.082608
1.082153
1.081697
1.081239
1.080780
1.080320
1.079858
1.079395
1.078931
1.078465
1.077998
1.077529
1.077059
1.076588
1.076115
1.075641
1.075166
1.074690
1.074212
1.073733
1.073252
1.072770
1.072287
1.071803
1.071317
1.070830
1.070341
1.069852
1.069361
1.068869
1.068375
1.067881
1.067385
1.066888
1.066389
1.065890
1.065389
1.064887
1.064383
1.063879
1.063373
1.062866
1.062357
1.061848
1.061337
1.060825
1.060312
1.059798
1.059283
1.058766
1.058248
1.057729
1.057209
1.056688
1.056166
1.055642
1.055117
1.054592
1.054065
1.053537
1.053007
1.052477
1.051946
1.051413
1.050879
1.050345
1.049809
1.049272
1.048734
1.048195
1.047654
1.047113
1.046571
1.046028
1.045483
1.044938
1.044391
1.043844
1.043295
1.042745
1.042195
1.041643
1.041090
1.040537
1.039982
1.039426
1.038870
1.038312
1.037754
1.037194
1.036633
1.036072
1.035509
1.034946
1.034381
1.033816
1.033250
1.032683
1.032115
1.031545
1.030975
1.030405
1.029833
1.029260
1.028687
1.028112
1.027537
1.026960
1.026383
1.025805
1.025227
1.024647
1.024066
1.023485
1.022903
1.022320
1.021736
1.021151
1.020565
1.019979
1.019392
1.018804
1.018215
1.017625
1.017035
1.016444
1.015852
1.015259
1.014666
1.014072
1.013477
1.012881
1.012285
1.011688
1.011090
1.010491
1.009892
1.009292
1.008691
1.008089
1.007487
1.006884
1.006281
1.005677
1.005072
1.004466
1.003860
1.003253
1.002645
1.002037
1.001429
1.000819
1.000209
0.999598
0.998987
0.998375
0.997763
0.997149
0.996536
0.995921
0.995307
0.994691
0.994075
0.993458
0.992841
0.992224
0.991605
0.990987
0.990367
0.989747
0.989127
0.988506
0.987885
0.987263
0.986641
0.986018
0.985394
0.984770
0.984146
0.983521
0.982896
0.982270
0.981644
0.981017
0.980390
0.979763
0.979135
0.978507
0.977878
0.977249
0.976619
0.975989
0.975359
0.974728
0.974097
0.973465
0.972833
0.972201
0.971569
0.970936
0.970302
0.969669
0.969035
0.968401
0.967766
0.967131
0.966496
0.965860
0.965224
0.964588
0.963952
0.963315
0.962678
0.962041
0.961404
0.960766
0.960128
0.959490
0.958851
0.958213
0.957574
0.956935
0.956295
0.955656
0.955016
0.954376
0.953736
0.953096
0.952455
0.951815
0.951174
0.950533
0.949892
0.949251
0.948610
0.947968
0.947326
0.946685
0.946043
0.945401
0.944759
0.944117
0.943475
0.942832
0.942190
0.941548
0.940905
0.940263
0.939620
0.938977
0.938335
0.937692
0.937049
0.936407
0.935764
0.935121
0.934478
0.933836
0.933193
0.932550
0.931908
0.931265
0.930622
0.929980
0.929337
0.928695
0.928053
0.927410
0.926768
0.926126
0.925484
0.924842
0.924200
0.923558
0.922916
0.922275
0.921634
0.920992
0.920351
0.919710
0.919069
0.918429
0.917788
0.917148
0.916508
0.915868
0.915228
0.914588
0.913949
0.913309
0.912670
0.912032
0.911393
0.910755
0.910117
0.909479
0.908841
0.908204
0.907567
0.906930
0.906293
0.905657
0.905021
0.904386
0.903750
0.903115
0.902480
0.901846
0.901212
0.900578
0.899945
0.899311
0.898679
0.898046
0.897414
0.896783
0.896151
0.895520
0.894890
0.894260
0.893630
0.893001
0.892372
0.891743
0.891115
0.890487
0.889860
0.889233
0.888607
0.887981
0.887356
0.886731
0.886106
0.885482
0.884859
0.884236
0.883613
0.882991
0.882370
0.881749
0.881128
0.880508
0.879889
0.879270
0.878652
0.878034
0.877417
0.876800
0.876184
0.875569
0.874954
0.874340
0.873726
0.873113
0.872500
0.871888
0.871277
0.870667
0.870057
0.869447
0.868838
0.868230
0.867623
0.867016
0.866410
0.865805
0.865200
0.864596
0.863993
0.863390
0.862788
0.862187
0.861587
0.860987
0.860388
0.859790
0.859192
0.858595
0.857999
0.857404
0.856809
0.856216
0.855623
0.855031
0.854439
0.853849
0.853259
0.852670
0.852082
0.851494
0.850908
0.850322
0.849737
0.849153
0.848570
0.847988
0.847406
0.846826
0.846246
0.845667
0.845090
0.844513
0.843937
0.843361
0.842787
0.842214
0.841641
0.841070
0.840499
0.839930
0.839361
0.838793
0.838227
0.837661
0.837096
0.836532
0.835970
0.835408
0.834847
0.834287
0.833729
0.833171
0.832614
0.832058
0.831504
0.830950
0.830397
0.829846
0.829295
0.828746
0.828198
0.827650
0.827104
0.826559
0.826015
0.825472
0.824930
0.824390
0.823850
0.823312
0.822774
0.822238
0.821703
0.821169
0.820637
0.820105
0.819575
0.819045
0.818517
0.817990
0.817465
0.816940
0.816417
0.815895
0.815374
0.814854
0.814335
0.813818
0.813302
0.812787
0.812274
0.811761
0.811250
0.810741
0.810232
0.809725
0.809219
0.808714
0.808211
0.807708
0.807208
0.806708
0.806210
0.805713
0.805217
0.804723
0.804230
0.803738
0.803248
0.802759
0.802271
0.801785
0.801300
0.800817
0.800334
0.799854
0.799374
0.798896
0.798420
0.797944
0.797471
0.796998
0.796527
0.796057
0.795589
0.795123
0.794657
0.794193
0.793731
0.793270
0.792810
0.792352
0.791896
0.791440
0.790987
0.790535
0.790084
0.789635
0.789187
0.788741
0.788296
0.787853
0.787411
0.786971
0.786532
0.786095
0.785659
0.785225
0.784792
0.784361
0.783932
0.783504
0.783078
0.782653
0.782230
0.781808
0.781388
0.780970
0.780553
0.780137
0.779724
0.779312
0.778901
0.778492
0.778085
0.777679
0.777275
0.776873
0.776472
0.776073
0.775675
0.775280
0.774885
0.774493
0.774102
0.773713
0.773325
0.772939
0.772555
0.772173
0.771792
0.771413
0.771035
0.770660
0.770286
0.769913
0.769543
0.769174
0.768807
0.768441
0.768077
0.767715
0.767355
0.766997
0.766640
0.766285
0.765932
0.765580
0.765230
0.764882
0.764536
0.764192
0.763849
0.763508
0.763169
0.762832
0.762496
0.762162
0.761830
0.761500
0.761172
0.760845
0.760521
0.760198
0.759877
0.759557
0.759240
0.758924
0.758610
0.758299
0.757988
0.757680
0.757374
0.757069
0.756767
0.756466
0.756167
0.755870
0.755574
0.755281
0.754989
0.754700
0.754412
0.754126
0.753842
0.753560
0.753280
0.753002
0.752725
0.752451
0.752178
0.751908
0.751639
0.751372
0.751107
0.750844
0.750583
0.750324
0.750067
0.749811
0.749558
0.749307
0.749057
0.748810
0.748564
0.748321
0.748079
0.747839
0.747601
0.747366
0.747132
0.746900
0.746670
0.746442
0.746216
0.745992
0.745770
0.745550
0.745332
0.745116
0.744902
0.744690
0.744480
0.744272
0.744066
0.743861
0.743659
0.743459
0.743261
0.743065
0.742871
0.742679
0.742489
0.742301
0.742115
0.741931
0.741749
0.741569
0.741391
0.741215
0.741041
0.740870
0.740700
0.740532
0.740366
0.740203
0.740041
0.739881
0.739724
0.739568
0.739415
0.739263
0.739114
0.738967
0.738821
0.738678
0.738537
0.738398
0.738261
0.738126
0.737993
0.737862
0.737733
0.737607
0.737482
0.737360
0.737239
0.737121
0.737004
0.736890
0.736778
0.736668
0.736559
0.736453
0.736350
0.736248
0.736148
0.736050
0.735955
0.735861
0.735770
0.735680
0.735593
0.735508
0.735425
0.735344
0.735265
0.735188
0.735114
0.735041
0.734970
0.734902
0.734836
0.734771
0.734709
0.734649
0.734591
0.734535
0.734481
0.734430
0.734380
0.734333
0.734287
0.734244
0.734203
0.734164
0.734127
0.734092
0.734059
0.734028
0.734000
0.733973
0.733949
0.733926
0.733906
0.733888
0.733872
0.733858
0.733846
0.733837
0.733829
0.733823
0.733820
0.733819
0.733819
0.733822
0.733827
0.733834
0.733844
0.733855
0.733868
0.733884
0.733901
0.733921
0.733943
0.733966
0.733992
0.734020
0.734051
0.734083
0.734117
0.734153
0.734192
0.734232
0.734275
0.734320
0.734367
0.734416
0.734467
0.734520
0.734575
0.734632
0.734692
0.734753
0.734816
0.734882
0.734950
0.735019
0.735091
0.735165
0.735241
0.735319
0.735399
0.735482
0.735566
0.735652
0.735741
0.735831
0.735924
0.736018
0.736115
0.736214
0.736314
0.736417
0.736522
0.736629
0.736738
0.736849
0.736962
0.737077
0.737195
0.737314
0.737435
0.737559
0.737684
0.737811
0.737941
0.738072
0.738206
0.738341
0.738479
0.738619
0.738760
0.738904
0.739050
0.739198
0.739347
0.739499
0.739653
0.739809
0.739967
0.740127
0.740289
0.740452
0.740618
0.740786
0.740956
0.741128
0.741302
0.741478
0.741656
0.741836
0.742017
0.742201
0.742387
0.742575
0.742765
0.742957
0.743150
0.743346
0.743544
0.743744
0.743945
0.744149
0.744354
0.744562
0.744771
0.744983
0.745196
0.745412
0.745629
0.745848
0.746069
0.746292
0.746518
0.746745
0.746973
0.747204
0.747437
0.747672
0.747908
0.748147
0.748388
0.748630
0.748874
0.749120
0.749368
0.749619
0.749870
0.750124
0.750380
0.750637
0.750897
0.751158
0.751422
0.751687
0.751954
0.752223
0.752493
0.752766
0.753040
0.753317
0.753595
0.753875
0.754157
0.754441
0.754726
0.755014
0.755303
0.755594
0.755887
0.756182
0.756478
0.756777
0.757077
0.757379
0.757683
0.757988
0.758296
0.758605
0.758916
0.759229
0.759544
0.759860
0.760178
0.760498
0.760820
0.761143
0.761469
0.761796
0.762125
0.762455
0.762788
0.763122
0.763458
0.763795
0.764135
0.764476
0.764819
0.765163
0.765509
0.765857
0.766207
0.766559
0.766912
0.767267
0.767623
0.767981
0.768341
0.768703
0.769066
0.769431
0.769798
0.770166
0.770536
0.770908
0.771282
0.771657
0.772033
0.772412
0.772792
0.773173
0.773557
0.773941
0.774328
0.774716
0.775106
0.775497
0.775890
0.776285
0.776681
0.777079
0.777479
0.777880
0.778282
0.778687
0.779092
0.779500
0.779909
0.780319
0.780731
0.781145
0.781560
0.781977
0.782395
0.782815
0.783237
0.783659
0.784084
0.784510
0.784937
0.785366
0.785797
0.786229
0.786662
0.787097
0.787534
0.787972
0.788412
0.788853
0.789295
0.789739
0.790184
0.790631
0.791079
0.791529
0.791980
0.792433
0.792887
0.793343
0.793800
0.794258
0.794718
0.795179
0.795642
0.796106
0.796571
0.797038
0.797506
0.797976
0.798447
0.798919
0.799393
0.799868
0.800344
0.800822
0.801301
0.801782
0.802264
0.802747
0.803231
0.803717
0.804204
0.804693
0.805183
0.805674
0.806166
0.806660
0.807155
0.807651
0.808149
0.808647
0.809148
0.809649
0.810152
0.810655
0.811161
0.811667
0.812175
0.812683
0.813194
0.813705
0.814217
0.814731
0.815246
0.815762
0.816280
0.816798
0.817318
0.817839
0.818361
0.818884
0.819409
0.819934
0.820461
0.820989
0.821518
0.822048
0.822580
0.823112
0.823646
0.824180
0.824716
0.825253
0.825791
0.826330
0.826871
0.827412
0.827954
0.828498
0.829042
0.829588
0.830135
0.830682
0.831231
0.831781
0.832332
0.832884
0.833437
0.833991
0.834546
0.835102
0.835659
0.836216
0.836775
0.837335
0.837896
0.838458
0.839021
0.839585
0.840150
0.840715
0.841282
0.841850
0.842418
0.842988
0.843558
0.844130
0.844702
0.845275
0.845849
0.846424
0.847000
0.847577
0.848154
0.848733
0.849312
0.849893
0.850474
0.851056
0.851638
0.852222
0.852806
0.853392
0.853978
0.854565
0.855153
0.855741
0.856330
0.856921
0.857511
0.858103
0.858696
0.859289
0.859883
0.860478
0.861073
0.861669
0.862266
0.862864
0.863463
0.864062
0.864662
0.865262
0.865864
0.866466
0.867068
0.867672
0.868276
0.868881
0.869486
0.870092
0.870699
0.871306
0.871914
0.872523
0.873132
0.873742
0.874353
0.874964
0.875576
0.876188
0.876801
0.877415
0.878029
0.878643
0.879259
0.879875
0.880491
0.881108
0.881725
0.882343
0.882962
0.883581
0.884201
0.884821
0.885442
0.886063
0.886685
0.887307
0.887929
0.888553
0.889176
0.889800
0.890425
0.891050
0.891675
0.892301
0.892927
0.893554
0.894181
0.894809
0.895437
0.896065
0.896694
0.897324
0.897953
0.898583
0.899214
0.899844
0.900475
0.901107
0.901739
0.902371
0.903003
0.903636
0.904269
0.904903
0.905537
0.906171
0.906805
0.907440
0.908075
0.908710
0.909346
0.909981
0.910617
0.911254
0.911890
0.912527
0.913164
0.913802
0.914439
0.915077
0.915715
0.916353
0.916991
0.917630
0.918269
0.918908
0.919547
0.920186
0.920826
0.921465
0.922105
0.922745
0.923385
0.924025
0.924666
0.925306
0.925947
0.926587
0.927228
0.927869
0.928510
0.929151
0.929792
0.930433
0.931074
0.931716
0.932357
0.932999
0.933640
0.934281
0.934923
0.935565
0.936206
0.936848
0.937489
0.938131
0.938772
0.939414
0.940055
0.940697
0.941338
0.941980
0.942621
0.943262
0.943903
0.944545
0.945186
0.945827
0.946468
0.947109
0.947749
0.948390
0.949030
0.949671
0.950311
0.950951
0.951591
0.952231
0.952871
0.953511
0.954150
0.954789
0.955428
0.956067
0.956706
0.957345
0.957983
0.958621
0.959259
0.959897
0.960534
0.961171
0.961808
0.962445
0.963082
0.963718
0.964354
0.964990
0.965625
0.966261
0.966896
0.967530
0.968165
0.968799
0.969432
0.970066
0.970699
0.971332
0.971964
0.972596
0.973228
0.973859
0.974490
0.975121
0.975751
0.976381
0.977011
0.977640
0.978269
0.978897
0.979525
0.980153
0.980780
0.981407
0.982033
0.982659
0.983284
0.983909
0.984534
0.985158
0.985782
0.986405
0.987027
0.987649
0.988271
0.988892
0.989513
0.990133
0.990753
0.991372
0.991990
0.992609
0.993226
0.993843
0.994459
0.995075
0.995691
0.996305
0.996920
0.997533
0.998146
0.998759
0.999370
0.999982
1.000592
1.001202
1.001812
1.002420
1.003029
1.003636
1.004243
1.004849
1.005455
1.006059
1.006664
1.007267
1.007870
1.008472
1.009074
1.009674
1.010274
1.010874
1.011472
1.012070
1.012668
1.013264
1.013860
1.014455
1.015049
1.015642
1.016235
1.016827
1.017418
1.018009
1.018598
1.019187
1.019775
1.020362
1.020949
1.021534
1.022119
1.022703
1.023286
1.023869
1.024450
1.025031
1.025611
1.026190
1.026768
1.027345
1.027921
1.028497
1.029071
1.029645
1.030218
1.030790
1.031361
1.031931
1.032500
1.033068
1.033635
1.034202
1.034767
1.035332
1.035895
1.036458
1.037019
1.037580
1.038140
1.038698
1.039256
1.039813
1.040369
1.040923
1.041477
1.042030
1.042581
1.043132
1.043682
1.044231
1.044778
1.045325
1.045870
1.046415
1.046958
1.047501
1.048042
1.048582
1.049121
1.049659
1.050196
1.050732
1.051267
1.051801
1.052333
1.052865
1.053395
1.053924
1.054452
1.054979
1.055505
1.056030
1.056553
1.057076
1.057597
1.058117
1.058636
1.059154
1.059670
1.060186
1.060700
1.061213
1.061725
1.062235
1.062745
1.063253
1.063760
1.064266
1.064770
1.065273
1.065775
1.066276
1.066776
1.067274
1.067771
1.068267
1.068761
1.069255
1.069747
1.070237
1.070727
1.071215
1.071702
1.072187
1.072672
1.073154
1.073636
1.074116
1.074595
1.075073
1.075549
1.076024
1.076498
1.076970
1.077441
1.077911
1.078379
1.078846
1.079312
1.079776
1.080239
1.080700
1.081160
1.081619
1.082076
1.082532
1.082986
1.083439
1.083891
1.084341
1.084790
1.085237
1.085683
1.086128
1.086571
1.087013
1.087453
1.087892
1.088329
1.088765
1.089199
1.089632
1.090064
1.090494
1.090922
1.091349
1.091775
1.092199
1.092621
1.093042
1.093462
1.093880
1.094297
1.094712
1.095125
1.095537
1.095948
1.096357
1.096764
1.097170
1.097574
1.097977
1.098379
1.098778
1.099176
1.099573
1.099968
1.100362
1.100753
1.101144
1.101533
1.101920
1.102305
1.102689
1.103072
1.103453
1.103832
1.104209
1.104585
1.104960
1.105333
1.105704
1.106073
1.106441
1.106808
1.107172
1.107535
1.107897
1.108256
1.108615
1.108971
1.109326
1.109679
1.110030
1.110380
1.110728
1.111075
1.111420
1.111763
1.112104
1.112444
1.112782
1.113119
1.113454
1.113787
1.114118
1.114448
1.114776
1.115102
1.115426
1.115749
1.116070
1.116390
1.116707
1.117023
1.117338
1.117650
1.117961
1.118270
1.118577
1.118883
1.119186
1.119488
1.119789
1.120087
1.120384
1.120679
1.120972
1.121264
1.121554
1.121842
1.122128
1.122412
1.122695
1.122976
1.123255
1.123532
1.123808
1.124081
1.124353
1.124623
1.124892
1.125158
1.125423
1.125686
1.125947
1.126206
1.126464
1.126719
1.126973
1.127225
1.127476
1.127724
1.127970
1.128215
1.128458
1.128699
1.128938
1.129176
1.129411
1.129645
1.129877
1.130107
1.130335
1.130561
1.130786
1.131008
1.131229
1.131448
1.131665
1.131880
1.132093
1.132305
1.132514
1.132722
1.132928
1.133132
1.133334
1.133534
1.133732
1.133929
1.134123
1.134316
1.134507
1.134695
1.134882
1.135067
1.135251
1.135432
1.135611
1.135789
1.135964
1.136138
1.136310
1.136480
1.136647
1.136814
1.136978
1.137140
1.137300
1.137458
1.137615
1.137769
1.137922
1.138073
1.138222
1.138368
1.138513
1.138656
1.138797
1.138936
1.139074
1.139209
1.139342
1.139474
1.139603
1.139731
1.139856
1.139980
1.140101
1.140221
1.140339
1.140455
1.140569
1.140681
1.140791
1.140899
1.141005
1.141109
1.141211
1.141312
1.141410
1.141506
1.141601
1.141693
1.141784
1.141872
1.141959
1.142043
1.142126
1.142207
1.142286
1.142362
1.142437
1.142510
1.142581
1.142650
1.142717
1.142782
1.142845
1.142906
1.142965
1.143022
1.143077
1.143130
1.143181
1.143231
1.143278
1.143323
1.143367
1.143408
1.143447
1.143485
1.143520
1.143554
1.143585
1.143615
1.143642
1.143668
1.143691
1.143713
1.143732
1.143750
1.143766
1.143780
1.143791
1.143801
1.143809
1.143815
1.143818
1.143820
1.143820
1.143818
1.143814
1.143808
1.143800
1.143790
1.143778
1.143764
1.143748
1.143730
1.143710
1.143689
1.143665
1.143639
1.143611
1.143581
1.143550
1.143516
1.143480
1.143443
1.143403
1.143362
1.143318
1.143273
1.143225
1.143176
1.143124
1.143071
1.143015
1.142958
1.142899
1.142838
1.142774
1.142709
1.142642
1.142573
1.142502
1.142429
1.142354
1.142277
1.142198
1.142117
1.142034
1.141949
1.141863
1.141774
1.141683
1.141591
1.141496
1.141400
1.141301
1.141201
1.141098
1.140994
1.140888
1.140780
1.140669
1.140557
1.140443
1.140327
1.140209
1.140089
1.139968
1.139844
1.139718
1.139591
1.139461
1.139330
1.139196
1.139061
1.138923
1.138784
1.138643
1.138500
1.138355
1.138208
1.138059
1.137909
1.137756
1.137601
1.137445
1.137287
1.137126
1.136964
1.136800
1.136634
1.136466
1.136296
1.136124
1.135951
1.135775
1.135598
1.135418
1.135237
1.135054
1.134869
1.134682
1.134493
1.134303
1.134110
1.133916
1.133719
1.133521
1.133321
1.133119
1.132915
1.132709
1.132502
1.132292
1.132081
1.131868
1.131653
1.131436
1.131217
1.130997
1.130774
1.130550
1.130324
1.130096
1.129866
1.129634
1.129401
1.129166
1.128928
1.128689
1.128449
1.128206
1.127961
1.127715
1.127467
1.127217
1.126965
1.126712
1.126456
1.126199
1.125940
1.125679
1.125417
1.125152
1.124886
1.124618
1.124348
1.124077
1.123803
1.123528
1.123251
1.122972
1.122692
1.122410
1.122126
1.121840
1.121552
1.121263
1.120972
1.120679
1.120384
1.120088
1.119790
1.119490
1.119189
1.118885
1.118580
1.118273
1.117965
1.117655
1.117343
1.117029
1.116713
1.116396
1.116077
1.115757
1.115434
1.115110
1.114785
1.114457
1.114128
1.113798
1.113465
1.113131
1.112795
1.112458
1.112118
1.111778
1.111435
1.111091
1.110745
1.110397
1.110048
1.109697
1.109345
1.108991
1.108635
1.108277
1.107918
1.107558
1.107195
1.106831
1.106466
1.106099
1.105730
1.105359
1.104987
1.104614
1.104238
1.103862
1.103483
1.103103
1.102721
1.102338
1.101953
1.101567
1.101179
1.100790
1.100399
1.100006
1.099612
1.099216
1.098819
1.098420
1.098019
1.097617
1.097214
1.096809
1.096402
1.095994
1.095585
1.095174
1.094761
1.094347
1.093931
1.093514
1.093095
1.092675
1.092253
1.091830
1.091406
1.090980
1.090552
1.090123
1.089693
1.089261
1.088827
1.088392
1.087956
1.087518
1.087079
1.086638
1.086196
1.085753
1.085308
1.084861
1.084414
1.083964
1.083514
1.083062
1.082608
1.082154
1.081697
1.081240
1.080781
1.080321
1.079859
1.079396
1.078931
1.078465
1.077998
1.077530
1.077060
1.076589
1.076116
1.075642
1.075167
1.074690
1.074212
1.073733
1.073253
1.072771
1.072288
1.071803
1.071318
1.070831
1.070342
1.069853
1.069362
1.068870
1.068376
1.067882
1.067386
1.066889
1.066390
1.065891
1.065390
1.064887
1.064384
1.063880
1.063374
1.062867
1.062358
1.061849
1.061338
1.060826
1.060313
1.059799
1.059284
1.058767
1.058249
1.057731
1.057210
1.056689
1.056167
1.055643
1.055119
1.054593
1.054066
1.053538
1.053008
1.052478
1.051947
1.051414
1.050880
1.050346
1.049810
1.049273
1.048735
1.048196
1.047656
1.047114
1.046572
1.046029
1.045484
1.044939
1.044392
1.043845
1.043296
1.042747
1.042196
1.041644
1.041092
1.040538
1.039983
1.039428
1.038871
1.038313
1.037755
1.037195
1.036635
1.036073
1.035511
1.034947
1.034383
1.033817
1.033251
1.032684
1.032116
1.031547
1.030977
1.030406
1.029834
1.029261
1.028688
1.028113
1.027538
1.026962
1.026385
1.025807
1.025228
1.024648
1.024067
1.023486
1.022904
1.022321
1.021737
1.021152
1.020567
1.019980
1.019393
1.018805
1.018216
1.017627
1.017036
1.016445
1.015853
1.015261
1.014667
1.014073
1.013478
1.012882
1.012286
1.011689
1.011091
1.010492
1.009893
1.009293
1.008692
1.008091
1.007488
1.006886
1.006282
1.005678
1.005073
1.004467
1.003861
1.003254
1.002647
1.002039
1.001430
1.000820
1.000210
0.999600
0.998988
0.998376
0.997764
0.997151
0.996537
0.995923
0.995308
0.994692
0.994076
0.993460
0.992843
0.992225
0.991607
0.990988
0.990368
0.989749
0.989128
0.988507
0.987886
0.987264
0.986642
0.986019
0.985395
0.984772
0.984147
0.983522
0.982897
0.982271
0.981645
0.981019
0.980392
0.979764
0.979136
0.978508
0.977879
0.977250
0.976620
0.975990
0.975360
0.974729
0.974098
0.973466
0.972835
0.972202
0.971570
0.970937
0.970304
0.969670
0.969036
0.968402
0.967767
0.967132
0.966497
0.965861
0.965226
0.964589
0.963953
0.963316
0.962679
0.962042
0.961405
0.960767
0.960129
0.959491
0.958853
0.958214
0.957575
0.956936
0.956297
0.955657
0.955017
0.954377
0.953737
0.953097
0.952457
0.951816
0.951175
0.950534
0.949893
0.949252
0.948611
0.947969
0.947328
0.946686
0.946044
0.945402
0.944760
0.944118
0.943476
0.942834
0.942191
0.941549
0.940906
0.940264
0.939621
0.938979
0.938336
0.937693
0.937051
0.936408
0.935765
0.935122
0.934480
0.933837
0.933194
0.932551
0.931909
0.931266
0.930623
0.929981
0.929338
0.928696
0.928054
0.927411
0.926769
0.926127
0.925485
0.924843
0.924201
0.923559
0.922918
0.922276
0.921635
0.920993
0.920352
0.919711
0.919070
0.918430
0.917789
0.917149
0.916509
0.915869
0.915229
0.914589
0.913950
0.913311
0.912672
0.912033
0.911394
0.910756
0.910118
0.909480
0.908842
0.908205
0.907568
0.906931
0.906295
0.905658
0.905022
0.904387
0.903751
0.903116
0.902481
0.901847
0.901213
0.900579
0.899946
0.899312
0.898680
0.898047
0.897415
0.896784
0.896152
0.895521
0.894891
0.894261
0.893631
0.893002
0.892373
0.891744
0.891116
0.890488
0.889861
0.889234
0.888608
0.887982
0.887357
0.886732
0.886107
0.885483
0.884860
0.884237
0.883614
0.882992
0.882371
0.881750
0.881129
0.880510
0.879890
0.879271
0.878653
0.878035
0.877418
0.876801
0.876185
0.875570
0.874955
0.874341
0.873727
0.873114
0.872501
0.871889
0.871278
0.870668
0.870058
0.869448
0.868839
0.868231
0.867624
0.867017
0.866411
0.865806
0.865201
0.864597
0.863994
0.863391
0.862789
0.862188
0.861588
0.860988
0.860389
0.859791
0.859193
0.858596
0.858000
0.857405
0.856810
0.856217
0.855624
0.855032
0.854440
0.853850
0.853260
0.852671
0.852083
0.851495
0.850909
0.850323
0.849738
0.849154
0.848571
0.847989
0.847407
0.846827
0.846247
0.845668
0.845091
0.844514
0.843938
0.843362
0.842788
0.842215
0.841642
0.841071
0.840500
0.839931
0.839362
0.838794
0.838228
0.837662
0.837097
0.836533
0.835971
0.835409
0.834848
0.834288
0.833729
0.833172
0.832615
0.832059
0.831505
0.830951
0.830398
0.829847
0.829296
0.828747
0.828199
0.827651
0.827105
0.826560
0.826016
0.825473
0.824931
0.824391
0.823851
0.823313
0.822775
0.822239
0.821704
0.821170
0.820637
0.820106
0.819575
0.819046
0.818518
0.817991
0.817465
0.816941
0.816418
0.815895
0.815375
0.814855
0.814336
0.813819
0.813303
0.812788
0.812275
0.811762
0.811251
0.810741
0.810233
0.809726
0.809220
0.808715
0.808211
0.807709
0.807208
0.806709
0.806211
0.805714
0.805218
0.804724
0.804231
0.803739
0.803249
0.802760
0.802272
0.801786
0.801301
0.800817
0.800335
0.799854
0.799375
0.798897
0.798420
0.797945
0.797471
0.796999
0.796528
0.796058
0.795590
0.795123
0.794658
0.794194
0.793732
0.793271
0.792811
0.792353
0.791896
0.791441
0.790988
0.790535
0.790085
0.789635
0.789188
0.788741
0.788297
0.787853
0.787412
0.786971
0.786533
0.786096
0.785660
0.785226
0.784793
0.784362
0.783933
0.783505
0.783078
0.782654
0.782230
0.781809
0.781389
0.780970
0.780553
0.780138
0.779724
0.779312
0.778902
0.778493
0.778086
0.777680
0.777276
0.776874
0.776473
0.776074
0.775676
0.775280
0.774886
0.774494
0.774103
0.773714
0.773326
0.772940
0.772556
0.772173
0.771793
0.771413
0.771036
0.770660
0.770286
0.769914
0.769543
0.769174
0.768807
0.768442
0.768078
0.767716
0.767356
0.766997
0.766641
0.766285
0.765932
0.765581
0.765231
0.764883
0.764537
0.764192
0.763850
0.763509
0.763169
0.762832
0.762497
0.762163
0.761831
0.761501
0.761172
0.760846
0.760521
0.760198
0.759877
0.759558
0.759240
0.758925
0.758611
0.758299
0.757989
0.757681
0.757374
0.757070
0.756767
0.756466
0.756167
0.755870
0.755575
0.755281
0.754990
0.754700
0.754413
0.754127
0.753843
0.753561
0.753281
0.753002
0.752726
0.752451
0.752179
0.751908
0.751639
0.751373
0.751108
0.750845
0.750584
0.750324
0.750067
0.749812
0.749559
0.749307
0.749058
0.748810
0.748565
0.748321
0.748079
0.747840
0.747602
0.747366
0.747132
0.746900
0.746670
0.746442
0.746217
0.745993
0.745771
0.745550
0.745332
0.745116
0.744902
0.744690
0.744480
0.744272
0.744066
0.743862
0.743660
0.743460
0.743262
0.743065
0.742871
0.742679
0.742489
0.742301
0.742115
0.741931
0.741749
0.741569
0.741391
0.741216
0.741042
0.740870
0.740700
0.740532
0.740367
0.740203
0.740041
0.739882
0.739724
0.739569
0.739415
0.739264
0.739114
0.738967
0.738822
0.738678
0.738537
0.738398
0.738261
0.738126
0.737993
0.737862
0.737734
0.737607
0.737482
0.737360
0.737239
0.737121
0.737004
0.736890
0.736778
0.736668
0.736560
0.736454
0.736350
0.736248
0.736148
0.736050
0.735955
0.735861
0.735770
0.735681
0.735593
0.735508
0.735425
0.735344
0.735265
0.735188
0.735114
0.735041
0.734970
0.734902
0.734836
0.734771
0.734709
0.734649
0.734591
0.734535
0.734482
0.734430
0.734380
0.734333
0.734287
0.734244
0.734203
0.734164
0.734127
0.734092
0.734059
0.734028
0.734000
0.733973
0.733949
0.733926
0.733906
0.733888
0.733872
0.733858
0.733846
0.733837
0.733829
0.733823
0.733820
0.733819
0.733819
0.733822
0.733827
0.733834
0.733844
0.733855
0.733868
0.733884
0.733901
0.733921
0.733943
0.733966
0.733992
0.734020
0.734050
0.734083
0.734117
0.734153
0.734192
0.734232
0.734275
0.734320
0.734367
0.734416
0.734467
0.734520
0.734575
0.734632
0.734691
0.734753
0.734816
0.734882
0.734950
0.735019
0.735091
0.735165
0.735241
0.735319
0.735399
0.735481
0.735566
0.735652
0.735740
0.735831
0.735923
0.736018
0.736115
0.736213
0.736314
0.736417
0.736522
0.736629
0.736738
0.736849
0.736962
0.737077
0.737194
0.737314
0.737435
0.737558
0.737684
0.737811
0.737941
0.738072
0.738206
0.738341
0.738479
0.738619
0.738760
0.738904
0.739050
0.739197
0.739347
0.739499
0.739653
0.739809
0.739967
0.740126
0.740288
0.740452
0.740618
0.740786
0.740956
0.741128
0.741302
0.741478
0.741655
0.741835
0.742017
0.742201
0.742387
0.742575
0.742764
0.742956
0.743150
0.743346
0.743544
0.743743
0.743945
0.744148
0.744354
0.744562
0.744771
0.744982
0.745196
0.745411
0.745629
0.745848
0.746069
0.746292
0.746517
0.746744
0.746973
0.747204
0.747437
0.747671
0.747908
0.748147
0.748387
0.748629
0.748874
0.749120
0.749368
0.749618
0.749870
0.750124
0.750379
0.750637
0.750897
0.751158
0.751421
0.751686
0.751953
0.752222
0.752493
0.752765
0.753040
0.753316
0.753594
0.753874
0.754156
0.754440
0.754726
0.755013
0.755302
0.755593
0.755886
0.756181
0.756478
0.756776
0.757076
0.757378
0.757682
0.757988
0.758295
0.758604
0.758916
0.759228
0.759543
0.759859
0.760178
0.760498
0.760819
0.761143
0.761468
0.761795
0.762124
0.762455
0.762787
0.763121
0.763457
0.763795
0.764134
0.764475
0.764818
0.765163
0.765509
0.765857
0.766207
0.766558
0.766911
0.767266
0.767622
0.767981
0.768341
0.768702
0.769066
0.769431
0.769797
0.770166
0.770536
0.770908
0.771281
0.771656
0.772033
0.772411
0.772791
0.773173
0.773556
0.773941
0.774327
0.774715
0.775105
0.775497
0.775890
0.776284
0.776681
0.777078
0.777478
0.777879
0.778282
0.778686
0.779092
0.779499
0.779908
0.780319
0.780731
0.781144
0.781559
0.781976
0.782395
0.782814
0.783236
0.783659
0.784083
0.784509
0.784937
0.785366
0.785796
0.786228
0.786662
0.787097
0.787533
0.787971
0.788411
0.788852
0.789294
0.789738
0.790184
0.790630
0.791079
0.791528
0.791980
0.792432
0.792886
0.793342
0.793799
0.794257
0.794717
0.795178
0.795641
0.796105
0.796570
0.797037
0.797505
0.797975
0.798446
0.798918
0.799392
0.799867
0.800343
0.800821
0.801300
0.801781
0.802263
0.802746
0.803231
0.803716
0.804204
0.804692
0.805182
0.805673
0.806165
0.806659
0.807154
0.807650
0.808148
0.808647
0.809147
0.809648
0.810151
0.810655
0.811160
0.811666
0.812174
0.812683
0.813193
0.813704
0.814217
0.814730
0.815245
0.815761
0.816279
0.816797
0.817317
0.817838
0.818360
0.818883
0.819408
0.819933
0.820460
0.820988
0.821517
0.822047
0.822579
0.823111
0.823645
0.824180
0.824715
0.825252
0.825790
0.826330
0.826870
0.827411
0.827953
0.828497
0.829041
0.829587
0.830134
0.830682
0.831230
0.831780
0.832331
0.832883
0.833436
0.833990
0.834545
0.835101
0.835658
0.836216
0.836774
0.837334
0.837895
0.838457
0.839020
0.839584
0.840149
0.840715
0.841281
0.841849
0.842417
0.842987
0.843557
0.844129
0.844701
0.845274
0.845848
0.846423
0.846999
0.847576
0.848153
0.848732
0.849311
0.849892
0.850473
0.851055
0.851637
0.852221
0.852805
0.853391
0.853977
0.854564
0.855152
0.855740
0.856329
0.856920
0.857510
0.858102
0.858695
0.859288
0.859882
0.860477
0.861072
0.861668
0.862265
0.862863
0.863462
0.864061
0.864661
0.865261
0.865863
0.866465
0.867067
0.867671
0.868275
0.868880
0.869485
0.870091
0.870698
0.871305
0.871913
0.872522
0.873131
0.873741
0.874352
0.874963
0.875575
0.876187
0.876800
0.877413
0.878028
0.878642
0.879258
0.879873
0.880490
0.881107
0.881724
0.882342
0.882961
0.883580
0.884200
0.884820
0.885441
0.886062
0.886684
0.887306
0.887928
0.888551
0.889175
0.889799
0.890424
0.891049
0.891674
0.892300
0.892926
0.893553
0.894180
0.894808
0.895436
0.896064
0.896693
0.897322
0.897952
0.898582
0.899212
0.899843
0.900474
0.901106
0.901738
0.902370
0.903002
0.903635
0.904268
0.904902
0.905536
0.906170
0.906804
0.907439
0.908074
0.908709
0.909345
0.909980
0.910616
0.911253
0.911889
0.912526
0.913163
0.913801
0.914438
0.915076
0.915714
0.916352
0.916990
0.917629
0.918268
0.918907
0.919546
0.920185
0.920825
0.921464
0.922104
0.922744
0.923384
0.924024
0.924665
0.925305
0.925946
0.926586
0.927227
0.927868
0.928509
0.929150
0.929791
0.930432
0.931073
0.931715
0.932356
0.932997
0.933639
0.934280
0.934922
0.935563
0.936205
0.936847
0.937488
0.938130
0.938771
0.939413
0.940054
0.940696
0.941337
0.941979
0.942620
0.943261
0.943902
0.944544
0.945185
0.945826
0.946467
0.947107
0.947748
0.948389
0.949029
0.949670
0.950310
0.950950
0.951590
0.952230
0.952870
0.953510
0.954149
0.954788
0.955427
0.956066
0.956705
0.957343
0.957982
0.958620
0.959258
0.959896
0.960533
0.961170
0.961807
0.962444
0.963081
0.963717
0.964353
0.964989
0.965624
0.966260
0.966894
0.967529
0.968163
0.968798
0.969431
0.970065
0.970698
0.971331
0.971963
0.972595
0.973227
0.973858
0.974489
0.975120
0.975750
0.976380
0.977010
0.977639
0.978268
0.978896
0.979524
0.980152
0.980779
0.981406
0.982032
0.982658
0.983283
0.983908
0.984533
0.985157
0.985780
0.986404
0.987026
0.987648
0.988270
0.988891
0.989512
0.990132
0.990752
0.991371
0.991989
0.992607
0.993225
0.993842
0.994458
0.995074
0.995690
0.996304
0.996919
0.997532
0.998145
0.998758
0.999369
0.999981
1.000591
1.001201
1.001811
1.002419
1.003027
1.003635
1.004242
1.004848
1.005454
1.006058
1.006663
1.007266
1.007869
1.008471
1.009073
1.009673
1.010273
1.010873
1.011471
1.012069
1.012666
1.013263
1.013859
1.014454
1.015048
1.015641
1.016234
1.016826
1.017417
1.018008
1.018597
1.019186
1.019774
1.020361
1.020948
1.021533
1.022118
1.022702
1.023285
1.023868
1.024449
1.025030
1.025610
1.026189
1.026767
1.027344
1.027920
1.028496
1.029070
1.029644
1.030217
1.030789
1.031360
1.031930
1.032499
1.033067
1.033634
1.034201
1.034766
1.035331
1.035894
1.036457
1.037018
1.037579
1.038139
1.038697
1.039255
1.039812
1.040368
1.040922
1.041476
1.042029
1.042581
1.043131
1.043681
1.044230
1.044777
1.045324
1.045869
1.046414
1.046957
1.047500
1.048041
1.048581
1.049120
1.049658
1.050195
1.050731
1.051266
1.051800
1.052332
1.052864
1.053394
1.053923
1.054451
1.054978
1.055504
1.056029
1.056553
1.057075
1.057596
1.058116
1.058635
1.059153
1.059669
1.060185
1.060699
1.061212
1.061724
1.062234
1.062744
1.063252
1.063759
1.064265
1.064769
1.065272
1.065775
1.066275
1.066775
1.067273
1.067770
1.068266
1.068761
1.069254
1.069746
1.070237
1.070726
1.071214
1.071701
1.072186
1.072671
1.073154
1.073635
1.074116
1.074595
1.075072
1.075549
1.076024
1.076497
1.076970
1.077441
1.077910
1.078378
1.078845
1.079311
1.079775
1.080238
1.080699
1.081159
1.081618
1.082075
1.082531
1.082985
1.083439
1.083890
1.084340
1.084789
1.085237
1.085683
1.086127
1.086570
1.087012
1.087452
1.087891
1.088328
1.088764
1.089198
1.089631
1.090063
1.090493
1.090921
1.091348
1.091774
1.092198
1.092621
1.093042
1.093461
1.093879
1.094296
1.094711
1.095125
1.095537
1.095947
1.096356
1.096763
1.097169
1.097574
1.097977
1.098378
1.098778
1.099176
1.099572
1.099967
1.100361
1.100753
1.101143
1.101532
1.101919
1.102305
1.102689
1.103071
1.103452
1.103831
1.104209
1.104585
1.104959
1.105332
1.105703
1.106073
1.106441
1.106807
1.107172
1.107535
1.107896
1.108256
1.108614
1.108970
1.109325
1.109678
1.110030
1.110380
1.110728
1.111074
1.111419
1.111762
1.112104
1.112444
1.112782
1.113118
1.113453
1.113786
1.114117
1.114447
1.114775
1.115101
1.115426
1.115749
1.116070
1.116389
1.116707
1.117023
1.117337
1.117649
1.117960
1.118269
1.118577
1.118882
1.119186
1.119488
1.119788
1.120087
1.120384
1.120679
1.120972
1.121263
1.121553
1.121841
1.122127
1.122412
1.122694
1.122975
1.123254
1.123532
1.123807
1.124081
1.124353
1.124623
1.124891
1.125158
1.125423
1.125685
1.125947
1.126206
1.126463
1.126719
1.126973
1.127225
1.127475
1.127724
1.127970
1.128215
1.128458
1.128699
1.128938
1.129175
1.129411
1.129645
1.129876
1.130106
1.130335
1.130561
1.130785
1.131008
1.131229
1.131448
1.131665
1.131880
1.132093
1.132305
1.132514
1.132722
1.132928
1.133131
1.133334
1.133534
1.133732
1.133928
1.134123
1.134316
1.134506
1.134695
1.134882
1.135067
1.135250
1.135432
1.135611
1.135788
1.135964
1.136138
1.136309
1.136479
1.136647
1.136813
1.136977
1.137140
1.137300
1.137458
1.137615
1.137769
1.137922
1.138073
1.138221
1.138368
1.138513
1.138656
1.138797
1.138936
1.139073
1.139209
1.139342
1.139473
1.139603
1.139730
1.139856
1.139980
1.140101
1.140221
1.140339
1.140455
1.140569
1.140681
1.140791
1.140899
1.141005
1.141109
1.141211
1.141312
1.141410
1.141506
1.141601
1.141693
1.141784
1.141872
1.141959
1.142043
1.142126
1.142207
1.142285
1.142362
1.142437
1.142510
1.142581
1.142650
1.142717
1.142782
1.142845
1.142906
1.142965
1.143022
1.143077
1.143130
1.143181
1.143231
1.143278
1.143323
1.143366
1.143408
1.143447
1.143485
1.143520
1.143554
1.143585
1.143615
1.143642
1.143668
1.143691
1.143713
1.143732
1.143750
1.143766
1.143780
1.143791
1.143801
1.143809
1.143815
1.143818
1.143820
1.143820
1.143818
1.143814
1.143808
1.143800
1.143790
1.143778
1.143764
1.143748
1.143730
1.143710
1.143689
1.143665
1.143639
1.143611
1.143581
1.143550
1.143516
1.143480
1.143443
1.143403
1.143362
1.143318
1.143273
1.143225
1.143176
1.143124
1.143071
1.143016
1.142958
1.142899
1.142838
1.142774
1.142709
1.142642
1.142573
1.142502
1.142429
1.142354
1.142277
1.142198
1.142117
1.142034
1.141950
1.141863
1.141774
1.141683
1.141591
1.141496
1.141400
1.141301
1.141201
1.141098
1.140994
1.140888
1.140780
1.140670
1.140557
1.140443
1.140327
1.140209
1.140090
1.139968
1.139844
1.139718
1.139591
1.139461
1.139330
1.139196
1.139061
1.138924
1.138785
1.138643
1.138500
1.138355
1.138208
1.138060
1.137909
1.137756
1.137602
1.137445
1.137287
1.137127
1.136964
1.136800
1.136634
1.136466
1.136296
1.136125
1.135951
1.135775
1.135598
1.135419
1.135237
1.135054
1.134869
1.134682
1.134494
1.134303
1.134110
1.133916
1.133720
1.133521
1.133321
1.133119
1.132916
1.132710
1.132502
1.132293
1.132082
1.131868
1.131653
1.131437
1.131218
1.130997
1.130775
1.130550
1.130324
1.130096
1.129867
1.129635
1.129401
1.129166
1.128929
1.128690
1.128449
1.128206
1.127962
1.127716
1.127467
1.127217
1.126966
1.126712
1.126457
1.126200
1.125941
1.125680
1.125417
1.125153
1.124887
1.124619
1.124349
1.124077
1.123804
1.123529
1.123252
1.122973
1.122692
1.122410
1.122126
1.121840
1.121553
1.121263
1.120972
1.120680
1.120385
1.120089
1.119790
1.119491
1.119189
1.118886
1.118581
1.118274
1.117965
1.117655
1.117343
1.117029
1.116714
1.116397
1.116078
1.115757
1.115435
1.115111
1.114785
1.114458
1.114129
1.113798
1.113466
1.113131
1.112796
1.112458
1.112119
1.111778
1.111436
1.111091
1.110745
1.110398
1.110049
1.109698
1.109345
1.108991
1.108636
1.108278
1.107919
1.107558
1.107196
1.106832
1.106466
1.106099
1.105730
1.105360
1.104988
1.104614
1.104239
1.103862
1.103484
1.103104
1.102722
1.102339
1.101954
1.101568
1.101180
1.100790
1.100399
1.100007
1.099612
1.099217
1.098819
1.098420
1.098020
1.097618
1.097215
1.096810
1.096403
1.095995
1.095585
1.095174
1.094762
1.094347
1.093932
1.093515
1.093096
1.092676
1.092254
1.091831
1.091406
1.090980
1.090553
1.090124
1.089693
1.089261
1.088828
1.088393
1.087957
1.087519
1.087080
1.086639
1.086197
1.085753
1.085309
1.084862
1.084414
1.083965
1.083515
1.083063
1.082609
1.082154
1.081698
1.081241
1.080782
1.080321
1.079860
1.079396
1.078932
1.078466
1.077999
1.077530
1.077061
1.076589
1.076117
1.075643
1.075168
1.074691
1.074213
1.073734
1.073254
1.072772
1.072289
1.071804
1.071318
1.070831
1.070343
1.069854
1.069363
1.068871
1.068377
1.067883
1.067387
1.066889
1.066391
1.065891
1.065390
1.064888
1.064385
1.063880
1.063375
1.062868
1.062359
1.061850
1.061339
1.060827
1.060314
1.059800
1.059285
1.058768
1.058250
1.057731
1.057211
1.056690
1.056168
1.055644
1.055119
1.054594
1.054067
1.053539
1.053009
1.052479
1.051948
1.051415
1.050881
1.050347
1.049811
1.049274
1.048736
1.048197
1.047657
1.047115
1.046573
1.046030
1.045485
1.044940
1.044393
1.043846
1.043297
1.042748
1.042197
1.041645
1.041093
1.040539
1.039984
1.039429
1.038872
1.038314
1.037756
1.037196
1.036636
1.036074
1.035512
1.034948
1.034384
1.033818
1.033252
1.032685
1.032117
1.031548
1.030978
1.030407
1.029835
1.029262
1.028689
1.028114
1.027539
1.026963
1.026386
1.025808
1.025229
1.024649
1.024068
1.023487
1.022905
1.022322
1.021738
1.021153
1.020568
1.019981
1.019394
1.018806
1.018217
1.017628
1.017037
1.016446
1.015854
1.015262
1.014668
1.014074
1.013479
1.012883
1.012287
1.011690
1.011092
1.010493
1.009894
1.009294
1.008693
1.008092
1.007489
1.006887
1.006283
1.005679
1.005074
1.004468
1.003862
1.003255
1.002648
1.002040
1.001431
1.000821
1.000211
0.999601
0.998989
0.998377
0.997765
0.997152
0.996538
0.995924
0.995309
0.994693
0.994077
0.993461
0.992844
0.992226
0.991608
0.990989
0.990370
0.989750
0.989129
0.988508
0.987887
0.987265
0.986643
0.986020
0.985396
0.984773
0.984148
0.983523
0.982898
0.982272
0.981646
0.981020
0.980393
0.979765
0.979137
0.978509
0.977880
0.977251
0.976621
0.975991
0.975361
0.974730
0.974099
0.973468
0.972836
0.972203
0.971571
0.970938
0.970305
0.969671
0.969037
0.968403
0.967768
0.967133
0.966498
0.965862
0.965227
0.964591
0.963954
0.963318
0.962681
0.962043
0.961406
0.960768
0.960130
0.959492
0.958854
0.958215
0.957576
0.956937
0.956298
0.955658
0.955018
0.954378
0.953738
0.953098
0.952458
0.951817
0.951176
0.950535
0.949894
0.949253
0.948612
0.947970
0.947329
0.946687
0.946045
0.945403
0.944761
0.944119
0.943477
0.942835
0.942192
0.941550
0.940907
0.940265
0.939622
0.938980
0.938337
0.937694
0.937052
0.936409
0.935766
0.935123
0.934481
0.933838
0.933195
0.932553
0.931910
0.931267
0.930625
0.929982
0.929340
0.928697
0.928055
0.927412
0.926770
0.926128
0.925486
0.924844
0.924202
0.923560
0.922919
0.922277
0.921636
0.920994
0.920353
0.919712
0.919071
0.918431
0.917790
0.917150
0.916510
0.915870
0.915230
0.914590
0.913951
0.913312
0.912673
0.912034
0.911395
0.910757
0.910119
0.909481
0.908843
0.908206
0.907569
0.906932
0.906296
0.905659
0.905023
0.904388
0.903752
0.903117
0.902482
0.901848
0.901214
0.900580
0.899947
0.899314
0.898681
0.898048
0.897416
0.896785
0.896153
0.895522
0.894892
0.894262
0.893632
0.893003
0.892374
0.891745
0.891117
0.890490
0.889862
0.889236
0.888609
0.887983
0.887358
0.886733
0.886108
0.885485
0.884861
0.884238
0.883615
0.882993
0.882372
0.881751
0.881131
0.880511
0.879891
0.879272
0.878654
0.878036
0.877419
0.876802
0.876186
0.875571
0.874956
0.874342
0.873728
0.873115
0.872502
0.871890
0.871279
0.870669
0.870059
0.869449
0.868840
0.868232
0.867625
0.867018
0.866412
0.865807
0.865202
0.864598
0.863995
0.863392
0.862790
0.862189
0.861589
0.860989
0.860390
0.859792
0.859194
0.858597
0.858001
0.857406
0.856811
0.856218
0.855625
0.855033
0.854441
0.853851
0.853261
0.852672
0.852084
0.851496
0.850910
0.850324
0.849739
0.849155
0.848572
0.847990
0.847408
0.846828
0.846248
0.845669
0.845092
0.844515
0.843938
0.843363
0.842789
0.842216
0.841643
0.841072
0.840501
0.839932
0.839363
0.838795
0.838229
0.837663
0.837098
0.836534
0.835972
0.835410
0.834849
0.834289
0.833730
0.833173
0.832616
0.832060
0.831506
0.830952
0.830399
0.829848
0.829297
0.828748
0.828200
0.827652
0.827106
0.826561
0.826017
0.825474
0.824932
0.824392
0.823852
0.823314
0.822776
0.822240
0.821705
0.821171
0.820638
0.820107
0.819576
0.819047
0.818519
0.817992
0.817466
0.816942
0.816418
0.815896
0.815375
0.814856
0.814337
0.813820
0.813304
0.812789
0.812275
0.811763
0.811252
0.810742
0.810234
0.809726
0.809220
0.808716
0.808212
0.807710
0.807209
0.806710
0.806211
0.805714
0.805219
0.804725
0.804232
0.803740
0.803250
0.802761
0.802273
0.801787
0.801302
0.800818
0.800336
0.799855
0.799376
0.798898
0.798421
0.797946
0.797472
0.797000
0.796529
0.796059
0.795591
0.795124
0.794659
0.794195
0.793732
0.793271
0.792812
0.792354
0.791897
0.791442
0.790988
0.790536
0.790085
0.789636
0.789188
0.788742
0.788297
0.787854
0.787412
0.786972
0.786533
0.786096
0.785661
0.785227
0.784794
0.784363
0.783933
0.783506
0.783079
0.782654
0.782231
0.781810
0.781389
0.780971
0.780554
0.780139
0.779725
0.779313
0.778902
0.778494
0.778086
0.777681
0.777277
0.776874
0.776473
0.776074
0.775677
0.775281
0.774887
0.774494
0.774103
0.773714
0.773327
0.772941
0.772557
0.772174
0.771793
0.771414
0.771037
0.770661
0.770287
0.769915
0.769544
0.769175
0.768808
0.768442
0.768079
0.767717
0.767356
0.766998
0.766641
0.766286
0.765933
0.765581
0.765231
0.764883
0.764537
0.764193
0.763850
0.763509
0.763170
0.762833
0.762497
0.762163
0.761831
0.761501
0.761173
0.760846
0.760522
0.760199
0.759878
0.759558
0.759241
0.758925
0.758612
0.758300
0.757989
0.757681
0.757375
0.757070
0.756768
0.756467
0.756168
0.755871
0.755575
0.755282
0.754990
0.754701
0.754413
0.754127
0.753843
0.753561
0.753281
0.753003
0.752726
0.752452
0.752179
0.751909
0.751640
0.751373
0.751108
0.750845
0.750584
0.750325
0.750068
0.749812
0.749559
0.749308
0.749058
0.748811
0.748565
0.748321
0.748080
0.747840
0.747602
0.747366
0.747133
0.746901
0.746671
0.746443
0.746217
0.745993
0.745771
0.745551
0.745333
0.745117
0.744903
0.744691
0.744480
0.744272
0.744066
0.743862
0.743660
0.743460
0.743262
0.743066
0.742872
0.742680
0.742490
0.742302
0.742116
0.741932
0.741750
0.741570
0.741392
0.741216
0.741042
0.740870
0.740700
0.740533
0.740367
0.740203
0.740041
0.739882
0.739724
0.739569
0.739415
0.739264
0.739115
0.738967
0.738822
0.738679
0.738538
0.738398
0.738261
0.738126
0.737994
0.737863
0.737734
0.737607
0.737483
0.737360
0.737239
0.737121
0.737005
0.736890
0.736778
0.736668
0.736560
0.736454
0.736350
0.736248
0.736148
0.736051
0.735955
0.735862
0.735770
0.735681
0.735593
0.735508
0.735425
0.735344
0.735265
0.735189
0.735114
0.735041
0.734971
0.734902
0.734836
0.734772
0.734709
0.734649
0.734591
0.734535
0.734482
0.734430
0.734380
0.734333
0.734287
0.734244
0.734203
0.734164
0.734127
0.734092
0.734059
0.734028
0.734000
0.733973
0.733949
0.733926
0.733906
0.733888
0.733872
0.733858
0.733846
0.733837
0.733829
0.733823
0.733820
0.733819
0.733819
0.733822
0.733827
0.733834
0.733844
0.733855
0.733868
0.733884
0.733901
0.733921
0.733943
0.733966
0.733992
0.734020
0.734050
0.734083
0.734117
0.734153
0.734192
0.734232
0.734275
0.734320
0.734367
0.734415
0.734466
0.734520
0.734575
0.734632
0.734691
0.734753
0.734816
0.734882
0.734949
0.735019
0.735091
0.735165
0.735241
0.735319
0.735399
0.735481
0.735565
0.735652
0.735740
0.735831
0.735923
0.736018
0.736114
0.736213
0.736314
0.736417
0.736522
0.736629
0.736738
0.736849
0.736962
0.737077
0.737194
0.737313
0.737435
0.737558
0.737683
0.737811
0.737940
0.738072
0.738205
0.738341
0.738479
0.738618
0.738760
0.738904
0.739049
0.739197
0.739347
0.739499
0.739653
0.739808
0.739966
0.740126
0.740288
0.740452
0.740618
0.740786
0.740956
0.741127
0.741301
0.741477
0.741655
0.741835
0.742017
0.742201
0.742387
0.742574
0.742764
0.742956
0.743150
0.743345
0.743543
0.743743
0.743944
0.744148
0.744354
0.744561
0.744771
0.744982
0.745196
0.745411
0.745628
0.745847
0.746069
0.746292
0.746517
0.746744
0.746973
0.747204
0.747436
0.747671
0.747908
0.748146
0.748387
0.748629
0.748873
0.749120
0.749368
0.749618
0.749870
0.750123
0.750379
0.750637
0.750896
0.751157
0.751421
0.751686
0.751953
0.752222
0.752492
0.752765
0.753039
0.753316
0.753594
0.753874
0.754156
0.754440
0.754725
0.755013
0.755302
0.755593
0.755886
0.756181
0.756477
0.756776
0.757076
0.757378
0.757682
0.757987
0.758295
0.758604
0.758915
0.759228
0.759542
0.759859
0.760177
0.760497
0.760819
0.761142
0.761468
0.761795
0.762124
0.762454
0.762787
0.763121
0.763457
0.763794
0.764134
0.764475
0.764817
0.765162
0.765508
0.765856
0.766206
0.766557
0.766910
0.767265
0.767622
0.767980
0.768340
0.768702
0.769065
0.769430
0.769797
0.770165
0.770535
0.770907
0.771280
0.771655
0.772032
0.772410
0.772790
0.773172
0.773555
0.773940
0.774327
0.774715
0.775105
0.775496
0.775889
0.776284
0.776680
0.777078
0.777477
0.777878
0.778281
0.778685
0.779091
0.779498
0.779907
0.780318
0.780730
0.781144
0.781559
0.781976
0.782394
0.782814
0.783235
0.783658
0.784082
0.784508
0.784936
0.785365
0.785795
0.786227
0.786661
0.787096
0.787533
0.787971
0.788410
0.788851
0.789293
0.789737
0.790183
0.790630
0.791078
0.791528
0.791979
0.792432
0.792886
0.793341
0.793798
0.794256
0.794716
0.795177
0.795640
0.796104
0.796570
0.797036
0.797505
0.797974
0.798445
0.798917
0.799391
0.799866
0.800343
0.800820
0.801300
0.801780
0.802262
0.802745
0.803230
0.803716
0.804203
0.804691
0.805181
0.805672
0.806164
0.806658
0.807153
0.807649
0.808147
0.808646
0.809146
0.809647
0.810150
0.810654
0.811159
0.811665
0.812173
0.812682
0.813192
0.813703
0.814216
0.814729
0.815244
0.815761
0.816278
0.816796
0.817316
0.817837
0.818359
0.818883
0.819407
0.819933
0.820459
0.820987
0.821516
0.822047
0.822578
0.823110
0.823644
0.824179
0.824714
0.825251
0.825789
0.826329
0.826869
0.827410
0.827953
0.828496
0.829041
0.829586
0.830133
0.830681
0.831229
0.831779
0.832330
0.832882
0.833435
0.833989
0.834544
0.835100
0.835657
0.836215
0.836774
0.837333
0.837894
0.838456
0.839019
0.839583
0.840148
0.840714
0.841280
0.841848
0.842416
0.842986
0.843556
0.844128
0.844700
0.845273
0.845847
0.846422
0.846998
0.847575
0.848152
0.848731
0.849310
0.849891
0.850472
0.851054
0.851636
0.852220
0.852804
0.853390
0.853976
0.854563
0.855151
0.855739
0.856328
0.856919
0.857509
0.858101
0.858694
0.859287
0.859881
0.860476
0.861071
0.861667
0.862264
0.862862
0.863461
0.864060
0.864660
0.865260
0.865862
0.866464
0.867066
0.867670
0.868274
0.868879
0.869484
0.870090
0.870697
0.871304
0.871912
0.872521
0.873130
0.873740
0.874351
0.874962
0.875574
0.876186
0.876799
0.877412
0.878027
0.878641
0.879257
0.879872
0.880489
0.881106
0.881723
0.882341
0.882960
0.883579
0.884199
0.884819
0.885440
0.886061
0.886682
0.887305
0.887927
0.888550
0.889174
0.889798
0.890423
0.891048
0.891673
0.892299
0.892925
0.893552
0.894179
0.894807
0.895435
0.896063
0.896692
0.897321
0.897951
0.898581
0.899211
0.899842
0.900473
0.901105
0.901737
0.902369
0.903001
0.903634
0.904267
0.904901
0.905534
0.906169
0.906803
0.907438
0.908073
0.908708
0.909343
0.909979
0.910615
0.911252
0.911888
0.912525
0.913162
0.913799
0.914437
0.915075
0.915713
0.916351
0.916989
0.917628
0.918267
0.918906
0.919545
0.920184
0.920824
0.921463
0.922103
0.922743
0.923383
0.924023
0.924663
0.925304
0.925944
0.926585
0.927226
0.927867
0.928508
0.929149
0.929790
0.930431
0.931072
0.931714
0.932355
0.932996
0.933638
0.934279
0.934921
0.935562
0.936204
0.936845
0.937487
0.938129
0.938770
0.939412
0.940053
0.940695
0.941336
0.941977
