1.200000
1.199999
1.199996
1.199991
1.199984
1.199975
1.199964
1.199952
1.199937
1.199920
1.199901
1.199881
1.199858
1.199833
1.199807
1.199778
1.199747
1.199715
1.199680
1.199644
1.199605
1.199565
1.199523
1.199478
1.199432
1.199383
1.199333
1.199281
1.199227
1.199171
1.199112
1.199052
1.198990
1.198926
1.198860
1.198792
1.198722
1.198650
1.198577
1.198501
1.198423
1.198343
1.198262
1.198178
1.198092
1.198005
1.197915
1.197824
1.197730
1.197635
1.197538
1.197438
1.197337
1.197234
1.197129
1.197022
1.196913
1.196802
1.196689
1.196574
1.196457
1.196339
1.196218
1.196096
1.195971
1.195845
1.195716
1.195586
1.195454
1.195319
1.195183
1.195045
1.194905
1.194764
1.194620
1.194474
1.194326
1.194177
1.194025
1.193872
1.193717
1.193559
1.193400
1.193239
1.193076
1.192911
1.192745
1.192576
1.192406
1.192233
1.192059
1.191883
1.191704
1.191524
1.191342
1.191159
1.190973
1.190785
1.190596
1.190405
1.190211
1.190016
1.189819
1.189620
1.189420
1.189217
1.189013
1.188806
1.188598
1.188388
1.188176
1.187962
1.187747
1.187529
1.187310
1.187089
1.186866
1.186641
1.186414
1.186186
1.185955
1.185723
1.185489
1.185253
1.185015
1.184776
1.184535
1.184291
1.184046
1.183800
1.183551
1.183301
1.183048
1.182794
1.182538
1.182281
1.182021
1.181760
1.181497
1.181232
1.180965
1.180697
1.180427
1.180155
1.179881
1.179606
1.179328
1.179049
1.178768
1.178486
1.178201
1.177915
1.177627
1.177338
1.177046
1.176753
1.176458
1.176162
1.175863
1.175563
1.175261
1.174958
1.174653
1.174346
1.174037
1.173726
1.173414
1.173100
1.172785
1.172467
1.172148
1.171828
1.171505
1.171181
1.170856
1.170528
1.170199
1.169868
1.169536
1.169201
1.168866
1.168528
1.168189
1.167848
1.167506
1.167162
1.166816
1.166468
1.166119
1.165769
1.165416
1.165062
1.164707
1.164349
1.163990
1.163630
1.163268
1.162904
1.162539
1.162172
1.161803
1.161433
1.161062
1.160688
1.160313
1.159937
1.159559
1.159179
1.158798
1.158415
1.158031
1.157645
1.157258
1.156869
1.156478
1.156086
1.155693
1.155297
1.154901
1.154502
1.154103
1.153701
1.153299
1.152894
1.152489
1.152081
1.151672
1.151262
1.150850
1.150437
1.150022
1.149606
1.149188
1.148769
1.148348
1.147926
1.147503
1.147078
1.146651
1.146223
1.145794
1.145363
1.144931
1.144497
1.144062
1.143625
1.143187
1.142748
1.142307
1.141865
1.141421
1.140976
1.140530
1.140082
1.139633
1.139183
1.138731
1.138277
1.137823
1.137367
1.136910
1.136451
1.135991
1.135529
1.135067
1.134603
1.134137
1.133671
1.133202
1.132733
1.132262
1.131791
1.131317
1.130843
1.130367
1.129890
1.129411
1.128932
1.128451
1.127968
1.127485
1.127000
1.126514
1.126027
1.125538
1.125049
1.124558
1.124065
1.123572
1.123077
1.122582
1.122084
1.121586
1.121087
1.120586
1.120084
1.119581
1.119077
1.118571
1.118065
1.117557
1.117048
1.116538
1.116027
1.115515
1.115001
1.114487
1.113971
1.113454
1.112936
1.112417
1.111897
1.111375
1.110853
1.110329
1.109805
1.109279
1.108752
1.108224
1.107695
1.107166
1.106634
1.106102
1.105569
1.105035
1.104500
1.103964
1.103426
1.102888
1.102349
1.101808
1.101267
1.100725
1.100181
1.099637
1.099092
1.098546
1.097998
1.097450
1.096901
1.096351
1.095800
1.095248
1.094695
1.094141
1.093586
1.093030
1.092474
1.091916
1.091358
1.090798
1.090238
1.089677
1.089115
1.088552
1.087988
1.087423
1.086858
1.086291
1.085724
1.085156
1.084587
1.084017
1.083447
1.082875
1.082303
1.081730
1.081156
1.080581
1.080006
1.079430
1.078853
1.078275
1.077696
1.077117
1.076537
1.075956
1.075374
1.074792
1.074209
1.073625
1.073041
1.072455
1.071869
1.071283
1.070695
1.070107
1.069518
1.068929
1.068339
1.067748
1.067156
1.066564
1.065971
1.065378
1.064784
1.064189
1.063594
1.062998
1.062401
1.061804
1.061206
1.060607
1.060008
1.059409
1.058808
1.058207
1.057606
1.057004
1.056402
1.055798
1.055195
1.054591
1.053986
1.053381
1.052775
1.052169
1.051562
1.050954
1.050347
1.049738
1.049129
1.048520
1.047910
1.047300
1.046689
1.046078
1.045466
1.044854
1.044242
1.043629
1.043015
1.042402
1.041787
1.041173
1.040558
1.039942
1.039326
1.038710
1.038093
1.037476
1.036859
1.036241
1.035623
1.035005
1.034386
1.033767
1.033147
1.032528
1.031908
1.031287
1.030666
1.030045
1.029424
1.028802
1.028180
1.027558
1.026936
1.026313
1.025690
1.025067
1.024443
1.023820
1.023196
1.022572
1.021947
1.021322
1.020698
1.020073
1.019447
1.018822
1.018196
1.017570
1.016945
1.016318
1.015692
1.015066
1.014439
1.013812
1.013185
1.012558
1.011931
1.011304
1.010677
1.010049
1.009422
1.008794
1.008166
1.007538
1.006910
1.006282
1.005654
1.005026
1.004398
1.003770
1.003142
1.002513
1.001885
1.001257
1.000629
1.000000
0.999372
0.998744
0.998115
0.997487
0.996859
0.996231
0.995602
0.994974
0.994346
0.993718
0.993090
0.992462
0.991834
0.991207
0.990579
0.989951
0.989324
0.988697
0.988069
0.987442
0.986815
0.986188
0.985562
0.984935
0.984308
0.983682
0.983056
0.982430
0.981804
0.981179
0.980553
0.979928
0.979303
0.978678
0.978053
0.977429
0.976805
0.976181
0.975557
0.974934
0.974310
0.973687
0.973065
0.972442
0.971820
0.971198
0.970577
0.969955
0.969334
0.968713
0.968093
0.967473
0.966853
0.966234
0.965614
0.964996
0.964377
0.963759
0.963141
0.962524
0.961907
0.961290
0.960674
0.960058
0.959443
0.958828
0.958213
0.957599
0.956985
0.956372
0.955759
0.955146
0.954534
0.953922
0.953311
0.952700
0.952090
0.951480
0.950871
0.950262
0.949654
0.949046
0.948439
0.947832
0.947226
0.946620
0.946015
0.945410
0.944806
0.944202
0.943599
0.942996
0.942394
0.941793
0.941192
0.940592
0.939992
0.939393
0.938795
0.938197
0.937600
0.937003
0.936407
0.935812
0.935217
0.934623
0.934029
0.933436
0.932844
0.932253
0.931662
0.931072
0.930482
0.929893
0.929305
0.928718
0.928131
0.927545
0.926960
0.926375
0.925792
0.925208
0.924626
0.924044
0.923464
0.922884
0.922304
0.921726
0.921148
0.920571
0.919994
0.919419
0.918844
0.918270
0.917697
0.917125
0.916554
0.915983
0.915413
0.914844
0.914276
0.913709
0.913143
0.912577
0.912012
0.911449
0.910886
0.910324
0.909762
0.909202
0.908643
0.908084
0.907527
0.906970
0.906414
0.905860
0.905306
0.904753
0.904201
0.903650
0.903099
0.902550
0.902002
0.901455
0.900909
0.900363
0.899819
0.899276
0.898733
0.898192
0.897652
0.897112
0.896574
0.896037
0.895501
0.894965
0.894431
0.893898
0.893366
0.892835
0.892305
0.891776
0.891248
0.890721
0.890196
0.889671
0.889148
0.888625
0.888104
0.887584
0.887065
0.886547
0.886030
0.885514
0.884999
0.884486
0.883973
0.883462
0.882952
0.882443
0.881936
0.881429
0.880924
0.880419
0.879916
0.879414
0.878914
0.878414
0.877916
0.877419
0.876923
0.876428
0.875935
0.875443
0.874952
0.874462
0.873974
0.873486
0.873000
0.872515
0.872032
0.871550
0.871069
0.870589
0.870111
0.869634
0.869158
0.868683
0.868210
0.867738
0.867267
0.866798
0.866330
0.865863
0.865398
0.864934
0.864471
0.864010
0.863550
0.863091
0.862634
0.862178
0.861723
0.861270
0.860818
0.860367
0.859918
0.859470
0.859024
0.858579
0.858135
0.857693
0.857252
0.856813
0.856375
0.855938
0.855503
0.855070
0.854637
0.854207
0.853777
0.853349
0.852923
0.852498
0.852074
0.851652
0.851231
0.850812
0.850394
0.849978
0.849563
0.849150
0.848738
0.848328
0.847919
0.847512
0.847106
0.846702
0.846299
0.845898
0.845498
0.845100
0.844703
0.844308
0.843914
0.843522
0.843132
0.842743
0.842355
0.841969
0.841585
0.841202
0.840821
0.840441
0.840063
0.839687
0.839312
0.838939
0.838567
0.838197
0.837828
0.837461
0.837096
0.836732
0.836370
0.836010
0.835651
0.835294
0.834938
0.834584
0.834232
0.833881
0.833532
0.833185
0.832839
0.832495
0.832152
0.831811
0.831472
0.831135
0.830799
0.830465
0.830132
0.829801
0.829472
0.829145
0.828819
0.828495
0.828173
0.827852
0.827533
0.827216
0.826900
0.826586
0.826274
0.825963
0.825655
0.825348
0.825042
0.824739
0.824437
0.824137
0.823839
0.823542
0.823247
0.822954
0.822663
0.822373
0.822085
0.821799
0.821515
0.821232
0.820951
0.820672
0.820395
0.820119
0.819845
0.819573
0.819303
0.819035
0.818768
0.818503
0.818240
0.817979
0.817720
0.817462
0.817206
0.816952
0.816700
0.816449
0.816201
0.815954
0.815709
0.815466
0.815224
0.814985
0.814747
0.814511
0.814277
0.814045
0.813814
0.813586
0.813359
0.813134
0.812911
0.812690
0.812471
0.812253
0.812038
0.811824
0.811612
0.811402
0.811194
0.810988
0.810783
0.810580
0.810380
0.810181
0.809984
0.809789
0.809596
0.809404
0.809215
0.809027
0.808842
0.808658
0.808476
0.808296
0.808118
0.807941
0.807767
0.807595
0.807424
0.807255
0.807089
0.806924
0.806761
0.806600
0.806441
0.806283
0.806128
0.805975
0.805823
0.805674
0.805526
0.805380
0.805237
0.805095
0.804955
0.804817
0.804681
0.804546
0.804414
0.804284
0.804156
0.804029
0.803905
0.803782
0.803661
0.803543
0.803426
0.803311
0.803198
0.803087
0.802978
0.802871
0.802766
0.802663
0.802562
0.802462
0.802365
0.802270
0.802176
0.802085
0.801995
0.801908
0.801822
0.801739
0.801657
0.801577
0.801499
0.801424
0.801350
0.801278
0.801208
0.801140
0.801074
0.801010
0.800948
0.800888
0.800830
0.800773
0.800719
0.800667
0.800617
0.800568
0.800522
0.800478
0.800435
0.800395
0.800356
0.800320
0.800285
0.800253
0.800222
0.800193
0.800167
0.800142
0.800119
0.800099
0.800080
0.800063
0.800048
0.800036
0.800025
0.800016
0.800009
0.800004
0.800001
0.800000
0.800001
0.800004
0.800009
0.800016
0.800025
0.800036
0.800048
0.800063
0.800080
0.800099
0.800119
0.800142
0.800167
0.800193
0.800222
0.800253
0.800285
0.800320
0.800356
0.800395
0.800435
0.800477
0.800522
0.800568
0.800616
0.800667
0.800719
0.800773
0.800829
0.800888
0.800948
0.801010
0.801074
0.801140
0.801208
0.801278
0.801350
0.801423
0.801499
0.801577
0.801657
0.801738
0.801822
0.801908
0.801995
0.802085
0.802176
0.802270
0.802365
0.802462
0.802562
0.802663
0.802766
0.802871
0.802978
0.803087
0.803198
0.803311
0.803426
0.803542
0.803661
0.803782
0.803904
0.804029
0.804155
0.804284
0.804414
0.804546
0.804680
0.804817
0.804955
0.805094
0.805236
0.805380
0.805526
0.805674
0.805823
0.805975
0.806128
0.806283
0.806440
0.806600
0.806761
0.806924
0.807088
0.807255
0.807424
0.807594
0.807767
0.807941
0.808117
0.808295
0.808476
0.808657
0.808841
0.809027
0.809214
0.809404
0.809595
0.809789
0.809984
0.810181
0.810379
0.810580
0.810783
0.810987
0.811194
0.811402
0.811612
0.811824
0.812037
0.812253
0.812470
0.812690
0.812911
0.813134
0.813359
0.813586
0.813814
0.814044
0.814277
0.814511
0.814747
0.814984
0.815224
0.815465
0.815708
0.815953
0.816200
0.816449
0.816699
0.816952
0.817206
0.817461
0.817719
0.817979
0.818240
0.818503
0.818768
0.819034
0.819303
0.819573
0.819845
0.820119
0.820394
0.820672
0.820951
0.821231
0.821514
0.821798
0.822085
0.822372
0.822662
0.822953
0.823247
0.823541
0.823838
0.824136
0.824437
0.824738
0.825042
0.825347
0.825654
0.825963
0.826273
0.826586
0.826899
0.827215
0.827532
0.827851
0.828172
0.828494
0.828818
0.829144
0.829472
0.829801
0.830132
0.830464
0.830798
0.831134
0.831472
0.831811
0.832152
0.832494
0.832838
0.833184
0.833531
0.833880
0.834231
0.834584
0.834938
0.835293
0.835650
0.836009
0.836370
0.836732
0.837095
0.837461
0.837828
0.838196
0.838566
0.838938
0.839311
0.839686
0.840063
0.840441
0.840820
0.841202
0.841584
0.841969
0.842354
0.842742
0.843131
0.843521
0.843914
0.844307
0.844702
0.845099
0.845497
0.845897
0.846298
0.846701
0.847105
0.847511
0.847918
0.848327
0.848737
0.849149
0.849563
0.849977
0.850394
0.850811
0.851231
0.851651
0.852073
0.852497
0.852922
0.853348
0.853776
0.854206
0.854637
0.855069
0.855503
0.855938
0.856374
0.856812
0.857252
0.857692
0.858135
0.858578
0.859023
0.859470
0.859917
0.860366
0.860817
0.861269
0.861722
0.862177
0.862633
0.863090
0.863549
0.864009
0.864470
0.864933
0.865397
0.865862
0.866329
0.866797
0.867266
0.867737
0.868209
0.868682
0.869157
0.869633
0.870110
0.870588
0.871068
0.871549
0.872031
0.872515
0.872999
0.873485
0.873973
0.874461
0.874951
0.875442
0.875934
0.876428
0.876922
0.877418
0.877915
0.878413
0.878913
0.879414
0.879915
0.880418
0.880923
0.881428
0.881935
0.882442
0.882951
0.883461
0.883973
0.884485
0.884998
0.885513
0.886029
0.886546
0.887064
0.887583
0.888103
0.888624
0.889147
0.889670
0.890195
0.890721
0.891247
0.891775
0.892304
0.892834
0.893365
0.893897
0.894430
0.894964
0.895500
0.896036
0.896573
0.897111
0.897651
0.898191
0.898732
0.899275
0.899818
0.900362
0.900908
0.901454
0.902001
0.902549
0.903099
0.903649
0.904200
0.904752
0.905305
0.905859
0.906413
0.906969
0.907526
0.908083
0.908642
0.909201
0.909762
0.910323
0.910885
0.911448
0.912012
0.912576
0.913142
0.913708
0.914275
0.914843
0.915412
0.915982
0.916553
0.917124
0.917696
0.918270
0.918843
0.919418
0.919994
0.920570
0.921147
0.921725
0.922303
0.922883
0.923463
0.924044
0.924625
0.925207
0.925791
0.926374
0.926959
0.927544
0.928130
0.928717
0.929304
0.929892
0.930481
0.931071
0.931661
0.932252
0.932843
0.933435
0.934028
0.934622
0.935216
0.935811
0.936406
0.937002
0.937599
0.938196
0.938794
0.939392
0.939991
0.940591
0.941191
0.941792
0.942393
0.942995
0.943598
0.944201
0.944805
0.945409
0.946014
0.946619
0.947225
0.947831
0.948438
0.949045
0.949653
0.950261
0.950870
0.951479
0.952089
0.952699
0.953310
0.953921
0.954533
0.955145
0.955758
0.956371
0.956984
0.957598
0.958212
0.958827
0.959442
0.960057
0.960673
0.961289
0.961906
0.962523
0.963140
0.963758
0.964376
0.964995
0.965613
0.966233
0.966852
0.967472
0.968092
0.968712
0.969333
0.969954
0.970575
0.971197
0.971819
0.972441
0.973064
0.973686
0.974309
0.974933
0.975556
0.976180
0.976804
0.977428
0.978052
0.978677
0.979302
0.979927
0.980552
0.981178
0.981803
0.982429
0.983055
0.983681
0.984307
0.984934
0.985560
0.986187
0.986814
0.987441
0.988068
0.988696
0.989323
0.989950
0.990578
0.991206
0.991833
0.992461
0.993089
0.993717
0.994345
0.994973
0.995601
0.996230
0.996858
0.997486
0.998114
0.998743
0.999371
0.999999
1.000628
1.001256
1.001884
1.002512
1.003141
1.003769
1.004397
1.005025
1.005653
1.006281
1.006909
1.007537
1.008165
1.008793
1.009420
1.010048
1.010676
1.011303
1.011930
1.012557
1.013184
1.013811
1.014438
1.015065
1.015691
1.016317
1.016943
1.017569
1.018195
1.018821
1.019446
1.020072
1.020697
1.021321
1.021946
1.022570
1.023195
1.023819
1.024442
1.025066
1.025689
1.026312
1.026935
1.027557
1.028179
1.028801
1.029423
1.030044
1.030665
1.031286
1.031907
1.032527
1.033146
1.033766
1.034385
1.035004
1.035622
1.036240
1.036858
1.037475
1.038092
1.038709
1.039325
1.039941
1.040557
1.041172
1.041786
1.042401
1.043014
1.043628
1.044241
1.044853
1.045465
1.046077
1.046688
1.047299
1.047909
1.048519
1.049128
1.049737
1.050345
1.050953
1.051561
1.052167
1.052774
1.053380
1.053985
1.054590
1.055194
1.055797
1.056401
1.057003
1.057605
1.058206
1.058807
1.059408
1.060007
1.060606
1.061205
1.061803
1.062400
1.062996
1.063593
1.064188
1.064783
1.065377
1.065970
1.066563
1.067155
1.067747
1.068338
1.068928
1.069517
1.070106
1.070694
1.071282
1.071868
1.072454
1.073040
1.073624
1.074208
1.074791
1.075373
1.075955
1.076536
1.077116
1.077695
1.078274
1.078852
1.079429
1.080005
1.080580
1.081155
1.081729
1.082302
1.082874
1.083446
1.084016
1.084586
1.085155
1.085723
1.086290
1.086857
1.087422
1.087987
1.088551
1.089114
1.089676
1.090237
1.090797
1.091357
1.091915
1.092473
1.093029
1.093585
1.094140
1.094694
1.095247
1.095799
1.096350
1.096900
1.097449
1.097997
1.098545
1.099091
1.099636
1.100181
1.100724
1.101266
1.101808
1.102348
1.102887
1.103425
1.103963
1.104499
1.105034
1.105568
1.106101
1.106634
1.107165
1.107695
1.108223
1.108751
1.109278
1.109804
1.110328
1.110852
1.111374
1.111896
1.112416
1.112935
1.113453
1.113970
1.114486
1.115000
1.115514
1.116026
1.116537
1.117047
1.117556
1.118064
1.118571
1.119076
1.119580
1.120083
1.120585
1.121086
1.121585
1.122084
1.122581
1.123077
1.123571
1.124065
1.124557
1.125048
1.125538
1.126026
1.126513
1.126999
1.127484
1.127968
1.128450
1.128931
1.129410
1.129889
1.130366
1.130842
1.131316
1.131790
1.132262
1.132732
1.133202
1.133670
1.134136
1.134602
1.135066
1.135529
1.135990
1.136450
1.136909
1.137366
1.137822
1.138277
1.138730
1.139182
1.139632
1.140082
1.140529
1.140976
1.141421
1.141864
1.142306
1.142747
1.143187
1.143625
1.144061
1.144496
1.144930
1.145362
1.145793
1.146222
1.146650
1.147077
1.147502
1.147926
1.148348
1.148768
1.149188
1.149605
1.150022
1.150436
1.150850
1.151261
1.151672
1.152081
1.152488
1.152894
1.153298
1.153701
1.154102
1.154502
1.154900
1.155297
1.155692
1.156085
1.156478
1.156868
1.157257
1.157645
1.158030
1.158415
1.158798
1.159179
1.159558
1.159936
1.160313
1.160688
1.161061
1.161433
1.161803
1.162171
1.162538
1.162904
1.163267
1.163629
1.163990
1.164349
1.164706
1.165062
1.165416
1.165768
1.166119
1.166468
1.166815
1.167161
1.167505
1.167848
1.168188
1.168528
1.168865
1.169201
1.169535
1.169868
1.170198
1.170528
1.170855
1.171181
1.171505
1.171827
1.172148
1.172467
1.172784
1.173100
1.173414
1.173726
1.174036
1.174345
1.174652
1.174957
1.175261
1.175563
1.175863
1.176161
1.176458
1.176753
1.177046
1.177337
1.177627
1.177915
1.178201
1.178485
1.178768
1.179049
1.179328
1.179605
1.179881
1.180154
1.180426
1.180697
1.180965
1.181232
1.181496
1.181760
1.182021
1.182280
1.182538
1.182794
1.183048
1.183300
1.183551
1.183799
1.184046
1.184291
1.184534
1.184776
1.185015
1.185253
1.185489
1.185723
1.185955
1.186185
1.186414
1.186641
1.186865
1.187088
1.187310
1.187529
1.187746
1.187962
1.188176
1.188388
1.188598
1.188806
1.189012
1.189217
1.189419
1.189620
1.189819
1.190016
1.190211
1.190404
1.190596
1.190785
1.190973
1.191158
1.191342
1.191524
1.191704
1.191882
1.192058
1.192233
1.192405
1.192576
1.192744
1.192911
1.193076
1.193239
1.193400
1.193559
1.193716
1.193872
1.194025
1.194177
1.194326
1.194474
1.194619
1.194763
1.194905
1.195045
1.195183
1.195319
1.195453
1.195586
1.195716
1.195844
1.195971
1.196095
1.196218
1.196339
1.196457
1.196574
1.196689
1.196802
1.196913
1.197022
1.197129
1.197234
1.197337
1.197438
1.197538
1.197635
1.197730
1.197824
1.197915
1.198005
1.198092
1.198178
1.198261
1.198343
1.198423
1.198501
1.198576
1.198650
1.198722
1.198792
1.198860
1.198926
1.198990
1.199052
1.199112
1.199170
1.199227
1.199281
1.199333
1.199383
1.199432
1.199478
1.199522
1.199565
1.199605
1.199644
1.199680
1.199715
1.199747
1.199778
1.199807
1.199833
1.199858
1.199881
1.199901
1.199920
1.199937
1.199952
1.199964
1.199975
1.199984
1.199991
1.199996
1.199999
1.200000
1.199999
1.199996
1.199991
1.199984
1.199975
1.199964
1.199952
1.199937
1.199920
1.199901
1.199881
1.199858
1.199833
1.199807
1.199778
1.199747
1.199715
1.199680
1.199644
1.199605
1.199565
1.199523
1.199478
1.199432
1.199384
1.199333
1.199281
1.199227
1.199171
1.199112
1.199052
1.198990
1.198926
1.198860
1.198792
1.198722
1.198650
1.198577
1.198501
1.198423
1.198343
1.198262
1.198178
1.198092
1.198005
1.197915
1.197824
1.197731
1.197635
1.197538
1.197439
1.197337
1.197234
1.197129
1.197022
1.196913
1.196802
1.196689
1.196574
1.196458
1.196339
1.196218
1.196096
1.195971
1.195845
1.195716
1.195586
1.195454
1.195320
1.195184
1.195046
1.194906
1.194764
1.194620
1.194474
1.194327
1.194177
1.194026
1.193872
1.193717
1.193560
1.193401
1.193240
1.193077
1.192912
1.192745
1.192576
1.192406
1.192233
1.192059
1.191883
1.191705
1.191525
1.191343
1.191159
1.190973
1.190786
1.190596
1.190405
1.190212
1.190017
1.189820
1.189621
1.189420
1.189217
1.189013
1.188807
1.188598
1.188388
1.188177
1.187963
1.187747
1.187530
1.187310
1.187089
1.186866
1.186641
1.186415
1.186186
1.185956
1.185723
1.185489
1.185254
1.185016
1.184776
1.184535
1.184292
1.184047
1.183800
1.183551
1.183301
1.183049
1.182795
1.182539
1.182281
1.182022
1.181760
1.181497
1.181233
1.180966
1.180697
1.180427
1.180155
1.179882
1.179606
1.179329
1.179050
1.178769
1.178486
1.178202
1.177916
1.177628
1.177338
1.177047
1.176754
1.176459
1.176162
1.175864
1.175564
1.175262
1.174958
1.174653
1.174346
1.174037
1.173727
1.173415
1.173101
1.172785
1.172468
1.172149
1.171828
1.171506
1.171182
1.170856
1.170529
1.170200
1.169869
1.169536
1.169202
1.168866
1.168529
1.168190
1.167849
1.167506
1.167162
1.166816
1.166469
1.166120
1.165769
1.165417
1.165063
1.164707
1.164350
1.163991
1.163631
1.163269
1.162905
1.162540
1.162173
1.161804
1.161434
1.161062
1.160689
1.160314
1.159938
1.159560
1.159180
1.158799
1.158416
1.158032
1.157646
1.157258
1.156869
1.156479
1.156087
1.155693
1.155298
1.154901
1.154503
1.154103
1.153702
1.153299
1.152895
1.152489
1.152082
1.151673
1.151263
1.150851
1.150438
1.150023
1.149607
1.149189
1.148770
1.148349
1.147927
1.147503
1.147078
1.146652
1.146224
1.145795
1.145364
1.144931
1.144498
1.144063
1.143626
1.143188
1.142749
1.142308
1.141866
1.141422
1.140977
1.140531
1.140083
1.139634
1.139183
1.138732
1.138278
1.137824
1.137368
1.136910
1.136452
1.135992
1.135530
1.135067
1.134603
1.134138
1.133671
1.133203
1.132734
1.132263
1.131791
1.131318
1.130844
1.130368
1.129891
1.129412
1.128932
1.128451
1.127969
1.127486
1.127001
1.126515
1.126028
1.125539
1.125049
1.124559
1.124066
1.123573
1.123078
1.122582
1.122085
1.121587
1.121088
1.120587
1.120085
1.119582
1.119078
1.118572
1.118066
1.117558
1.117049
1.116539
1.116028
1.115516
1.115002
1.114487
1.113972
1.113455
1.112937
1.112418
1.111897
1.111376
1.110854
1.110330
1.109806
1.109280
1.108753
1.108225
1.107696
1.107166
1.106635
1.106103
1.105570
1.105036
1.104501
1.103965
1.103427
1.102889
1.102350
1.101809
1.101268
1.100726
1.100182
1.099638
1.099093
1.098547
1.097999
1.097451
1.096902
1.096352
1.095801
1.095249
1.094696
1.094142
1.093587
1.093031
1.092475
1.091917
1.091359
1.090799
1.090239
1.089678
1.089116
1.088553
1.087989
1.087424
1.086859
1.086292
1.085725
1.085157
1.084588
1.084018
1.083448
1.082876
1.082304
1.081731
1.081157
1.080582
1.080007
1.079431
1.078854
1.078276
1.077697
1.077118
1.076538
1.075957
1.075375
1.074793
1.074210
1.073626
1.073042
1.072456
1.071870
1.071284
1.070696
1.070108
1.069519
1.068930
1.068340
1.067749
1.067157
1.066565
1.065972
1.065379
1.064785
1.064190
1.063595
1.062999
1.062402
1.061805
1.061207
1.060608
1.060009
1.059410
1.058809
1.058208
1.057607
1.057005
1.056403
1.055799
1.055196
1.054592
1.053987
1.053382
1.052776
1.052170
1.051563
1.050955
1.050348
1.049739
1.049130
1.048521
1.047911
1.047301
1.046690
1.046079
1.045467
1.044855
1.044243
1.043630
1.043017
1.042403
1.041788
1.041174
1.040559
1.039943
1.039327
1.038711
1.038095
1.037478
1.036860
1.036242
1.035624
1.035006
1.034387
1.033768
1.033149
1.032529
1.031909
1.031288
1.030667
1.030046
1.029425
1.028803
1.028182
1.027559
1.026937
1.026314
1.025691
1.025068
1.024444
1.023821
1.023197
1.022573
1.021948
1.021324
1.020699
1.020074
1.019448
1.018823
1.018197
1.017572
1.016946
1.016319
1.015693
1.015067
1.014440
1.013813
1.013186
1.012559
1.011932
1.011305
1.010678
1.010050
1.009423
1.008795
1.008167
1.007539
1.006911
1.006283
1.005655
1.005027
1.004399
1.003771
1.003143
1.002515
1.001886
1.001258
1.000630
1.000001
0.999373
0.998745
0.998116
0.997488
0.996860
0.996232
0.995603
0.994975
0.994347
0.993719
0.993091
0.992463
0.991835
0.991208
0.990580
0.989952
0.989325
0.988698
0.988070
0.987443
0.986816
0.986189
0.985563
0.984936
0.984310
0.983683
0.983057
0.982431
0.981805
0.981180
0.980554
0.979929
0.979304
0.978679
0.978054
0.977430
0.976806
0.976182
0.975558
0.974935
0.974311
0.973688
0.973066
0.972443
0.971821
0.971199
0.970578
0.969956
0.969335
0.968714
0.968094
0.967474
0.966854
0.966235
0.965616
0.964997
0.964378
0.963760
0.963142
0.962525
0.961908
0.961291
0.960675
0.960059
0.959444
0.958829
0.958214
0.957600
0.956986
0.956373
0.955760
0.955147
0.954535
0.953923
0.953312
0.952702
0.952091
0.951481
0.950872
0.950263
0.949655
0.949047
0.948440
0.947833
0.947227
0.946621
0.946016
0.945411
0.944807
0.944203
0.943600
0.942997
0.942395
0.941794
0.941193
0.940593
0.939993
0.939394
0.938796
0.938198
0.937601
0.937004
0.936408
0.935813
0.935218
0.934624
0.934030
0.933437
0.932845
0.932254
0.931663
0.931073
0.930483
0.929894
0.929306
0.928719
0.928132
0.927546
0.926961
0.926376
0.925793
0.925209
0.924627
0.924045
0.923465
0.922884
0.922305
0.921727
0.921149
0.920572
0.919995
0.919420
0.918845
0.918271
0.917698
0.917126
0.916555
0.915984
0.915414
0.914845
0.914277
0.913710
0.913144
0.912578
0.912013
0.911450
0.910887
0.910325
0.909763
0.909203
0.908644
0.908085
0.907528
0.906971
0.906415
0.905860
0.905307
0.904754
0.904202
0.903651
0.903100
0.902551
0.902003
0.901456
0.900909
0.900364
0.899820
0.899277
0.898734
0.898193
0.897653
0.897113
0.896575
0.896038
0.895501
0.894966
0.894432
0.893899
0.893367
0.892836
0.892306
0.891777
0.891249
0.890722
0.890197
0.889672
0.889148
0.888626
0.888105
0.887585
0.887065
0.886547
0.886031
0.885515
0.885000
0.884487
0.883974
0.883463
0.882953
0.882444
0.881936
0.881430
0.880924
0.880420
0.879917
0.879415
0.878915
0.878415
0.877917
0.877420
0.876924
0.876429
0.875936
0.875444
0.874953
0.874463
0.873974
0.873487
0.873001
0.872516
0.872033
0.871551
0.871070
0.870590
0.870111
0.869634
0.869159
0.868684
0.868211
0.867739
0.867268
0.866799
0.866331
0.865864
0.865399
0.864935
0.864472
0.864010
0.863550
0.863092
0.862634
0.862178
0.861724
0.861270
0.860818
0.860368
0.859919
0.859471
0.859025
0.858580
0.858136
0.857694
0.857253
0.856814
0.856376
0.855939
0.855504
0.855070
0.854638
0.854207
0.853778
0.853350
0.852923
0.852498
0.852075
0.851653
0.851232
0.850813
0.850395
0.849979
0.849564
0.849151
0.848739
0.848329
0.847920
0.847512
0.847107
0.846702
0.846300
0.845898
0.845499
0.845100
0.844704
0.844308
0.843915
0.843523
0.843132
0.842743
0.842356
0.841970
0.841586
0.841203
0.840822
0.840442
0.840064
0.839687
0.839313
0.838939
0.838568
0.838197
0.837829
0.837462
0.837097
0.836733
0.836371
0.836010
0.835652
0.835294
0.834939
0.834585
0.834232
0.833882
0.833533
0.833185
0.832839
0.832495
0.832153
0.831812
0.831473
0.831135
0.830799
0.830465
0.830133
0.829802
0.829473
0.829145
0.828820
0.828495
0.828173
0.827852
0.827533
0.827216
0.826900
0.826587
0.826274
0.825964
0.825655
0.825348
0.825043
0.824739
0.824438
0.824137
0.823839
0.823542
0.823248
0.822954
0.822663
0.822373
0.822086
0.821799
0.821515
0.821232
0.820952
0.820672
0.820395
0.820120
0.819846
0.819574
0.819304
0.819035
0.818769
0.818504
0.818241
0.817979
0.817720
0.817462
0.817206
0.816952
0.816700
0.816450
0.816201
0.815954
0.815709
0.815466
0.815225
0.814985
0.814747
0.814512
0.814277
0.814045
0.813815
0.813586
0.813360
0.813135
0.812912
0.812691
0.812471
0.812254
0.812038
0.811824
0.811612
0.811402
0.811194
0.810988
0.810783
0.810581
0.810380
0.810181
0.809984
0.809789
0.809596
0.809405
0.809215
0.809028
0.808842
0.808658
0.808476
0.808296
0.808118
0.807942
0.807767
0.807595
0.807424
0.807256
0.807089
0.806924
0.806761
0.806600
0.806441
0.806284
0.806128
0.805975
0.805824
0.805674
0.805526
0.805381
0.805237
0.805095
0.804955
0.804817
0.804681
0.804547
0.804414
0.804284
0.804156
0.804029
0.803905
0.803782
0.803662
0.803543
0.803426
0.803311
0.803198
0.803087
0.802978
0.802871
0.802766
0.802663
0.802562
0.802463
0.802365
0.802270
0.802176
0.802085
0.801995
0.801908
0.801822
0.801739
0.801657
0.801577
0.801499
0.801424
0.801350
0.801278
0.801208
0.801140
0.801074
0.801010
0.800948
0.800888
0.800830
0.800773
0.800719
0.800667
0.800617
0.800568
0.800522
0.800478
0.800435
0.800395
0.800356
0.800320
0.800285
0.800253
0.800222
0.800193
0.800167
0.800142
0.800119
0.800099
0.800080
0.800063
0.800048
0.800036
0.800025
0.800016
0.800009
0.800004
0.800001
0.800000
0.800001
0.800004
0.800009
0.800016
0.800025
0.800035
0.800048
0.800063
0.800080
0.800099
0.800119
0.800142
0.800167
0.800193
0.800222
0.800253
0.800285
0.800320
0.800356
0.800395
0.800435
0.800477
0.800522
0.800568
0.800616
0.800667
0.800719
0.800773
0.800829
0.800887
0.800948
0.801010
0.801074
0.801140
0.801208
0.801278
0.801349
0.801423
0.801499
0.801577
0.801657
0.801738
0.801822
0.801907
0.801995
0.802085
0.802176
0.802269
0.802365
0.802462
0.802561
0.802663
0.802766
0.802871
0.802978
0.803087
0.803198
0.803311
0.803425
0.803542
0.803661
0.803782
0.803904
0.804029
0.804155
0.804283
0.804414
0.804546
0.804680
0.804816
0.804954
0.805094
0.805236
0.805380
0.805526
0.805673
0.805823
0.805974
0.806128
0.806283
0.806440
0.806599
0.806760
0.806923
0.807088
0.807255
0.807423
0.807594
0.807766
0.807941
0.808117
0.808295
0.808475
0.808657
0.808841
0.809027
0.809214
0.809404
0.809595
0.809788
0.809983
0.810180
0.810379
0.810580
0.810782
0.810987
0.811193
0.811401
0.811611
0.811823
0.812037
0.812253
0.812470
0.812689
0.812911
0.813134
0.813358
0.813585
0.813814
0.814044
0.814276
0.814510
0.814746
0.814984
0.815223
0.815465
0.815708
0.815953
0.816200
0.816448
0.816699
0.816951
0.817205
0.817461
0.817719
0.817978
0.818239
0.818502
0.818767
0.819034
0.819302
0.819572
0.819844
0.820118
0.820394
0.820671
0.820950
0.821231
0.821514
0.821798
0.822084
0.822372
0.822662
0.822953
0.823246
0.823541
0.823838
0.824136
0.824436
0.824738
0.825041
0.825347
0.825654
0.825962
0.826273
0.826585
0.826899
0.827214
0.827532
0.827851
0.828171
0.828494
0.828818
0.829144
0.829471
0.829800
0.830131
0.830464
0.830798
0.831134
0.831471
0.831810
0.832151
0.832493
0.832838
0.833183
0.833531
0.833880
0.834231
0.834583
0.834937
0.835293
0.835650
0.836009
0.836369
0.836731
0.837095
0.837460
0.837827
0.838196
0.838566
0.838937
0.839311
0.839686
0.840062
0.840440
0.840820
0.841201
0.841584
0.841968
0.842354
0.842741
0.843130
0.843521
0.843913
0.844306
0.844702
0.845098
0.845497
0.845896
0.846298
0.846700
0.847105
0.847510
0.847918
0.848327
0.848737
0.849149
0.849562
0.849977
0.850393
0.850811
0.851230
0.851650
0.852073
0.852496
0.852921
0.853348
0.853776
0.854205
0.854636
0.855068
0.855502
0.855937
0.856374
0.856812
0.857251
0.857692
0.858134
0.858577
0.859022
0.859469
0.859917
0.860366
0.860816
0.861268
0.861721
0.862176
0.862632
0.863089
0.863548
0.864008
0.864469
0.864932
0.865396
0.865862
0.866328
0.866796
0.867266
0.867736
0.868208
0.868682
0.869156
0.869632
0.870109
0.870587
0.871067
0.871548
0.872030
0.872514
0.872999
0.873485
0.873972
0.874460
0.874950
0.875441
0.875933
0.876427
0.876921
0.877417
0.877914
0.878413
0.878912
0.879413
0.879915
0.880418
0.880922
0.881427
0.881934
0.882442
0.882950
0.883460
0.883972
0.884484
0.884998
0.885512
0.886028
0.886545
0.887063
0.887582
0.888102
0.888623
0.889146
0.889669
0.890194
0.890720
0.891246
0.891774
0.892303
0.892833
0.893364
0.893896
0.894429
0.894964
0.895499
0.896035
0.896572
0.897111
0.897650
0.898190
0.898732
0.899274
0.899817
0.900361
0.900907
0.901453
0.902000
0.902548
0.903098
0.903648
0.904199
0.904751
0.905304
0.905858
0.906412
0.906968
0.907525
0.908082
0.908641
0.909200
0.909761
0.910322
0.910884
0.911447
0.912011
0.912575
0.913141
0.913707
0.914274
0.914843
0.915411
0.915981
0.916552
0.917123
0.917696
0.918269
0.918842
0.919417
0.919993
0.920569
0.921146
0.921724
0.922302
0.922882
0.923462
0.924043
0.924624
0.925206
0.925790
0.926373
0.926958
0.927543
0.928129
0.928716
0.929303
0.929891
0.930480
0.931070
0.931660
0.932251
0.932842
0.933434
0.934027
0.934621
0.935215
0.935810
0.936405
0.937001
0.937598
0.938195
0.938793
0.939391
0.939990
0.940590
0.941190
0.941791
0.942392
0.942994
0.943597
0.944200
0.944804
0.945408
0.946013
0.946618
0.947224
0.947830
0.948437
0.949044
0.949652
0.950260
0.950869
0.951478
0.952088
0.952698
0.953309
0.953920
0.954532
0.955144
0.955757
0.956370
0.956983
0.957597
0.958211
0.958826
0.959441
0.960056
0.960672
0.961288
0.961905
0.962522
0.963139
0.963757
0.964375
0.964994
0.965612
0.966232
0.966851
0.967471
0.968091
0.968711
0.969332
0.969953
0.970574
0.971196
0.971818
0.972440
0.973063
0.973685
0.974308
0.974932
0.975555
0.976179
0.976803
0.977427
0.978051
0.978676
0.979301
0.979926
0.980551
0.981177
0.981802
0.982428
0.983054
0.983680
0.984306
0.984933
0.985559
0.986186
0.986813
0.987440
0.988067
0.988694
0.989322
0.989949
0.990577
0.991205
0.991832
0.992460
0.993088
0.993716
0.994344
0.994972
0.995600
0.996228
0.996857
0.997485
0.998113
0.998742
0.999370
0.999998
1.000626
1.001255
1.001883
1.002511
1.003140
1.003768
1.004396
1.005024
1.005652
1.006280
1.006908
1.007536
1.008164
1.008792
1.009419
1.010047
1.010674
1.011302
1.011929
1.012556
1.013183
1.013810
1.014437
1.015063
1.015690
1.016316
1.016942
1.017568
1.018194
1.018820
1.019445
1.020070
1.020696
1.021320
1.021945
1.022569
1.023194
1.023818
1.024441
1.025065
1.025688
1.026311
1.026934
1.027556
1.028178
1.028800
1.029422
1.030043
1.030664
1.031285
1.031905
1.032526
1.033145
1.033765
1.034384
1.035003
1.035621
1.036239
1.036857
1.037474
1.038091
1.038708
1.039324
1.039940
1.040556
1.041171
1.041785
1.042400
1.043013
1.043627
1.044240
1.044852
1.045464
1.046076
1.046687
1.047298
1.047908
1.048518
1.049127
1.049736
1.050344
1.050952
1.051560
1.052166
1.052773
1.053379
1.053984
1.054589
1.055193
1.055796
1.056399
1.057002
1.057604
1.058205
1.058806
1.059406
1.060006
1.060605
1.061204
1.061802
1.062399
1.062995
1.063592
1.064187
1.064782
1.065376
1.065969
1.066562
1.067154
1.067746
1.068337
1.068927
1.069516
1.070105
1.070693
1.071281
1.071867
1.072453
1.073039
1.073623
1.074207
1.074790
1.075372
1.075954
1.076535
1.077115
1.077694
1.078273
1.078851
1.079428
1.080004
1.080580
1.081154
1.081728
1.082301
1.082873
1.083445
1.084015
1.084585
1.085154
1.085722
1.086289
1.086856
1.087421
1.087986
1.088550
1.089113
1.089675
1.090236
1.090796
1.091356
1.091914
1.092472
1.093028
1.093584
1.094139
1.094693
1.095246
1.095798
1.096349
1.096899
1.097448
1.097997
1.098544
1.099090
1.099635
1.100180
1.100723
1.101265
1.101807
1.102347
1.102886
1.103425
1.103962
1.104498
1.105033
1.105567
1.106101
1.106633
1.107164
1.107694
1.108223
1.108750
1.109277
1.109803
1.110328
1.110851
1.111373
1.111895
1.112415
1.112934
1.113452
1.113969
1.114485
1.114999
1.115513
1.116025
1.116537
1.117047
1.117555
1.118063
1.118570
1.119075
1.119579
1.120082
1.120584
1.121085
1.121584
1.122083
1.122580
1.123076
1.123570
1.124064
1.124556
1.125047
1.125537
1.126025
1.126513
1.126999
1.127483
1.127967
1.128449
1.128930
1.129410
1.129888
1.130365
1.130841
1.131316
1.131789
1.132261
1.132732
1.133201
1.133669
1.134136
1.134601
1.135065
1.135528
1.135989
1.136449
1.136908
1.137365
1.137821
1.138276
1.138729
1.139181
1.139632
1.140081
1.140529
1.140975
1.141420
1.141864
1.142306
1.142747
1.143186
1.143624
1.144060
1.144496
1.144929
1.145362
1.145792
1.146222
1.146650
1.147076
1.147501
1.147925
1.148347
1.148768
1.149187
1.149605
1.150021
1.150436
1.150849
1.151261
1.151671
1.152080
1.152487
1.152893
1.153297
1.153700
1.154101
1.154501
1.154899
1.155296
1.155691
1.156085
1.156477
1.156867
1.157256
1.157644
1.158030
1.158414
1.158797
1.159178
1.159558
1.159936
1.160312
1.160687
1.161060
1.161432
1.161802
1.162171
1.162538
1.162903
1.163267
1.163629
1.163989
1.164348
1.164705
1.165061
1.165415
1.165767
1.166118
1.166467
1.166815
1.167160
1.167505
1.167847
1.168188
1.168527
1.168864
1.169200
1.169535
1.169867
1.170198
1.170527
1.170854
1.171180
1.171504
1.171827
1.172147
1.172466
1.172784
1.173099
1.173413
1.173725
1.174036
1.174344
1.174651
1.174957
1.175260
1.175562
1.175862
1.176161
1.176457
1.176752
1.177045
1.177337
1.177626
1.177914
1.178200
1.178485
1.178767
1.179048
1.179327
1.179605
1.179880
1.180154
1.180426
1.180696
1.180965
1.181231
1.181496
1.181759
1.182020
1.182280
1.182537
1.182793
1.183047
1.183300
1.183550
1.183799
1.184046
1.184291
1.184534
1.184775
1.185015
1.185252
1.185488
1.185722
1.185955
1.186185
1.186413
1.186640
1.186865
1.187088
1.187309
1.187529
1.187746
1.187962
1.188175
1.188387
1.188597
1.188806
1.189012
1.189216
1.189419
1.189620
1.189819
1.190016
1.190211
1.190404
1.190595
1.190785
1.190972
1.191158
1.191342
1.191524
1.191704
1.191882
1.192058
1.192233
1.192405
1.192576
1.192744
1.192911
1.193076
1.193239
1.193400
1.193559
1.193716
1.193871
1.194025
1.194176
1.194326
1.194473
1.194619
1.194763
1.194905
1.195045
1.195183
1.195319
1.195453
1.195585
1.195716
1.195844
1.195971
1.196095
1.196218
1.196338
1.196457
1.196574
1.196689
1.196802
1.196913
1.197022
1.197129
1.197234
1.197337
1.197438
1.197537
1.197635
1.197730
1.197823
1.197915
1.198004
1.198092
1.198178
1.198261
1.198343
1.198423
1.198500
1.198576
1.198650
1.198722
1.198792
1.198860
1.198926
1.198990
1.199052
1.199112
1.199170
1.199227
1.199281
1.199333
1.199383
1.199432
1.199478
1.199522
1.199565
1.199605
1.199644
1.199680
1.199715
1.199747
1.199778
1.199806
1.199833
1.199858
1.199881
1.199901
1.199920
1.199937
1.199952
1.199964
1.199975
1.199984
1.199991
1.199996
1.199999
1.200000
1.199999
1.199996
1.199991
1.199984
1.199975
1.199965
1.199952
1.199937
1.199920
1.199901
1.199881
1.199858
1.199833
1.199807
1.199778
1.199747
1.199715
1.199680
1.199644
1.199605
1.199565
1.199523
1.199478
1.199432
1.199384
1.199333
1.199281
1.199227
1.199171
1.199113
1.199052
1.198990
1.198926
1.198860
1.198792
1.198723
1.198651
1.198577
1.198501
1.198423
1.198343
1.198262
1.198178
1.198093
1.198005
1.197916
1.197824
1.197731
1.197635
1.197538
1.197439
1.197338
1.197234
1.197129
1.197022
1.196913
1.196802
1.196689
1.196575
1.196458
1.196339
1.196219
1.196096
1.195971
1.195845
1.195717
1.195586
1.195454
1.195320
1.195184
1.195046
1.194906
1.194764
1.194620
1.194474
1.194327
1.194177
1.194026
1.193872
1.193717
1.193560
1.193401
1.193240
1.193077
1.192912
1.192745
1.192577
1.192406
1.192234
1.192059
1.191883
1.191705
1.191525
1.191343
1.191159
1.190974
1.190786
1.190597
1.190405
1.190212
1.190017
1.189820
1.189621
1.189420
1.189218
1.189013
1.188807
1.188599
1.188389
1.188177
1.187963
1.187748
1.187530
1.187311
1.187090
1.186867
1.186642
1.186415
1.186186
1.185956
1.185724
1.185490
1.185254
1.185016
1.184777
1.184535
1.184292
1.184047
1.183800
1.183552
1.183301
1.183049
1.182795
1.182539
1.182282
1.182022
1.181761
1.181498
1.181233
1.180966
1.180698
1.180428
1.180156
1.179882
1.179606
1.179329
1.179050
1.178769
1.178487
1.178202
1.177916
1.177628
1.177339
1.177047
1.176754
1.176459
1.176163
1.175864
1.175564
1.175262
1.174959
1.174654
1.174347
1.174038
1.173727
1.173415
1.173101
1.172786
1.172469
1.172150
1.171829
1.171506
1.171182
1.170857
1.170529
1.170200
1.169869
1.169537
1.169203
1.168867
1.168529
1.168190
1.167849
1.167507
1.167163
1.166817
1.166469
1.166120
1.165770
1.165417
1.165063
1.164708
1.164351
1.163992
1.163631
1.163269
1.162905
1.162540
1.162173
1.161805
1.161435
1.161063
1.160690
1.160315
1.159938
1.159560
1.159181
1.158799
1.158417
1.158032
1.157646
1.157259
1.156870
1.156480
1.156087
1.155694
1.155299
1.154902
1.154504
1.154104
1.153703
1.153300
1.152896
1.152490
1.152083
1.151674
1.151264
1.150852
1.150438
1.150024
1.149607
1.149190
1.148771
1.148350
1.147928
1.147504
1.147079
1.146653
1.146225
1.145795
1.145364
1.144932
1.144498
1.144063
1.143627
1.143189
1.142749
1.142309
1.141867
1.141423
1.140978
1.140532
1.140084
1.139635
1.139184
1.138732
1.138279
1.137824
1.137368
1.136911
1.136452
1.135992
1.135531
1.135068
1.134604
1.134139
1.133672
1.133204
1.132735
1.132264
1.131792
1.131319
1.130844
1.130368
1.129891
1.129413
1.128933
1.128452
1.127970
1.127487
1.127002
1.126516
1.126029
1.125540
1.125050
1.124559
1.124067
1.123574
1.123079
1.122583
1.122086
1.121588
1.121088
1.120588
1.120086
1.119583
1.119079
1.118573
1.118067
1.117559
1.117050
1.116540
1.116029
1.115516
1.115003
1.114488
1.113973
1.113456
1.112938
1.112419
1.111898
1.111377
1.110855
1.110331
1.109806
1.109281
1.108754
1.108226
1.107697
1.107167
1.106636
1.106104
1.105571
1.105037
1.104502
1.103965
1.103428
1.102890
1.102351
1.101810
1.101269
1.100727
1.100183
1.099639
1.099094
1.098547
1.098000
1.097452
1.096903
1.096353
1.095802
1.095250
1.094697
1.094143
1.093588
1.093032
1.092476
1.091918
1.091360
1.090800
1.090240
1.089679
1.089117
1.088554
1.087990
1.087425
1.086860
1.086293
1.085726
1.085158
1.084589
1.084019
1.083449
1.082877
1.082305
1.081732
1.081158
1.080583
1.080008
1.079432
1.078855
1.078277
1.077698
1.077119
1.076539
1.075958
1.075376
1.074794
1.074211
1.073627
1.073043
1.072457
1.071871
1.071285
1.070697
1.070109
1.069520
1.068931
1.068341
1.067750
1.067158
1.066566
1.065973
1.065380
1.064786
1.064191
1.063596
1.063000
1.062403
1.061806
1.061208
1.060609
1.060010
1.059411
1.058810
1.058209
1.057608
1.057006
1.056404
1.055800
1.055197
1.054593
1.053988
1.053383
1.052777
1.052171
1.051564
1.050956
1.050349
1.049740
1.049131
1.048522
1.047912
1.047302
1.046691
1.046080
1.045469
1.044856
1.044244
1.043631
1.043018
1.042404
1.041789
1.041175
1.040560
1.039944
1.039328
1.038712
1.038096
1.037479
1.036861
1.036243
1.035625
1.035007
1.034388
1.033769
1.033150
1.032530
1.031910
1.031289
1.030668
1.030047
1.029426
1.028804
1.028183
1.027560
1.026938
1.026315
1.025692
1.025069
1.024446
1.023822
1.023198
1.022574
1.021949
1.021325
1.020700
1.020075
1.019449
1.018824
1.018198
1.017573
1.016947
1.016320
1.015694
1.015068
1.014441
1.013814
1.013187
1.012560
1.011933
1.011306
1.010679
1.010051
1.009424
1.008796
1.008168
1.007540
1.006913
1.006285
1.005656
1.005028
1.004400
1.003772
1.003144
1.002516
1.001887
1.001259
1.000631
1.000002
0.999374
0.998746
0.998117
0.997489
0.996861
0.996233
0.995605
0.994976
0.994348
0.993720
0.993092
0.992464
0.991837
0.991209
0.990581
0.989954
0.989326
0.988699
0.988071
0.987444
0.986817
0.986190
0.985564
0.984937
0.984311
0.983684
0.983058
0.982432
0.981806
0.981181
0.980555
0.979930
0.979305
0.978680
0.978056
0.977431
0.976807
0.976183
0.975559
0.974936
0.974313
0.973690
0.973067
0.972444
0.971822
0.971200
0.970579
0.969957
0.969336
0.968715
0.968095
0.967475
0.966855
0.966236
0.965617
0.964998
0.964379
0.963761
0.963143
0.962526
0.961909
0.961292
0.960676
0.960060
0.959445
0.958830
0.958215
0.957601
0.956987
0.956374
0.955761
0.955148
0.954536
0.953924
0.953313
0.952703
0.952092
0.951483
0.950873
0.950264
0.949656
0.949048
0.948441
0.947834
0.947228
0.946622
0.946017
0.945412
0.944808
0.944204
0.943601
0.942998
0.942397
0.941795
0.941194
0.940594
0.939994
0.939395
0.938797
0.938199
0.937602
0.937005
0.936409
0.935814
0.935219
0.934625
0.934031
0.933438
0.932846
0.932255
0.931664
0.931074
0.930484
0.929895
0.929307
0.928720
0.928133
0.927547
0.926962
0.926377
0.925794
0.925210
0.924628
0.924046
0.923466
0.922885
0.922306
0.921728
0.921150
0.920573
0.919996
0.919421
0.918846
0.918272
0.917699
0.917127
0.916556
0.915985
0.915415
0.914846
0.914278
0.913711
0.913145
0.912579
0.912014
0.911451
0.910888
0.910326
0.909764
0.909204
0.908645
0.908086
0.907529
0.906972
0.906416
0.905861
0.905307
0.904755
0.904203
0.903651
0.903101
0.902552
0.902004
0.901457
0.900910
0.900365
0.899821
0.899277
0.898735
0.898194
0.897654
0.897114
0.896576
0.896039
0.895502
0.894967
0.894433
0.893900
0.893368
0.892837
0.892307
0.891778
0.891250
0.890723
0.890198
0.889673
0.889149
0.888627
0.888106
0.887585
0.887066
0.886548
0.886031
0.885516
0.885001
0.884487
0.883975
0.883464
0.882954
0.882445
0.881937
0.881431
0.880925
0.880421
0.879918
0.879416
0.878915
0.878416
0.877918
0.877421
0.876925
0.876430
0.875937
0.875444
0.874953
0.874464
0.873975
0.873488
0.873002
0.872517
0.872034
0.871551
0.871070
0.870591
0.870112
0.869635
0.869159
0.868685
0.868211
0.867740
0.867269
0.866799
0.866331
0.865865
0.865399
0.864935
0.864473
0.864011
0.863551
0.863092
0.862635
0.862179
0.861724
0.861271
0.860819
0.860369
0.859920
0.859472
0.859025
0.858580
0.858137
0.857695
0.857254
0.856814
0.856376
0.855940
0.855505
0.855071
0.854639
0.854208
0.853779
0.853351
0.852924
0.852499
0.852075
0.851653
0.851233
0.850813
0.850396
0.849979
0.849565
0.849151
0.848740
0.848329
0.847920
0.847513
0.847107
0.846703
0.846300
0.845899
0.845499
0.845101
0.844704
0.844309
0.843916
0.843523
0.843133
0.842744
0.842356
0.841971
0.841586
0.841203
0.840822
0.840443
0.840065
0.839688
0.839313
0.838940
0.838568
0.838198
0.837830
0.837463
0.837097
0.836734
0.836372
0.836011
0.835652
0.835295
0.834939
0.834585
0.834233
0.833882
0.833533
0.833186
0.832840
0.832496
0.832153
0.831812
0.831473
0.831136
0.830800
0.830466
0.830133
0.829802
0.829473
0.829146
0.828820
0.828496
0.828174
0.827853
0.827534
0.827217
0.826901
0.826587
0.826275
0.825965
0.825656
0.825349
0.825043
0.824740
0.824438
0.824138
0.823840
0.823543
0.823248
0.822955
0.822664
0.822374
0.822086
0.821800
0.821515
0.821233
0.820952
0.820673
0.820396
0.820120
0.819846
0.819574
0.819304
0.819036
0.818769
0.818504
0.818241
0.817980
0.817720
0.817463
0.817207
0.816953
0.816701
0.816450
0.816201
0.815955
0.815710
0.815466
0.815225
0.814986
0.814748
0.814512
0.814278
0.814046
0.813815
0.813587
0.813360
0.813135
0.812912
0.812691
0.812472
0.812254
0.812038
0.811825
0.811613
0.811403
0.811195
0.810988
0.810784
0.810581
0.810380
0.810182
0.809985
0.809790
0.809596
0.809405
0.809215
0.809028
0.808842
0.808658
0.808476
0.808296
0.808118
0.807942
0.807768
0.807595
0.807425
0.807256
0.807089
0.806924
0.806761
0.806600
0.806441
0.806284
0.806129
0.805975
0.805824
0.805674
0.805527
0.805381
0.805237
0.805095
0.804955
0.804817
0.804681
0.804547
0.804415
0.804284
0.804156
0.804030
0.803905
0.803782
0.803662
0.803543
0.803426
0.803311
0.803199
0.803088
0.802979
0.802872
0.802766
0.802663
0.802562
0.802463
0.802365
0.802270
0.802177
0.802085
0.801996
0.801908
0.801822
0.801739
0.801657
0.801577
0.801500
0.801424
0.801350
0.801278
0.801208
0.801140
0.801074
0.801010
0.800948
0.800888
0.800830
0.800774
0.800719
0.800667
0.800617
0.800568
0.800522
0.800478
0.800435
0.800395
0.800356
0.800320
0.800285
0.800253
0.800222
0.800194
0.800167
0.800142
0.800120
0.800099
0.800080
0.800063
0.800048
0.800036
0.800025
0.800016
0.800009
0.800004
0.800001
0.800000
0.800001
0.800004
0.800009
0.800016
0.800025
0.800035
0.800048
0.800063
0.800080
0.800099
0.800119
0.800142
0.800167
0.800193
0.800222
0.800252
0.800285
0.800320
0.800356
0.800394
0.800435
0.800477
0.800522
0.800568
0.800616
0.800667
0.800719
0.800773
0.800829
0.800887
0.800947
0.801010
0.801074
0.801140
0.801208
0.801277
0.801349
0.801423
0.801499
0.801577
0.801656
0.801738
0.801822
0.801907
0.801995
0.802084
0.802176
0.802269
0.802365
0.802462
0.802561
0.802662
0.802766
0.802871
0.802978
0.803087
0.803198
0.803310
0.803425
0.803542
0.803661
0.803781
0.803904
0.804028
0.804155
0.804283
0.804414
0.804546
0.804680
0.804816
0.804954
0.805094
0.805236
0.805380
0.805525
0.805673
0.805823
0.805974
0.806127
0.806283
0.806440
0.806599
0.806760
0.806923
0.807088
0.807255
0.807423
0.807594
0.807766
0.807941
0.808117
0.808295
0.808475
0.808657
0.808841
0.809026
0.809214
0.809403
0.809595
0.809788
0.809983
0.810180
0.810379
0.810579
0.810782
0.810986
0.811193
0.811401
0.811611
0.811823
0.812037
0.812252
0.812470
0.812689
0.812910
0.813133
0.813358
0.813585
0.813813
0.814044
0.814276
0.814510
0.814746
0.814984
0.815223
0.815464
0.815708
0.815953
0.816199
0.816448
0.816698
0.816951
0.817205
0.817461
0.817718
0.817978
0.818239
0.818502
0.818767
0.819033
0.819302
0.819572
0.819844
0.820118
0.820393
0.820671
0.820950
0.821230
0.821513
0.821797
0.822084
0.822371
0.822661
0.822952
0.823246
0.823540
0.823837
0.824135
0.824436
0.824737
0.825041
0.825346
0.825653
0.825962
0.826272
0.826584
0.826898
0.827214
0.827531
0.827850
0.828171
0.828493
0.828817
0.829143
0.829471
0.829800
0.830130
0.830463
0.830797
0.831133
0.831470
0.831810
0.832150
0.832493
0.832837
0.833183
0.833530
0.833879
0.834230
0.834582
0.834936
0.835292
0.835649
0.836008
0.836368
0.836731
0.837094
0.837460
0.837826
0.838195
0.838565
0.838937
0.839310
0.839685
0.840061
0.840439
0.840819
0.841200
0.841583
0.841967
0.842353
0.842741
0.843130
0.843520
0.843912
0.844306
0.844701
0.845098
0.845496
0.845896
0.846297
0.846700
0.847104
0.847510
0.847917
0.848326
0.848736
0.849148
0.849561
0.849976
0.850392
0.850810
0.851229
0.851650
0.852072
0.852495
0.852921
0.853347
0.853775
0.854204
0.854635
0.855067
0.855501
0.855936
0.856373
0.856811
0.857250
0.857691
0.858133
0.858577
0.859022
0.859468
0.859916
0.860365
0.860815
0.861267
0.861721
0.862175
0.862631
0.863089
0.863547
0.864007
0.864469
0.864931
0.865395
0.865861
0.866328
0.866796
0.867265
0.867736
0.868207
0.868681
0.869155
0.869631
0.870108
0.870587
0.871066
0.871547
0.872030
0.872513
0.872998
0.873484
0.873971
0.874460
0.874949
0.875440
0.875932
0.876426
0.876921
0.877416
0.877913
0.878412
0.878911
0.879412
0.879914
0.880417
0.880921
0.881426
0.881933
0.882441
0.882950
0.883460
0.883971
0.884483
0.884997
0.885511
0.886027
0.886544
0.887062
0.887581
0.888101
0.888623
0.889145
0.889668
0.890193
0.890719
0.891246
0.891773
0.892302
0.892832
0.893363
0.893895
0.894428
0.894963
0.895498
0.896034
0.896571
0.897110
0.897649
0.898189
0.898731
0.899273
0.899816
0.900361
0.900906
0.901452
0.901999
0.902548
0.903097
0.903647
0.904198
0.904750
0.905303
0.905857
0.906412
0.906967
0.907524
0.908082
0.908640
0.909199
0.909760
0.910321
0.910883
0.911446
0.912010
0.912574
0.913140
0.913706
0.914273
0.914842
0.915411
0.915980
0.916551
0.917122
0.917695
0.918268
0.918841
0.919416
0.919992
0.920568
0.921145
0.921723
0.922301
0.922881
0.923461
0.924042
0.924623
0.925206
0.925789
0.926372
0.926957
0.927542
0.928128
0.928715
0.929302
0.929890
0.930479
0.931069
0.931659
0.932250
0.932841
0.933433
0.934026
0.934620
0.935214
0.935809
0.936404
0.937000
0.937597
0.938194
0.938792
0.939390
0.939989
0.940589
0.941189
0.941790
0.942391
0.942993
0.943596
0.944199
0.944803
0.945407
0.946012
0.946617
0.947223
0.947829
0.948436
0.949043
0.949651
0.950259
0.950868
0.951477
0.952087
0.952697
0.953308
0.953919
0.954531
0.955143
0.955756
0.956369
0.956982
0.957596
0.958210
0.958825
0.959440
0.960055
0.960671
0.961287
0.961904
0.962521
0.963138
0.963756
0.964374
0.964993
0.965611
0.966230
0.966850
0.967470
0.968090
0.968710
0.969331
0.969952
0.970573
0.971195
0.971817
0.972439
0.973062
0.973684
0.974307
0.974930
0.975554
0.976178
0.976802
0.977426
0.978050
0.978675
0.979300
0.979925
0.980550
0.981175
0.981801
0.982427
0.983053
0.983679
0.984305
0.984932
0.985558
0.986185
0.986812
0.987439
0.988066
0.988693
0.989321
0.989948
0.990576
0.991203
0.991831
0.992459
0.993087
0.993715
0.994343
0.994971
0.995599
0.996227
0.996856
0.997484
0.998112
0.998740
0.999369
0.999997
1.000625
1.001254
1.001882
1.002510
1.003139
1.003767
1.004395
1.005023
1.005651
1.006279
1.006907
1.007535
1.008163
1.008791
1.009418
1.010046
1.010673
1.011301
1.011928
1.012555
1.013182
1.013809
1.014436
1.015062
1.015689
1.016315
1.016941
1.017567
1.018193
1.018819
1.019444
1.020069
1.020694
1.021319
1.021944
1.022568
1.023193
1.023817
1.024440
1.025064
1.025687
1.026310
1.026933
1.027555
1.028177
1.028799
1.029421
1.030042
1.030663
1.031284
1.031904
1.032525
1.033144
1.033764
1.034383
1.035002
1.035620
1.036238
1.036856
1.037473
1.038090
1.038707
1.039323
1.039939
1.040555
1.041170
1.041784
1.042399
1.043012
1.043626
1.044239
1.044851
1.045463
1.046075
1.046686
1.047297
1.047907
1.048517
1.049126
1.049735
1.050343
1.050951
1.051559
1.052165
1.052772
1.053378
1.053983
1.054588
1.055192
1.055795
1.056398
1.057001
1.057603
1.058204
1.058805
1.059405
1.060005
1.060604
1.061203
1.061801
1.062398
1.062994
1.063591
1.064186
1.064781
1.065375
1.065968
1.066561
1.067153
1.067745
1.068336
1.068926
1.069515
1.070104
1.070692
1.071280
1.071866
1.072452
1.073038
1.073622
1.074206
1.074789
1.075371
1.075953
1.076534
1.077114
1.077693
1.078272
1.078850
1.079427
1.080003
1.080579
1.081153
1.081727
1.082300
1.082872
1.083444
1.084014
1.084584
1.085153
1.085721
1.086289
1.086855
1.087420
1.087985
1.088549
1.089112
1.089674
1.090235
1.090795
1.091355
1.091913
1.092471
1.093028
1.093583
1.094138
1.094692
1.095245
1.095797
1.096348
1.096898
1.097447
1.097996
1.098543
1.099089
1.099634
1.100179
1.100722
1.101264
1.101806
1.102346
1.102885
1.103424
1.103961
1.104497
1.105032
1.105567
1.106100
1.106632
1.107163
1.107693
1.108222
1.108750
1.109276
1.109802
1.110327
1.110850
1.111373
1.111894
1.112414
1.112933
1.113451
1.113968
1.114484
1.114999
1.115512
1.116024
1.116536
1.117046
1.117555
1.118062
1.118569
1.119074
1.119579
1.120082
1.120583
1.121084
1.121584
1.122082
1.122579
1.123075
1.123570
1.124063
1.124555
1.125046
1.125536
1.126024
1.126512
1.126998
1.127482
1.127966
1.128448
1.128929
1.129409
1.129887
1.130364
1.130840
1.131315
1.131788
1.132260
1.132731
1.133200
1.133668
1.134135
1.134600
1.135064
1.135527
1.135988
1.136448
1.136907
1.137365
1.137821
1.138275
1.138728
1.139180
1.139631
1.140080
1.140528
1.140974
1.141419
1.141863
1.142305
1.142746
1.143185
1.143623
1.144060
1.144495
1.144929
1.145361
1.145792
1.146221
1.146649
1.147075
1.147501
1.147924
1.148346
1.148767
1.149186
1.149604
1.150020
1.150435
1.150848
1.151260
1.151670
1.152079
1.152487
1.152892
1.153297
1.153699
1.154101
1.154500
1.154899
1.155295
1.155691
1.156084
1.156476
1.156867
1.157256
1.157643
1.158029
1.158413
1.158796
1.159177
1.159557
1.159935
1.160312
1.160686
1.161060
1.161431
1.161802
1.162170
1.162537
1.162902
1.163266
1.163628
1.163989
1.164348
1.164705
1.165060
1.165414
1.165767
1.166117
1.166467
1.166814
1.167160
1.167504
1.167846
1.168187
1.168526
1.168864
1.169200
1.169534
1.169866
1.170197
1.170526
1.170854
1.171180
1.171504
1.171826
1.172147
1.172466
1.172783
1.173099
1.173413
1.173725
1.174035
1.174344
1.174651
1.174956
1.175260
1.175562
1.175862
1.176160
1.176457
1.176752
1.177045
1.177336
1.177626
1.177914
1.178200
1.178484
1.178767
1.179048
1.179327
1.179604
1.179880
1.180153
1.180425
1.180696
1.180964
1.181231
1.181496
1.181759
1.182020
1.182279
1.182537
1.182793
1.183047
1.183299
1.183550
1.183798
1.184045
1.184290
1.184533
1.184775
1.185014
1.185252
1.185488
1.185722
1.185954
1.186185
1.186413
1.186640
1.186865
1.187088
1.187309
1.187528
1.187746
1.187961
1.188175
1.188387
1.188597
1.188805
1.189012
1.189216
1.189419
1.189619
1.189818
1.190015
1.190210
1.190404
1.190595
1.190784
1.190972
1.191158
1.191341
1.191523
1.191703
1.191882
1.192058
1.192232
1.192405
1.192575
1.192744
1.192911
1.193076
1.193238
1.193399
1.193559
1.193716
1.193871
1.194025
1.194176
1.194326
1.194473
1.194619
1.194763
1.194905
1.195045
1.195183
1.195319
1.195453
1.195585
1.195716
1.195844
1.195970
1.196095
1.196217
1.196338
1.196457
1.196574
1.196688
1.196801
1.196912
1.197021
1.197128
1.197234
1.197337
1.197438
1.197537
1.197634
1.197730
1.197823
1.197915
1.198004
1.198092
1.198177
1.198261
1.198343
1.198423
1.198500
1.198576
1.198650
1.198722
1.198792
1.198860
1.198926
1.198990
1.199052
1.199112
1.199170
1.199226
1.199281
1.199333
1.199383
1.199432
1.199478
1.199522
1.199565
1.199605
1.199644
1.199680
1.199715
1.199747
1.199778
1.199806
1.199833
1.199858
1.199880
1.199901
1.199920
1.199937
1.199952
1.199964
1.199975
1.199984
1.199991
1.199996
1.199999
1.200000
1.199999
1.199996
1.199991
1.199984
1.199975
1.199965
1.199952
1.199937
1.199920
1.199901
1.199881
1.199858
1.199833
1.199807
1.199778
1.199748
1.199715
1.199680
1.199644
1.199606
1.199565
1.199523
1.199478
1.199432
1.199384
1.199333
1.199281
1.199227
1.199171
1.199113
1.199053
1.198991
1.198926
1.198860
1.198793
1.198723
1.198651
1.198577
1.198501
1.198423
1.198344
1.198262
1.198178
1.198093
1.198005
1.197916
1.197824
1.197731
1.197635
1.197538
1.197439
1.197338
1.197235
1.197129
1.197022
1.196913
1.196802
1.196690
1.196575
1.196458
1.196339
1.196219
1.196096
1.195972
1.195845
1.195717
1.195587
1.195454
1.195320
1.195184
1.195046
1.194906
1.194764
1.194620
1.194475
1.194327
1.194178
1.194026
1.193873
1.193717
1.193560
1.193401
1.193240
1.193077
1.192912
1.192746
1.192577
1.192406
1.192234
1.192060
1.191883
1.191705
1.191525
1.191343
1.191160
1.190974
1.190786
1.190597
1.190406
1.190212
1.190017
1.189820
1.189621
1.189421
1.189218
1.189014
1.188807
1.188599
1.188389
1.188177
1.187963
1.187748
1.187530
1.187311
1.187090
1.186867
1.186642
1.186415
1.186187
1.185956
1.185724
1.185490
1.185254
1.185017
1.184777
1.184536
1.184293
1.184048
1.183801
1.183552
1.183302
1.183050
1.182795
1.182540
1.182282
1.182023
1.181761
1.181498
1.181233
1.180967
1.180698
1.180428
1.180156
1.179882
1.179607
1.179330
1.179051
1.178770
1.178487
1.178203
1.177917
1.177629
1.177339
1.177048
1.176755
1.176460
1.176163
1.175865
1.175565
1.175263
1.174959
1.174654
1.174347
1.174038
1.173728
1.173416
1.173102
1.172786
1.172469
1.172150
1.171829
1.171507
1.171183
1.170857
1.170530
1.170201
1.169870
1.169537
1.169203
1.168867
1.168530
1.168191
1.167850
1.167507
1.167163
1.166817
1.166470
1.166121
1.165770
1.165418
1.165064
1.164708
1.164351
1.163992
1.163632
1.163270
1.162906
1.162541
1.162174
1.161805
1.161435
1.161064
1.160690
1.160315
1.159939
1.159561
1.159181
1.158800
1.158417
1.158033
1.157647
1.157260
1.156871
1.156480
1.156088
1.155695
1.155299
1.154903
1.154504
1.154105
1.153703
1.153301
1.152896
1.152491
1.152083
1.151675
1.151264
1.150852
1.150439
1.150024
1.149608
1.149190
1.148771
1.148351
1.147928
1.147505
1.147080
1.146653
1.146225
1.145796
1.145365
1.144933
1.144499
1.144064
1.143628
1.143190
1.142750
1.142309
1.141867
1.141424
1.140979
1.140532
1.140085
1.139635
1.139185
1.138733
1.138280
1.137825
1.137369
1.136912
1.136453
1.135993
1.135532
1.135069
1.134605
1.134140
1.133673
1.133205
1.132736
1.132265
1.131793
1.131320
1.130845
1.130369
1.129892
1.129414
1.128934
1.128453
1.127971
1.127487
1.127003
1.126517
1.126029
1.125541
1.125051
1.124560
1.124068
1.123575
1.123080
1.122584
1.122087
1.121589
1.121089
1.120589
1.120087
1.119584
1.119079
1.118574
1.118067
1.117560
1.117051
1.116541
1.116030
1.115517
1.115004
1.114489
1.113973
1.113457
1.112939
1.112419
1.111899
1.111378
1.110855
1.110332
1.109807
1.109282
1.108755
1.108227
1.107698
1.107168
1.106637
1.106105
1.105572
1.105038
1.104503
1.103966
1.103429
1.102891
1.102351
1.101811
1.101270
1.100728
1.100184
1.099640
1.099095
1.098548
1.098001
1.097453
1.096904
1.096354
1.095803
1.095251
1.094698
1.094144
1.093589
1.093033
1.092477
1.091919
1.091360
1.090801
1.090241
1.089680
1.089118
1.088555
1.087991
1.087426
1.086861
1.086294
1.085727
1.085159
1.084590
1.084020
1.083450
1.082878
1.082306
1.081733
1.081159
1.080584
1.080009
1.079433
1.078856
1.078278
1.077699
1.077120
1.076540
1.075959
1.075377
1.074795
1.074212
1.073628
1.073044
1.072458
1.071872
1.071286
1.070698
1.070110
1.069521
1.068932
1.068342
1.067751
1.067159
1.066567
1.065974
1.065381
1.064787
1.064192
1.063597
1.063001
1.062404
1.061807
1.061209
1.060610
1.060011
1.059412
1.058811
1.058210
1.057609
1.057007
1.056405
1.055801
1.055198
1.054594
1.053989
1.053384
1.052778
1.052172
1.051565
1.050957
1.050350
1.049741
1.049132
1.048523
1.047913
1.047303
1.046692
1.046081
1.045470
1.044857
1.044245
1.043632
1.043019
1.042405
1.041791
1.041176
1.040561
1.039945
1.039329
1.038713
1.038097
1.037480
1.036862
1.036245
1.035626
1.035008
1.034389
1.033770
1.033151
1.032531
1.031911
1.031290
1.030670
1.030049
1.029427
1.028806
1.028184
1.027561
1.026939
1.026316
1.025693
1.025070
1.024447
1.023823
1.023199
1.022575
1.021950
1.021326
1.020701
1.020076
1.019451
1.018825
1.018199
1.017574
1.016948
1.016322
1.015695
1.015069
1.014442
1.013815
1.013189
1.012562
1.011934
1.011307
1.010680
1.010052
1.009425
1.008797
1.008169
1.007541
1.006914
1.006286
1.005658
1.005029
1.004401
1.003773
1.003145
1.002517
1.001888
1.001260
1.000632
1.000003
0.999375
0.998747
0.998119
0.997490
0.996862
0.996234
0.995606
0.994977
0.994349
0.993721
0.993093
0.992465
0.991838
0.991210
0.990582
0.989955
0.989327
0.988700
0.988072
0.987445
0.986818
0.986191
0.985565
0.984938
0.984312
0.983685
0.983059
0.982433
0.981807
0.981182
0.980556
0.979931
0.979306
0.978681
0.978057
0.977432
0.976808
0.976184
0.975560
0.974937
0.974314
0.973691
0.973068
0.972445
0.971823
0.971201
0.970580
0.969958
0.969337
0.968717
0.968096
0.967476
0.966856
0.966237
0.965618
0.964999
0.964380
0.963762
0.963145
0.962527
0.961910
0.961294
0.960677
0.960061
0.959446
0.958831
0.958216
0.957602
0.956988
0.956375
0.955762
0.955149
0.954537
0.953926
0.953314
0.952704
0.952093
0.951484
0.950874
0.950265
0.949657
0.949049
0.948442
0.947835
0.947229
0.946623
0.946018
0.945413
0.944809
0.944205
0.943602
0.943000
0.942398
0.941796
0.941195
0.940595
0.939995
0.939396
0.938798
0.938200
0.937603
0.937006
0.936410
0.935815
0.935220
0.934626
0.934032
0.933439
0.932847
0.932256
0.931665
0.931075
0.930485
0.929896
0.929308
0.928721
0.928134
0.927548
0.926963
0.926378
0.925795
0.925211
0.924629
0.924047
0.923467
0.922886
0.922307
0.921729
0.921151
0.920574
0.919997
0.919422
0.918847
0.918273
0.917700
0.917128
0.916557
0.915986
0.915416
0.914847
0.914279
0.913712
0.913146
0.912580
0.912015
0.911452
0.910889
0.910327
0.909765
0.909205
0.908646
0.908087
0.907530
0.906973
0.906417
0.905862
0.905308
0.904755
0.904203
0.903652
0.903102
0.902553
0.902005
0.901458
0.900911
0.900366
0.899822
0.899278
0.898736
0.898195
0.897654
0.897115
0.896577
0.896040
0.895503
0.894968
0.894434
0.893901
0.893369
0.892838
0.892308
0.891779
0.891251
0.890724
0.890198
0.889674
0.889150
0.888628
0.888106
0.887586
0.887067
0.886549
0.886032
0.885516
0.885002
0.884488
0.883976
0.883465
0.882955
0.882446
0.881938
0.881432
0.880926
0.880422
0.879919
0.879417
0.878916
0.878417
0.877918
0.877421
0.876926
0.876431
0.875937
0.875445
0.874954
0.874465
0.873976
0.873489
0.873003
0.872518
0.872034
0.871552
0.871071
0.870592
0.870113
0.869636
0.869160
0.868686
0.868212
0.867740
0.867270
0.866800
0.866332
0.865866
0.865400
0.864936
0.864473
0.864012
0.863552
0.863093
0.862636
0.862180
0.861725
0.861272
0.860820
0.860369
0.859920
0.859473
0.859026
0.858581
0.858138
0.857695
0.857255
0.856815
0.856377
0.855941
0.855506
0.855072
0.854640
0.854209
0.853779
0.853351
0.852925
0.852500
0.852076
0.851654
0.851233
0.850814
0.850396
0.849980
0.849565
0.849152
0.848740
0.848330
0.847921
0.847514
0.847108
0.846704
0.846301
0.845900
0.845500
0.845102
0.844705
0.844310
0.843916
0.843524
0.843134
0.842745
0.842357
0.841971
0.841587
0.841204
0.840823
0.840443
0.840065
0.839689
0.839314
0.838941
0.838569
0.838199
0.837830
0.837463
0.837098
0.836734
0.836372
0.836012
0.835653
0.835296
0.834940
0.834586
0.834234
0.833883
0.833534
0.833186
0.832841
0.832496
0.832154
0.831813
0.831474
0.831136
0.830801
0.830466
0.830134
0.829803
0.829474
0.829146
0.828821
0.828497
0.828174
0.827853
0.827534
0.827217
0.826902
0.826588
0.826275
0.825965
0.825656
0.825349
0.825044
0.824740
0.824439
0.824138
0.823840
0.823543
0.823249
0.822955
0.822664
0.822374
0.822086
0.821800
0.821516
0.821233
0.820952
0.820673
0.820396
0.820121
0.819847
0.819575
0.819305
0.819036
0.818769
0.818505
0.818242
0.817980
0.817721
0.817463
0.817207
0.816953
0.816701
0.816451
0.816202
0.815955
0.815710
0.815467
0.815225
0.814986
0.814748
0.814512
0.814278
0.814046
0.813816
0.813587
0.813360
0.813136
0.812912
0.812691
0.812472
0.812254
0.812039
0.811825
0.811613
0.811403
0.811195
0.810989
0.810784
0.810582
0.810381
0.810182
0.809985
0.809790
0.809597
0.809405
0.809216
0.809028
0.808842
0.808659
0.808477
0.808297
0.808119
0.807942
0.807768
0.807595
0.807425
0.807256
0.807089
0.806925
0.806762
0.806601
0.806442
0.806284
0.806129
0.805976
0.805824
0.805675
0.805527
0.805381
0.805237
0.805095
0.804955
0.804817
0.804681
0.804547
0.804415
0.804285
0.804156
0.804030
0.803905
0.803783
0.803662
0.803543
0.803426
0.803312
0.803199
0.803088
0.802979
0.802872
0.802767
0.802663
0.802562
0.802463
0.802366
0.802270
0.802177
0.802085
0.801996
0.801908
0.801823
0.801739
0.801657
0.801578
0.801500
0.801424
0.801350
0.801278
0.801208
0.801140
0.801074
0.801010
0.800948
0.800888
0.800830
0.800774
0.800719
0.800667
0.800617
0.800568
0.800522
0.800478
0.800435
0.800395
0.800356
0.800320
0.800285
0.800253
0.800222
0.800194
0.800167
0.800142
0.800120
0.800099
0.800080
0.800063
0.800048
0.800036
0.800025
0.800016
0.800009
0.800004
0.800001
0.800000
0.800001
0.800004
0.800009
0.800016
0.800025
0.800035
0.800048
0.800063
0.800080
0.800099
0.800119
0.800142
0.800167
0.800193
0.800222
0.800252
0.800285
0.800319
0.800356
0.800394
0.800435
0.800477
0.800522
0.800568
0.800616
0.800667
0.800719
0.800773
0.800829
0.800887
0.800947
0.801009
0.801073
0.801139
0.801207
0.801277
0.801349
0.801423
0.801499
0.801577
0.801656
0.801738
0.801822
0.801907
0.801995
0.802084
0.802176
0.802269
0.802364
0.802462
0.802561
0.802662
0.802765
0.802870
0.802977
0.803086
0.803197
0.803310
0.803425
0.803542
0.803661
0.803781
0.803904
0.804028
0.804155
0.804283
0.804413
0.804546
0.804680
0.804816
0.804954
0.805094
0.805236
0.805379
0.805525
0.805673
0.805822
0.805974
0.806127
0.806282
0.806440
0.806599
0.806760
0.806923
0.807088
0.807254
0.807423
0.807593
0.807766
0.807940
0.808116
0.808295
0.808475
0.808656
0.808840
0.809026
0.809214
0.809403
0.809594
0.809788
0.809983
0.810180
0.810378
0.810579
0.810782
0.810986
0.811192
0.811401
0.811611
0.811823
0.812036
0.812252
0.812469
0.812689
0.812910
0.813133
0.813358
0.813584
0.813813
0.814043
0.814276
0.814510
0.814745
0.814983
0.815223
0.815464
0.815707
0.815952
0.816199
0.816448
0.816698
0.816950
0.817204
0.817460
0.817718
0.817977
0.818238
0.818502
0.818766
0.819033
0.819301
0.819572
0.819844
0.820117
0.820393
0.820670
0.820949
0.821230
0.821513
0.821797
0.822083
0.822371
0.822661
0.822952
0.823245
0.823540
0.823837
0.824135
0.824435
0.824737
0.825040
0.825346
0.825653
0.825961
0.826272
0.826584
0.826898
0.827213
0.827531
0.827850
0.828170
0.828493
0.828817
0.829143
0.829470
0.829799
0.830130
0.830462
0.830797
0.831132
0.831470
0.831809
0.832150
0.832492
0.832836
0.833182
0.833530
0.833879
0.834229
0.834582
0.834936
0.835291
0.835649
0.836007
0.836368
0.836730
0.837094
0.837459
0.837826
0.838194
0.838564
0.838936
0.839309
0.839684
0.840061
0.840439
0.840818
0.841200
0.841582
0.841967
0.842353
0.842740
0.843129
0.843519
0.843912
0.844305
0.844700
0.845097
0.845495
0.845895
0.846296
0.846699
0.847103
0.847509
0.847916
0.848325
0.848735
0.849147
0.849560
0.849975
0.850391
0.850809
0.851228
0.851649
0.852071
0.852495
0.852920
0.853346
0.853774
0.854204
0.854634
0.855067
0.855500
0.855936
0.856372
0.856810
0.857249
0.857690
0.858132
0.858576
0.859021
0.859467
0.859915
0.860364
0.860815
0.861267
0.861720
0.862174
0.862630
0.863088
0.863546
0.864006
0.864468
0.864931
0.865395
0.865860
0.866327
0.866795
0.867264
0.867735
0.868207
0.868680
0.869154
0.869630
0.870107
0.870586
0.871066
0.871547
0.872029
0.872512
0.872997
0.873483
0.873970
0.874459
0.874948
0.875439
0.875932
0.876425
0.876920
0.877416
0.877913
0.878411
0.878910
0.879411
0.879913
0.880416
0.880920
0.881426
0.881932
0.882440
0.882949
0.883459
0.883970
0.884482
0.884996
0.885510
0.886026
0.886543
0.887061
0.887580
0.888100
0.888622
0.889144
0.889668
0.890192
0.890718
0.891245
0.891772
0.892301
0.892831
0.893362
0.893894
0.894428
0.894962
0.895497
0.896033
0.896570
0.897109
0.897648
0.898188
0.898730
0.899272
0.899815
0.900360
0.900905
0.901451
0.901998
0.902547
0.903096
0.903646
0.904197
0.904749
0.905302
0.905856
0.906411
0.906966
0.907523
0.908081
0.908639
0.909198
0.909759
0.910320
0.910882
0.911445
0.912009
0.912573
0.913139
0.913705
0.914273
0.914841
0.915410
0.915979
0.916550
0.917121
0.917694
0.918267
0.918840
0.919415
0.919991
0.920567
0.921144
0.921722
0.922300
0.922880
0.923460
0.924041
0.924622
0.925205
0.925788
0.926371
0.926956
0.927541
0.928127
0.928714
0.929301
0.929889
0.930478
0.931068
0.931658
0.932249
0.932840
0.933432
0.934025
0.934619
0.935213
0.935808
0.936403
0.936999
0.937596
0.938193
0.938791
0.939389
0.939988
0.940588
0.941188
0.941789
0.942390
0.942992
0.943595
0.944198
0.944802
0.945406
0.946011
0.946616
0.947222
0.947828
0.948435
0.949042
0.949650
0.950258
0.950867
0.951476
0.952086
0.952696
0.953307
0.953918
0.954530
0.955142
0.955755
0.956368
0.956981
0.957595
0.958209
0.958824
0.959439
0.960054
0.960670
0.961286
0.961903
0.962520
0.963137
0.963755
0.964373
0.964991
0.965610
0.966229
0.966849
0.967469
0.968089
0.968709
0.969330
0.969951
0.970572
0.971194
0.971816
0.972438
0.973060
0.973683
0.974306
0.974929
0.975553
0.976177
0.976801
0.977425
0.978049
0.978674
0.979299
0.979924
0.980549
0.981174
0.981800
0.982426
0.983052
0.983678
0.984304
0.984931
0.985557
0.986184
0.986811
0.987438
0.988065
0.988692
0.989320
0.989947
0.990575
0.991202
0.991830
0.992458
0.993086
0.993714
0.994342
0.994970
0.995598
0.996226
0.996855
0.997483
0.998111
0.998739
0.999368
0.999996
1.000624
1.001253
1.001881
1.002509
1.003137
1.003766
1.004394
1.005022
1.005650
1.006278
1.006906
1.007534
1.008162
1.008790
1.009417
1.010045
1.010672
1.011300
1.011927
1.012554
1.013181
1.013808
1.014435
1.015061
1.015688
1.016314
1.016940
1.017566
1.018192
1.018818
1.019443
1.020068
1.020693
1.021318
1.021943
1.022567
1.023191
1.023815
1.024439
1.025063
1.025686
1.026309
1.026932
1.027554
1.028176
1.028798
1.029420
1.030041
1.030662
1.031283
1.031903
1.032523
1.033143
1.033763
1.034382
1.035001
1.035619
1.036237
1.036855
1.037472
1.038089
1.038706
1.039322
1.039938
1.040554
1.041169
1.041783
1.042397
1.043011
1.043625
1.044238
1.044850
1.045462
1.046074
1.046685
1.047296
1.047906
1.048516
1.049125
1.049734
1.050342
1.050950
1.051558
1.052164
1.052771
1.053377
1.053982
1.054587
1.055191
1.055794
1.056397
1.057000
1.057602
1.058203
1.058804
1.059404
1.060004
1.060603
1.061202
1.061800
1.062397
1.062993
1.063590
1.064185
1.064780
1.065374
1.065967
1.066560
1.067152
1.067744
1.068335
1.068925
1.069514
1.070103
1.070691
1.071279
1.071865
1.072451
1.073037
1.073621
1.074205
1.074788
1.075370
1.075952
1.076533
1.077113
1.077692
1.078271
1.078849
1.079426
1.080002
1.080578
1.081152
1.081726
1.082299
1.082871
1.083443
1.084013
1.084583
1.085152
1.085720
1.086288
1.086854
1.087420
1.087984
1.088548
1.089111
1.089673
1.090234
1.090794
1.091354
1.091912
1.092470
1.093027
1.093582
1.094137
1.094691
1.095244
1.095796
1.096347
1.096897
1.097446
1.097995
1.098542
1.099088
1.099633
1.100178
1.100721
1.101263
1.101805
1.102345
1.102884
1.103423
1.103960
1.104496
1.105031
1.105566
1.106099
1.106631
1.107162
1.107692
1.108221
1.108749
1.109275
1.109801
1.110326
1.110849
1.111372
1.111893
1.112413
1.112932
1.113450
1.113967
1.114483
1.114998
1.115511
1.116024
1.116535
1.117045
1.117554
1.118061
1.118568
1.119073
1.119578
1.120081
1.120583
1.121083
1.121583
1.122081
1.122578
1.123074
1.123569
1.124062
1.124554
1.125045
1.125535
1.126024
1.126511
1.126997
1.127482
1.127965
1.128447
1.128928
1.129408
1.129886
1.130364
1.130839
1.131314
1.131787
1.132259
1.132730
1.133199
1.133667
1.134134
1.134599
1.135064
1.135526
1.135988
1.136448
1.136906
1.137364
1.137820
1.138274
1.138728
1.139180
1.139630
1.140079
1.140527
1.140973
1.141418
1.141862
1.142304
1.142745
1.143184
1.143622
1.144059
1.144494
1.144928
1.145360
1.145791
1.146220
1.146648
1.147075
1.147500
1.147923
1.148346
1.148766
1.149185
1.149603
1.150019
1.150434
1.150848
1.151259
1.151670
1.152079
1.152486
1.152892
1.153296
1.153699
1.154100
1.154500
1.154898
1.155295
1.155690
1.156083
1.156476
1.156866
1.157255
1.157643
1.158028
1.158413
1.158796
1.159177
1.159556
1.159934
1.160311
1.160686
1.161059
1.161431
1.161801
1.162169
1.162536
1.162902
1.163265
1.163628
1.163988
1.164347
1.164704
1.165060
1.165414
1.165766
1.166117
1.166466
1.166813
1.167159
1.167503
1.167846
1.168187
1.168526
1.168863
1.169199
1.169533
1.169866
1.170197
1.170526
1.170853
1.171179
1.171503
1.171826
1.172146
1.172465
1.172783
1.173098
1.173412
1.173724
1.174035
1.174343
1.174650
1.174956
1.175259
1.175561
1.175861
1.176160
1.176456
1.176751
1.177044
1.177336
1.177625
1.177913
1.178199
1.178484
1.178766
1.179047
1.179326
1.179604
1.179879
1.180153
1.180425
1.180695
1.180964
1.181230
1.181495
1.181758
1.182019
1.182279
1.182537
1.182792
1.183047
1.183299
1.183549
1.183798
1.184045
1.184290
1.184533
1.184774
1.185014
1.185252
1.185487
1.185722
1.185954
1.186184
1.186413
1.186639
1.186864
1.187087
1.187309
1.187528
1.187745
1.187961
1.188175
1.188387
1.188597
1.188805
1.189011
1.189216
1.189418
1.189619
1.189818
1.190015
1.190210
1.190403
1.190595
1.190784
1.190972
1.191157
1.191341
1.191523
1.191703
1.191881
1.192058
1.192232
1.192404
1.192575
1.192744
1.192910
1.193075
1.193238
1.193399
1.193558
1.193716
1.193871
1.194024
1.194176
1.194325
1.194473
1.194619
1.194763
1.194904
1.195044
1.195182
1.195319
1.195453
1.195585
1.195715
1.195844
1.195970
1.196095
1.196217
1.196338
1.196457
1.196573
1.196688
1.196801
1.196912
1.197021
1.197128
1.197233
1.197337
1.197438
1.197537
1.197634
1.197730
1.197823
1.197915
1.198004
1.198092
1.198177
1.198261
1.198343
1.198422
1.198500
1.198576
1.198650
1.198722
1.198792
1.198860
1.198926
1.198990
1.199052
1.199112
1.199170
1.199226
1.199281
1.199333
1.199383
1.199431
1.199478
1.199522
1.199565
1.199605
1.199644
1.199680
1.199715
1.199747
1.199778
1.199806
1.199833
1.199858
1.199880
1.199901
1.199920
1.199937
1.199952
1.199964
1.199975
1.199984
1.199991
1.199996
1.199999
1.200000
1.199999
1.199996
1.199991
1.199984
1.199975
1.199965
1.199952
1.199937
1.199920
1.199901
1.199881
1.199858
1.199833
1.199807
1.199778
1.199748
1.199715
1.199681
1.199644
1.199606
1.199565
1.199523
1.199478
1.199432
1.199384
1.199334
1.199281
1.199227
1.199171
1.199113
1.199053
1.198991
1.198927
1.198861
1.198793
1.198723
1.198651
1.198577
1.198501
1.198423
1.198344
1.198262
1.198178
1.198093
1.198005
1.197916
1.197824
1.197731
1.197636
1.197538
1.197439
1.197338
1.197235
1.197130
1.197023
1.196914
1.196803
1.196690
1.196575
1.196458
1.196340
1.196219
1.196096
1.195972
1.195845
1.195717
1.195587
1.195455
1.195320
1.195184
1.195046
1.194906
1.194764
1.194621
1.194475
1.194327
1.194178
1.194026
1.193873
1.193718
1.193560
1.193401
1.193240
1.193077
1.192913
1.192746
1.192577
1.192407
1.192234
1.192060
1.191884
1.191706
1.191526
1.191344
1.191160
1.190974
1.190787
1.190597
1.190406
1.190213
1.190018
1.189821
1.189622
1.189421
1.189218
1.189014
1.188808
1.188600
1.188390
1.188178
1.187964
1.187748
1.187531
1.187311
1.187090
1.186867
1.186642
1.186416
1.186187
1.185957
1.185725
1.185491
1.185255
1.185017
1.184778
1.184536
1.184293
1.184048
1.183801
1.183553
1.183302
1.183050
1.182796
1.182540
1.182282
1.182023
1.181762
1.181499
1.181234
1.180967
1.180699
1.180429
1.180157
1.179883
1.179607
1.179330
1.179051
1.178770
1.178488
1.178203
1.177917
1.177629
1.177340
1.177048
1.176755
1.176460
1.176164
1.175865
1.175565
1.175263
1.174960
1.174655
1.174348
1.174039
1.173728
1.173416
1.173102
1.172787
1.172470
1.172151
1.171830
1.171508
1.171183
1.170858
1.170530
1.170201
1.169870
1.169538
1.169204
1.168868
1.168530
1.168191
1.167850
1.167508
1.167164
1.166818
1.166471
1.166122
1.165771
1.165419
1.165065
1.164709
1.164352
1.163993
1.163632
1.163270
1.162907
1.162541
1.162174
1.161806
1.161436
1.161064
1.160691
1.160316
1.159940
1.159562
1.159182
1.158801
1.158418
1.158034
1.157648
1.157260
1.156871
1.156481
1.156089
1.155695
1.155300
1.154903
1.154505
1.154105
1.153704
1.153301
1.152897
1.152491
1.152084
1.151675
1.151265
1.150853
1.150440
1.150025
1.149609
1.149191
1.148772
1.148351
1.147929
1.147506
1.147081
1.146654
1.146226
1.145797
1.145366
1.144934
1.144500
1.144065
1.143628
1.143190
1.142751
1.142310
1.141868
1.141424
1.140979
1.140533
1.140085
1.139636
1.139186
1.138734
1.138281
1.137826
1.137370
1.136913
1.136454
1.135994
1.135533
1.135070
1.134606
1.134140
1.133674
1.133206
1.132736
1.132266
1.131794
1.131320
1.130846
1.130370
1.129893
1.129415
1.128935
1.128454
1.127972
1.127488
1.127003
1.126517
1.126030
1.125542
1.125052
1.124561
1.124069
1.123575
1.123081
1.122585
1.122088
1.121590
1.121090
1.120589
1.120088
1.119585
1.119080
1.118575
1.118068
1.117561
1.117052
1.116542
1.116030
1.115518
1.115005
1.114490
1.113974
1.113457
1.112939
1.112420
1.111900
1.111379
1.110856
1.110333
1.109808
1.109283
1.108756
1.108228
1.107699
1.107169
1.106638
1.106106
1.105573
1.105039
1.104503
1.103967
1.103430
1.102892
1.102352
1.101812
1.101271
1.100728
1.100185
1.099641
1.099096
1.098549
1.098002
1.097454
1.096905
1.096355
1.095804
1.095252
1.094699
1.094145
1.093590
1.093034
1.092477
1.091920
1.091361
1.090802
1.090242
1.089681
1.089119
1.088556
1.087992
1.087427
1.086862
1.086295
1.085728
1.085160
1.084591
1.084021
1.083451
1.082879
1.082307
1.081734
1.081160
1.080585
1.080010
1.079434
1.078857
1.078279
1.077700
1.077121
1.076541
1.075960
1.075378
1.074796
1.074213
1.073629
1.073044
1.072459
1.071873
1.071287
1.070699
1.070111
1.069522
1.068933
1.068343
1.067752
1.067160
1.066568
1.065975
1.065382
1.064788
1.064193
1.063598
1.063002
1.062405
1.061808
1.061210
1.060611
1.060012
1.059413
1.058812
1.058212
1.057610
1.057008
1.056406
1.055803
1.055199
1.054595
1.053990
1.053385
1.052779
1.052173
1.051566
1.050958
1.050351
1.049742
1.049133
1.048524
1.047914
1.047304
1.046693
1.046082
1.045471
1.044859
1.044246
1.043633
1.043020
1.042406
1.041792
1.041177
1.040562
1.039946
1.039331
1.038714
1.038098
1.037481
1.036863
1.036246
1.035627
1.035009
1.034390
1.033771
1.033152
1.032532
1.031912
1.031291
1.030671
1.030050
1.029428
1.028807
1.028185
1.027563
1.026940
1.026317
1.025694
1.025071
1.024448
1.023824
1.023200
1.022576
1.021951
1.021327
1.020702
1.020077
1.019452
1.018826
1.018201
1.017575
1.016949
1.016323
1.015696
1.015070
1.014443
1.013816
1.013190
1.012563
1.011935
1.011308
1.010681
1.010053
1.009426
1.008798
1.008170
1.007543
1.006915
1.006287
1.005659
1.005031
1.004402
1.003774
1.003146
1.002518
1.001889
1.001261
1.000633
1.000005
0.999376
0.998748
0.998120
0.997491
0.996863
0.996235
0.995607
0.994978
0.994350
0.993722
0.993094
0.992466
0.991839
0.991211
0.990583
0.989956
0.989328
0.988701
0.988074
0.987446
0.986819
0.986193
0.985566
0.984939
0.984313
0.983686
0.983060
0.982434
0.981808
0.981183
0.980557
0.979932
0.979307
0.978682
0.978058
0.977433
0.976809
0.976185
0.975561
0.974938
0.974315
0.973692
0.973069
0.972446
0.971824
0.971202
0.970581
0.969959
0.969338
0.968718
0.968097
0.967477
0.966857
0.966238
0.965619
0.965000
0.964381
0.963763
0.963146
0.962528
0.961911
0.961295
0.960678
0.960062
0.959447
0.958832
0.958217
0.957603
0.956989
0.956376
0.955763
0.955150
0.954538
0.953927
0.953315
0.952705
0.952094
0.951485
0.950875
0.950266
0.949658
0.949050
0.948443
0.947836
0.947230
0.946624
0.946019
0.945414
0.944810
0.944206
0.943603
0.943001
0.942399
0.941797
0.941196
0.940596
0.939996
0.939397
0.938799
0.938201
0.937604
0.937007
0.936411
0.935816
0.935221
0.934627
0.934033
0.933440
0.932848
0.932257
0.931666
0.931076
0.930486
0.929897
0.929309
0.928722
0.928135
0.927549
0.926964
0.926379
0.925796
0.925212
0.924630
0.924048
0.923468
0.922887
0.922308
0.921729
0.921152
0.920575
0.919998
0.919423
0.918848
0.918274
0.917701
0.917129
0.916558
0.915987
0.915417
0.914848
0.914280
0.913713
0.913147
0.912581
0.912016
0.911452
0.910890
0.910327
0.909766
0.909206
0.908647
0.908088
0.907531
0.906974
0.906418
0.905863
0.905309
0.904756
0.904204
0.903653
0.903103
0.902554
0.902006
0.901459
0.900912
0.900367
0.899823
0.899279
0.898737
0.898196
0.897655
0.897116
0.896578
0.896040
0.895504
0.894969
0.894435
0.893902
0.893370
0.892839
0.892309
0.891780
0.891252
0.890725
0.890199
0.889675
0.889151
0.888629
0.888107
0.887587
0.887068
0.886550
0.886033
0.885517
0.885003
0.884489
0.883977
0.883466
0.882956
0.882447
0.881939
0.881432
0.880927
0.880423
0.879920
0.879418
0.878917
0.878418
0.877919
0.877422
0.876926
0.876432
0.875938
0.875446
0.874955
0.874465
0.873977
0.873490
0.873004
0.872519
0.872035
0.871553
0.871072
0.870592
0.870114
0.869637
0.869161
0.868686
0.868213
0.867741
0.867270
0.866801
0.866333
0.865866
0.865401
0.864937
0.864474
0.864013
0.863553
0.863094
0.862637
0.862181
0.861726
0.861273
0.860821
0.860370
0.859921
0.859473
0.859027
0.858582
0.858138
0.857696
0.857255
0.856816
0.856378
0.855941
0.855506
0.855073
0.854640
0.854209
0.853780
0.853352
0.852926
0.852501
0.852077
0.851655
0.851234
0.850815
0.850397
0.849981
0.849566
0.849153
0.848741
0.848331
0.847922
0.847515
0.847109
0.846704
0.846302
0.845900
0.845501
0.845102
0.844706
0.844310
0.843917
0.843525
0.843134
0.842745
0.842358
0.841972
0.841588
0.841205
0.840824
0.840444
0.840066
0.839689
0.839314
0.838941
0.838569
0.838199
0.837831
0.837464
0.837099
0.836735
0.836373
0.836012
0.835653
0.835296
0.834941
0.834587
0.834234
0.833883
0.833534
0.833187
0.832841
0.832497
0.832154
0.831814
0.831474
0.831137
0.830801
0.830467
0.830134
0.829804
0.829474
0.829147
0.828821
0.828497
0.828175
0.827854
0.827535
0.827218
0.826902
0.826588
0.826276
0.825966
0.825657
0.825350
0.825044
0.824741
0.824439
0.824139
0.823841
0.823544
0.823249
0.822956
0.822665
0.822375
0.822087
0.821801
0.821516
0.821234
0.820953
0.820674
0.820397
0.820121
0.819847
0.819575
0.819305
0.819037
0.818770
0.818505
0.818242
0.817981
0.817721
0.817464
0.817208
0.816954
0.816701
0.816451
0.816202
0.815955
0.815710
0.815467
0.815226
0.814986
0.814749
0.814513
0.814279
0.814046
0.813816
0.813587
0.813361
0.813136
0.812913
0.812692
0.812472
0.812255
0.812039
0.811825
0.811614
0.811403
0.811195
0.810989
0.810784
0.810582
0.810381
0.810182
0.809985
0.809790
0.809597
0.809406
0.809216
0.809028
0.808843
0.808659
0.808477
0.808297
0.808119
0.807943
0.807768
0.807596
0.807425
0.807257
0.807090
0.806925
0.806762
0.806601
0.806442
0.806285
0.806129
0.805976
0.805824
0.805675
0.805527
0.805381
0.805238
0.805096
0.804956
0.804818
0.804682
0.804547
0.804415
0.804285
0.804156
0.804030
0.803905
0.803783
0.803662
0.803543
0.803427
0.803312
0.803199
0.803088
0.802979
0.802872
0.802767
0.802664
0.802562
0.802463
0.802366
0.802270
0.802177
0.802085
0.801996
0.801908
0.801823
0.801739
0.801657
0.801578
0.801500
0.801424
0.801350
0.801278
0.801208
0.801140
0.801074
0.801010
0.800948
0.800888
0.800830
0.800774
0.800719
0.800667
0.800617
0.800569
0.800522
0.800478
0.800435
0.800395
0.800356
0.800320
0.800285
0.800253
0.800222
0.800194
0.800167
0.800142
0.800120
0.800099
0.800080
0.800063
0.800048
0.800036
0.800025
0.800016
0.800009
0.800004
0.800001
0.800000
0.800001
0.800004
0.800009
0.800016
0.800025
0.800035
0.800048
0.800063
0.800080
0.800099
0.800119
0.800142
0.800167
0.800193
0.800222
0.800252
0.800285
0.800319
0.800356
0.800394
0.800435
0.800477
0.800522
0.800568
0.800616
0.800666
0.800719
0.800773
0.800829
0.800887
0.800947
0.801009
0.801073
0.801139
0.801207
0.801277
0.801349
0.801423
0.801499
0.801576
0.801656
0.801738
0.801821
0.801907
0.801995
0.802084
0.802176
0.802269
0.802364
0.802462
0.802561
0.802662
0.802765
0.802870
0.802977
0.803086
0.803197
0.803310
0.803425
0.803542
0.803660
0.803781
0.803904
0.804028
0.804154
0.804283
0.804413
0.804545
0.804680
0.804816
0.804954
0.805094
0.805235
0.805379
0.805525
0.805673
0.805822
0.805974
0.806127
0.806282
0.806439
0.806598
0.806759
0.806922
0.807087
0.807254
0.807423
0.807593
0.807766
0.807940
0.808116
0.808294
0.808474
0.808656
0.808840
0.809026
0.809213
0.809403
0.809594
0.809787
0.809982
0.810179
0.810378
0.810579
0.810781
0.810986
0.811192
0.811400
0.811610
0.811822
0.812036
0.812252
0.812469
0.812688
0.812909
0.813132
0.813357
0.813584
0.813813
0.814043
0.814275
0.814509
0.814745
0.814983
0.815222
0.815464
0.815707
0.815952
0.816199
0.816447
0.816698
0.816950
0.817204
0.817460
0.817717
0.817977
0.818238
0.818501
0.818766
0.819033
0.819301
0.819571
0.819843
0.820117
0.820392
0.820670
0.820949
0.821230
0.821512
0.821796
0.822083
0.822370
0.822660
0.822951
0.823245
0.823539
0.823836
0.824134
0.824435
0.824736
0.825040
0.825345
0.825652
0.825961
0.826271
0.826583
0.826897
0.827213
0.827530
0.827849
0.828170
0.828492
0.828816
0.829142
0.829469
0.829799
0.830129
0.830462
0.830796
0.831132
0.831469
0.831808
0.832149
0.832492
0.832836
0.833182
0.833529
0.833878
0.834229
0.834581
0.834935
0.835291
0.835648
0.836007
0.836367
0.836729
0.837093
0.837458
0.837825
0.838194
0.838564
0.838936
0.839309
0.839684
0.840060
0.840438
0.840818
0.841199
0.841582
0.841966
0.842352
0.842739
0.843128
0.843519
0.843911
0.844304
0.844700
0.845096
0.845495
0.845894
0.846295
0.846698
0.847103
0.847508
0.847916
0.848324
0.848735
0.849147
0.849560
0.849975
0.850391
0.850809
0.851228
0.851648
0.852070
0.852494
0.852919
0.853346
0.853774
0.854203
0.854634
0.855066
0.855500
0.855935
0.856371
0.856809
0.857249
0.857689
0.858132
0.858575
0.859020
0.859467
0.859914
0.860363
0.860814
0.861266
0.861719
0.862174
0.862630
0.863087
0.863546
0.864006
0.864467
0.864930
0.865394
0.865859
0.866326
0.866794
0.867263
0.867734
0.868206
0.868679
0.869154
0.869630
0.870107
0.870585
0.871065
0.871546
0.872028
0.872511
0.872996
0.873482
0.873969
0.874458
0.874948
0.875439
0.875931
0.876424
0.876919
0.877415
0.877912
0.878410
0.878909
0.879410
0.879912
0.880415
0.880919
0.881425
0.881931
0.882439
0.882948
0.883458
0.883969
0.884481
0.884995
0.885510
0.886025
0.886542
0.887060
0.887579
0.888099
0.888621
0.889143
0.889667
0.890191
0.890717
0.891244
0.891772
0.892300
0.892830
0.893361
0.893894
0.894427
0.894961
0.895496
0.896032
0.896570
0.897108
0.897647
0.898187
0.898729
0.899271
0.899814
0.900359
0.900904
0.901450
0.901997
0.902546
0.903095
0.903645
0.904196
0.904748
0.905301
0.905855
0.906410
0.906965
0.907522
0.908080
0.908638
0.909197
0.909758
0.910319
0.910881
0.911444
0.912008
0.912572
0.913138
0.913704
0.914272
0.914840
0.915409
0.915978
0.916549
0.917120
0.917693
0.918266
0.918840
0.919414
0.919990
0.920566
0.921143
0.921721
0.922299
0.922879
0.923459
0.924040
0.924621
0.925204
0.925787
0.926370
0.926955
0.927540
0.928126
0.928713
0.929300
0.929888
0.930477
0.931067
0.931657
0.932248
0.932839
0.933431
0.934024
0.934618
0.935212
0.935807
0.936402
0.936998
0.937595
0.938192
0.938790
0.939388
0.939987
0.940587
0.941187
0.941788
0.942389
0.942991
0.943594
0.944197
0.944801
0.945405
0.946010
0.946615
0.947221
0.947827
0.948434
0.949041
0.949649
0.950257
0.950866
0.951475
0.952085
0.952695
0.953306
0.953917
0.954529
0.955141
0.955754
0.956366
0.956980
0.957594
0.958208
0.958823
0.959438
0.960053
0.960669
0.961285
0.961902
0.962519
0.963136
0.963754
0.964372
0.964990
0.965609
0.966228
0.966848
0.967468
0.968088
0.968708
0.969329
0.969950
0.970571
0.971193
0.971815
0.972437
0.973059
0.973682
0.974305
0.974928
0.975552
0.976176
0.976800
0.977424
0.978048
0.978673
0.979298
0.979923
0.980548
0.981173
0.981799
0.982425
0.983051
0.983677
0.984303
0.984930
0.985556
0.986183
0.986810
0.987437
0.988064
0.988691
0.989319
0.989946
0.990574
0.991201
0.991829
0.992457
0.993085
0.993713
0.994341
0.994969
0.995597
0.996225
0.996853
0.997482
0.998110
0.998738
0.999367
0.999995
1.000623
1.001252
1.001880
1.002508
1.003136
1.003765
1.004393
1.005021
1.005649
1.006277
1.006905
1.007533
1.008161
1.008789
1.009416
1.010044
1.010671
1.011299
1.011926
1.012553
1.013180
1.013807
1.014434
1.015060
1.015687
1.016313
1.016939
1.017565
1.018191
1.018817
1.019442
1.020067
1.020692
1.021317
1.021942
1.022566
1.023190
1.023814
1.024438
1.025062
1.025685
1.026308
1.026931
1.027553
1.028175
1.028797
1.029419
1.030040
1.030661
1.031282
1.031902
1.032522
1.033142
1.033762
1.034381
1.035000
1.035618
1.036236
1.036854
1.037471
1.038088
1.038705
1.039321
1.039937
1.040552
1.041168
1.041782
1.042396
1.043010
1.043624
1.044237
1.044849
1.045461
1.046073
1.046684
1.047295
1.047905
1.048515
1.049124
1.049733
1.050341
1.050949
1.051557
1.052163
1.052770
1.053375
1.053981
1.054585
1.055190
1.055793
1.056396
1.056999
1.057601
1.058202
1.058803
1.059403
1.060003
1.060602
1.061201
1.061799
1.062396
1.062992
1.063588
1.064184
1.064779
1.065373
1.065966
1.066559
1.067151
1.067743
1.068334
1.068924
1.069513
1.070102
1.070690
1.071278
1.071864
1.072450
1.073036
1.073620
1.074204
1.074787
1.075369
1.075951
1.076532
1.077112
1.077691
1.078270
1.078848
1.079425
1.080001
1.080577
1.081151
1.081725
1.082298
1.082870
1.083442
1.084013
1.084582
1.085151
1.085719
1.086287
1.086853
1.087419
1.087983
1.088547
1.089110
1.089672
1.090233
1.090794
1.091353
1.091911
1.092469
1.093026
1.093581
1.094136
1.094690
1.095243
1.095795
1.096346
1.096896
1.097446
1.097994
1.098541
1.099087
1.099633
1.100177
1.100720
1.101263
1.101804
1.102344
1.102884
1.103422
1.103959
1.104495
1.105031
1.105565
1.106098
1.106630
1.107161
1.107691
1.108220
1.108748
1.109275
1.109800
1.110325
1.110848
1.111371
1.111892
1.112412
1.112932
1.113450
1.113966
1.114482
1.114997
1.115510
1.116023
1.116534
1.117044
1.117553
1.118061
1.118567
1.119073
1.119577
1.120080
1.120582
1.121082
1.121582
1.122080
1.122577
1.123073
1.123568
1.124061
1.124554
1.125045
1.125534
1.126023
1.126510
1.126996
1.127481
1.127964
1.128447
1.128928
1.129407
1.129886
1.130363
1.130839
1.131313
1.131787
1.132258
1.132729
1.133199
1.133667
1.134133
1.134599
1.135063
1.135525
1.135987
1.136447
1.136906
1.137363
1.137819
1.138274
1.138727
1.139179
1.139629
1.140079
1.140526
1.140973
1.141418
1.141861
1.142303
1.142744
1.143184
1.143622
1.144058
1.144493
1.144927
1.145359
1.145790
1.146220
1.146648
1.147074
1.147499
1.147923
1.148345
1.148766
1.149185
1.149603
1.150019
1.150434
1.150847
1.151259
1.151669
1.152078
1.152485
1.152891
1.153295
1.153698
1.154099
1.154499
1.154897
1.155294
1.155689
1.156083
1.156475
1.156865
1.157254
1.157642
1.158028
1.158412
1.158795
1.159176
1.159556
1.159934
1.160310
1.160685
1.161058
1.161430
1.161800
1.162169
1.162536
1.162901
1.163265
1.163627
1.163987
1.164346
1.164704
1.165059
1.165413
1.165766
1.166116
1.166465
1.166813
1.167159
1.167503
1.167845
1.168186
1.168525
1.168863
1.169199
1.169533
1.169865
1.170196
1.170525
1.170853
1.171179
1.171503
1.171825
1.172146
1.172465
1.172782
1.173098
1.173412
1.173724
1.174034
1.174343
1.174650
1.174955
1.175259
1.175561
1.175861
1.176159
1.176456
1.176751
1.177044
1.177335
1.177625
1.177913
1.178199
1.178483
1.178766
1.179047
1.179326
1.179603
1.179879
1.180153
1.180425
1.180695
1.180963
1.181230
1.181495
1.181758
1.182019
1.182279
1.182536
1.182792
1.183046
1.183298
1.183549
1.183797
1.184044
1.184289
1.184533
1.184774
1.185013
1.185251
1.185487
1.185721
1.185953
1.186184
1.186412
1.186639
1.186864
1.187087
1.187308
1.187527
1.187745
1.187961
1.188174
1.188386
1.188596
1.188805
1.189011
1.189215
1.189418
1.189619
1.189818
1.190015
1.190210
1.190403
1.190594
1.190784
1.190971
1.191157
1.191341
1.191523
1.191703
1.191881
1.192057
1.192232
1.192404
1.192575
1.192743
1.192910
1.193075
1.193238
1.193399
1.193558
1.193715
1.193871
1.194024
1.194176
1.194325
1.194473
1.194618
1.194762
1.194904
1.195044
1.195182
1.195318
1.195453
1.195585
1.195715
1.195843
1.195970
1.196094
1.196217
1.196338
1.196456
1.196573
1.196688
1.196801
1.196912
1.197021
1.197128
1.197233
1.197336
1.197438
1.197537
1.197634
1.197730
1.197823
1.197914
1.198004
1.198092
1.198177
1.198261
1.198343
1.198422
1.198500
1.198576
1.198650
1.198722
1.198792
1.198860
1.198926
1.198990
1.199052
1.199112
1.199170
1.199226
1.199280
1.199333
1.199383
1.199431
1.199478
1.199522
1.199565
1.199605
1.199643
1.199680
1.199715
1.199747
1.199778
1.199806
1.199833
1.199858
1.199880
1.199901
1.199920
1.199937
1.199952
1.199964
1.199975
1.199984
1.199991
1.199996
1.199999
